0	0 0 1
1	0 1 0
2	1 0 0
3	0 0 1
4	0 1 0
5	1 0 0
6	0 0 1
7	0 0 1
8	0 0 1
9	1 0 0
10	0 0 1
11	0 1 0
12	0 0 1
13	0 1 0
14	1 0 0
15	0 1 0
16	1 0 0
17	1 0 0
18	0 1 0
19	0 1 0
20	0 0 1
21	0 0 1
22	0 0 1
23	0 1 0
24	0 0 1
25	1 0 0
26	0 0 1
27	0 0 1
28	1 0 0
29	0 0 1
30	0 0 1
31	0 0 1
32	0 0 1
33	1 0 0
34	0 1 0
35	0 1 0
36	0 0 1
37	1 0 0
38	0 1 0
39	1 0 0
40	0 1 0
41	0 1 0
42	0 0 1
43	0 0 1
44	0 0 1
45	0 1 0
46	0 0 1
47	0 1 0
48	0 1 0
49	0 1 0
50	1 0 0
51	0 1 0
52	0 1 0
53	0 1 0
54	0 0 1
55	0 0 1
56	1 0 0
57	0 1 0
58	1 0 0
59	1 0 0
60	1 0 0
61	0 0 1
62	0 0 1
63	0 0 1
64	1 0 0
65	0 0 1
66	0 1 0
67	0 0 1
68	1 0 0
69	0 0 1
70	1 0 0
71	0 1 0
72	1 0 0
73	0 1 0
74	0 0 1
75	0 1 0
76	1 0 0
77	1 0 0
78	0 0 1
79	1 0 0
80	0 1 0
81	1 0 0
82	0 1 0
83	0 1 0
84	0 0 1
85	1 0 0
86	0 0 1
87	0 0 1
88	1 0 0
89	0 1 0
90	0 1 0
91	0 0 1
92	0 1 0
93	0 1 0
94	1 0 0
95	1 0 0
96	0 1 0
97	1 0 0
98	0 0 1
99	0 1 0
100	0 1 0
101	0 0 1
102	1 0 0
103	1 0 0
104	0 0 1
105	0 1 0
106	0 0 1
107	0 1 0
108	1 0 0
109	1 0 0
110	1 0 0
111	1 0 0
112	0 1 0
113	0 0 1
114	1 0 0
115	0 0 1
116	0 0 1
117	0 0 1
118	0 0 1
119	0 1 0
120	1 0 0
121	0 1 0
122	0 0 1
123	0 0 1
124	1 0 0
125	0 0 1
126	0 1 0
127	0 1 0
128	0 0 1
129	0 1 0
130	0 1 0
131	0 0 1
132	0 0 1
133	0 0 1
134	1 0 0
135	0 0 1
136	0 0 1
137	0 0 1
138	0 1 0
139	1 0 0
140	0 1 0
141	1 0 0
142	0 0 1
143	1 0 0
144	1 0 0
145	1 0 0
146	0 0 1
147	0 0 1
148	0 0 1
149	0 1 0
150	0 1 0
151	0 1 0
152	0 1 0
153	0 0 1
154	0 0 1
155	1 0 0
156	0 1 0
157	1 0 0
158	1 0 0
159	0 1 0
160	0 1 0
161	0 1 0
162	1 0 0
163	0 1 0
164	0 0 1
165	0 1 0
166	1 0 0
167	0 1 0
168	1 0 0
169	0 0 1
170	1 0 0
171	1 0 0
172	1 0 0
173	0 0 1
174	0 1 0
175	1 0 0
176	1 0 0
177	0 1 0
178	1 0 0
179	0 0 1
180	0 0 1
181	0 0 1
182	1 0 0
183	1 0 0
184	1 0 0
185	0 0 1
186	1 0 0
187	0 1 0
188	1 0 0
189	0 1 0
190	0 0 1
191	0 0 1
192	0 1 0
193	0 1 0
194	1 0 0
195	1 0 0
196	0 1 0
197	1 0 0
198	1 0 0
199	1 0 0
200	0 0 1
201	1 0 0
202	1 0 0
203	0 0 1
204	0 0 1
205	1 0 0
206	0 1 0
207	0 0 1
208	1 0 0
209	0 1 0
210	1 0 0
211	0 1 0
212	0 0 1
213	0 1 0
214	1 0 0
215	0 1 0
216	0 0 1
217	0 1 0
218	0 0 1
219	1 0 0
220	1 0 0
221	0 1 0
222	0 1 0
223	0 0 1
224	1 0 0
225	0 1 0
226	0 1 0
227	0 1 0
228	1 0 0
229	0 0 1
230	1 0 0
231	0 0 1
232	1 0 0
233	1 0 0
234	0 1 0
235	0 1 0
236	0 1 0
237	1 0 0
238	0 0 1
239	1 0 0
240	1 0 0
241	1 0 0
242	0 0 1
243	1 0 0
244	0 1 0
245	0 1 0
246	0 1 0
247	0 0 1
248	1 0 0
249	1 0 0
250	1 0 0
251	1 0 0
252	0 1 0
253	0 0 1
254	0 0 1
255	0 0 1
256	1 0 0
257	0 1 0
258	1 0 0
259	0 1 0
260	1 0 0
261	0 0 1
262	1 0 0
263	0 0 1
264	0 1 0
265	1 0 0
266	0 0 1
267	0 0 1
268	0 0 1
269	1 0 0
270	1 0 0
271	1 0 0
272	0 0 1
273	0 1 0
274	0 0 1
275	0 1 0
276	1 0 0
277	1 0 0
278	1 0 0
279	1 0 0
280	0 1 0
281	1 0 0
282	0 0 1
283	0 1 0
284	1 0 0
285	0 1 0
286	0 1 0
287	0 0 1
288	0 0 1
289	1 0 0
290	0 1 0
291	1 0 0
292	1 0 0
293	0 1 0
294	0 1 0
295	0 1 0
296	1 0 0
297	0 0 1
298	0 0 1
299	0 1 0
300	0 1 0
301	0 0 1
302	0 1 0
303	1 0 0
304	1 0 0
305	0 0 1
306	0 1 0
307	0 0 1
308	0 0 1
309	0 0 1
310	0 1 0
311	0 1 0
312	0 1 0
313	0 1 0
314	0 1 0
315	0 0 1
316	1 0 0
317	0 1 0
318	0 1 0
319	0 1 0
320	0 1 0
321	0 0 1
322	0 0 1
323	1 0 0
324	0 1 0
325	0 1 0
326	0 0 1
327	0 1 0
328	0 0 1
329	0 0 1
330	0 0 1
331	0 0 1
332	0 0 1
333	1 0 0
334	0 0 1
335	1 0 0
336	1 0 0
337	0 1 0
338	0 1 0
339	0 1 0
340	0 1 0
341	0 0 1
342	0 1 0
343	1 0 0
344	1 0 0
345	0 1 0
346	0 0 1
347	0 0 1
348	0 0 1
349	0 0 1
350	1 0 0
351	0 0 1
352	0 1 0
353	1 0 0
354	1 0 0
355	1 0 0
356	1 0 0
357	0 0 1
358	1 0 0
359	0 0 1
360	0 0 1
361	0 1 0
362	1 0 0
363	1 0 0
364	1 0 0
365	0 0 1
366	0 1 0
367	1 0 0
368	1 0 0
369	1 0 0
370	1 0 0
371	0 0 1
372	0 1 0
373	1 0 0
374	1 0 0
375	0 1 0
376	1 0 0
377	0 1 0
378	0 0 1
379	0 1 0
380	0 1 0
381	0 1 0
382	1 0 0
383	0 1 0
384	1 0 0
385	0 0 1
386	0 0 1
387	0 1 0
388	0 1 0
389	0 1 0
390	0 1 0
391	1 0 0
392	0 1 0
393	0 0 1
394	1 0 0
395	1 0 0
396	0 1 0
397	0 1 0
398	0 0 1
399	0 0 1
400	1 0 0
401	0 1 0
402	0 0 1
403	1 0 0
404	1 0 0
405	0 0 1
406	0 1 0
407	1 0 0
408	0 1 0
409	0 0 1
410	1 0 0
411	1 0 0
412	0 1 0
413	0 0 1
414	1 0 0
415	0 0 1
416	0 0 1
417	0 1 0
418	0 0 1
419	0 1 0
420	1 0 0
421	0 0 1
422	0 1 0
423	0 1 0
424	0 0 1
425	0 1 0
426	0 0 1
427	0 0 1
428	1 0 0
429	0 0 1
430	1 0 0
431	0 1 0
432	1 0 0
433	0 1 0
434	0 1 0
435	0 1 0
436	0 1 0
437	0 0 1
438	0 1 0
439	1 0 0
440	0 1 0
441	0 0 1
442	0 0 1
443	0 0 1
444	0 1 0
445	0 1 0
446	1 0 0
447	0 1 0
448	1 0 0
449	0 1 0
450	0 0 1
451	0 1 0
452	1 0 0
453	0 0 1
454	0 0 1
455	0 1 0
456	0 0 1
457	0 0 1
458	0 0 1
459	0 1 0
460	0 0 1
461	0 0 1
462	1 0 0
463	0 0 1
464	0 1 0
465	1 0 0
466	0 0 1
467	0 0 1
468	1 0 0
469	0 0 1
470	0 1 0
471	0 1 0
472	1 0 0
473	0 0 1
474	1 0 0
475	0 0 1
476	0 1 0
477	0 0 1
478	0 1 0
479	0 0 1
480	1 0 0
481	1 0 0
482	0 0 1
483	1 0 0
484	0 1 0
485	0 1 0
486	1 0 0
487	1 0 0
488	0 1 0
489	1 0 0
490	0 1 0
491	1 0 0
492	1 0 0
493	0 0 1
494	0 1 0
495	0 0 1
496	0 1 0
497	0 0 1
498	1 0 0
499	1 0 0
500	0 1 0
501	1 0 0
502	0 0 1
503	1 0 0
504	0 0 1
505	1 0 0
506	0 0 1
507	1 0 0
508	1 0 0
509	0 0 1
510	0 0 1
511	1 0 0
512	0 0 1
513	0 1 0
514	1 0 0
515	0 0 1
516	1 0 0
517	0 1 0
518	0 1 0
519	0 1 0
520	1 0 0
521	1 0 0
522	1 0 0
523	0 1 0
524	0 0 1
525	0 0 1
526	1 0 0
527	1 0 0
528	1 0 0
529	1 0 0
530	0 1 0
531	0 1 0
532	1 0 0
533	0 0 1
534	1 0 0
535	0 0 1
536	0 1 0
537	0 1 0
538	1 0 0
539	0 1 0
540	0 1 0
541	0 0 1
542	0 1 0
543	0 1 0
544	0 0 1
545	0 1 0
546	0 0 1
547	0 0 1
548	0 0 1
549	0 0 1
550	1 0 0
551	0 1 0
552	1 0 0
553	0 1 0
554	1 0 0
555	1 0 0
556	0 0 1
557	1 0 0
558	1 0 0
559	0 0 1
560	1 0 0
561	1 0 0
562	0 0 1
563	0 0 1
564	1 0 0
565	0 1 0
566	0 1 0
567	1 0 0
568	0 0 1
569	0 0 1
570	1 0 0
571	0 0 1
572	0 0 1
573	1 0 0
574	0 0 1
575	1 0 0
576	0 0 1
577	0 0 1
578	1 0 0
579	1 0 0
580	1 0 0
581	0 0 1
582	0 0 1
583	0 1 0
584	0 0 1
585	0 0 1
586	0 0 1
587	0 0 1
588	1 0 0
589	0 0 1
590	1 0 0
591	0 1 0
592	0 1 0
593	1 0 0
594	0 0 1
595	0 1 0
596	1 0 0
597	1 0 0
598	0 0 1
599	0 1 0
600	0 1 0
601	1 0 0
602	0 1 0
603	0 0 1
604	0 1 0
605	0 0 1
606	1 0 0
607	0 1 0
608	1 0 0
609	1 0 0
610	0 1 0
611	1 0 0
612	0 0 1
613	0 0 1
614	1 0 0
615	0 0 1
616	0 1 0
617	0 0 1
618	0 0 1
619	0 1 0
620	0 1 0
621	0 0 1
622	0 0 1
623	1 0 0
624	1 0 0
625	0 0 1
626	0 1 0
627	1 0 0
628	1 0 0
629	0 1 0
630	0 1 0
631	0 1 0
632	0 0 1
633	1 0 0
634	1 0 0
635	1 0 0
636	0 1 0
637	0 1 0
638	0 0 1
639	0 1 0
640	1 0 0
641	0 0 1
642	0 0 1
643	0 1 0
644	0 0 1
645	0 0 1
646	0 1 0
647	0 1 0
648	0 1 0
649	0 1 0
650	1 0 0
651	1 0 0
652	0 1 0
653	0 0 1
654	1 0 0
655	0 1 0
656	1 0 0
657	0 0 1
658	1 0 0
659	0 0 1
660	0 0 1
661	0 1 0
662	0 1 0
663	0 0 1
664	1 0 0
665	0 0 1
666	0 1 0
667	0 0 1
668	0 1 0
669	0 1 0
670	0 0 1
671	0 0 1
672	0 0 1
673	0 1 0
674	0 1 0
675	0 0 1
676	0 0 1
677	0 0 1
678	0 1 0
679	0 1 0
680	0 0 1
681	0 0 1
682	0 0 1
683	0 0 1
684	1 0 0
685	1 0 0
686	0 0 1
687	0 0 1
688	0 1 0
689	1 0 0
690	0 1 0
691	1 0 0
692	0 0 1
693	1 0 0
694	0 0 1
695	1 0 0
696	1 0 0
697	1 0 0
698	0 1 0
699	0 1 0
700	0 0 1
701	1 0 0
702	0 0 1
703	0 1 0
704	0 1 0
705	1 0 0
706	0 1 0
707	0 0 1
708	0 1 0
709	0 0 1
710	0 1 0
711	1 0 0
712	0 1 0
713	1 0 0
714	1 0 0
715	0 1 0
716	1 0 0
717	0 0 1
718	1 0 0
719	0 0 1
720	0 0 1
721	0 1 0
722	1 0 0
723	1 0 0
724	0 1 0
725	1 0 0
726	0 0 1
727	0 0 1
728	1 0 0
729	1 0 0
730	0 1 0
731	0 1 0
732	1 0 0
733	0 1 0
734	1 0 0
735	1 0 0
736	0 0 1
737	1 0 0
738	1 0 0
739	1 0 0
740	1 0 0
741	0 0 1
742	1 0 0
743	1 0 0
744	0 0 1
745	1 0 0
746	1 0 0
747	1 0 0
748	1 0 0
749	1 0 0
750	0 1 0
751	1 0 0
752	0 0 1
753	0 1 0
754	1 0 0
755	0 1 0
756	1 0 0
757	1 0 0
758	0 0 1
759	1 0 0
760	0 0 1
761	0 1 0
762	0 1 0
763	0 1 0
764	0 0 1
765	0 1 0
766	1 0 0
767	0 1 0
768	0 0 1
769	0 1 0
770	0 1 0
771	0 1 0
772	0 1 0
773	1 0 0
774	1 0 0
775	1 0 0
776	1 0 0
777	0 0 1
778	0 0 1
779	0 0 1
780	0 1 0
781	1 0 0
782	0 1 0
783	1 0 0
784	0 0 1
785	1 0 0
786	1 0 0
787	1 0 0
788	1 0 0
789	1 0 0
790	0 0 1
791	1 0 0
792	0 0 1
793	0 1 0
794	1 0 0
795	0 0 1
796	0 0 1
797	0 0 1
798	1 0 0
799	1 0 0
800	1 0 0
801	1 0 0
802	0 0 1
803	0 0 1
804	0 1 0
805	0 0 1
806	0 0 1
807	0 1 0
808	0 0 1
809	1 0 0
810	0 1 0
811	0 0 1
812	1 0 0
813	0 1 0
814	0 0 1
815	0 0 1
816	1 0 0
817	1 0 0
818	1 0 0
819	0 0 1
820	1 0 0
821	0 1 0
822	0 0 1
823	1 0 0
824	0 1 0
825	0 1 0
826	1 0 0
827	0 1 0
828	0 1 0
829	0 1 0
830	1 0 0
831	0 0 1
832	0 1 0
833	1 0 0
834	1 0 0
835	0 1 0
836	1 0 0
837	0 0 1
838	0 0 1
839	0 1 0
840	0 1 0
841	0 0 1
842	1 0 0
843	1 0 0
844	1 0 0
845	1 0 0
846	0 0 1
847	1 0 0
848	0 0 1
849	1 0 0
850	0 0 1
851	1 0 0
852	1 0 0
853	0 0 1
854	0 1 0
855	0 1 0
856	1 0 0
857	0 1 0
858	0 0 1
859	0 1 0
860	0 1 0
861	0 0 1
862	0 1 0
863	1 0 0
864	0 0 1
865	0 1 0
866	1 0 0
867	0 0 1
868	0 0 1
869	0 0 1
870	0 1 0
871	1 0 0
872	1 0 0
873	1 0 0
874	1 0 0
875	1 0 0
876	0 1 0
877	1 0 0
878	0 0 1
879	0 0 1
880	1 0 0
881	1 0 0
882	0 1 0
883	0 0 1
884	1 0 0
885	0 1 0
886	0 0 1
887	0 1 0
888	0 1 0
889	1 0 0
890	0 1 0
891	1 0 0
892	1 0 0
893	0 1 0
894	0 0 1
895	0 0 1
896	0 1 0
897	0 0 1
898	0 0 1
899	0 0 1
900	1 0 0
901	1 0 0
902	0 1 0
903	1 0 0
904	0 0 1
905	1 0 0
906	0 1 0
907	1 0 0
908	1 0 0
909	0 0 1
910	1 0 0
911	0 0 1
912	0 0 1
913	1 0 0
914	0 0 1
915	0 1 0
916	0 1 0
917	0 0 1
918	1 0 0
919	1 0 0
920	0 1 0
921	0 0 1
922	0 0 1
923	0 1 0
924	1 0 0
925	1 0 0
926	0 1 0
927	1 0 0
928	1 0 0
929	1 0 0
930	0 1 0
931	1 0 0
932	0 0 1
933	0 0 1
934	1 0 0
935	1 0 0
936	0 1 0
937	0 1 0
938	0 1 0
939	0 0 1
940	0 1 0
941	0 1 0
942	0 0 1
943	1 0 0
944	1 0 0
945	1 0 0
946	1 0 0
947	0 0 1
948	0 0 1
949	0 0 1
950	1 0 0
951	0 1 0
952	0 0 1
953	1 0 0
954	1 0 0
955	0 1 0
956	0 1 0
957	0 0 1
958	1 0 0
959	0 1 0
960	0 0 1
961	1 0 0
962	0 0 1
963	1 0 0
964	0 0 1
965	1 0 0
966	0 0 1
967	0 0 1
968	0 1 0
969	0 1 0
970	0 1 0
971	1 0 0
972	0 0 1
973	1 0 0
974	1 0 0
975	1 0 0
976	0 1 0
977	1 0 0
978	0 0 1
979	0 1 0
980	1 0 0
981	0 1 0
982	0 0 1
983	0 0 1
984	1 0 0
985	0 1 0
986	0 0 1
987	1 0 0
988	0 0 1
989	0 0 1
990	1 0 0
991	0 0 1
992	0 1 0
993	1 0 0
994	0 1 0
995	0 1 0
996	0 0 1
997	0 1 0
998	0 1 0
999	0 1 0
1000	0 1 0
1001	0 1 0
1002	0 1 0
1003	0 0 1
1004	1 0 0
1005	0 1 0
1006	0 0 1
1007	0 0 1
1008	1 0 0
1009	0 0 1
1010	0 0 1
1011	0 0 1
1012	0 1 0
1013	0 1 0
1014	0 1 0
1015	1 0 0
1016	1 0 0
1017	0 0 1
1018	0 1 0
1019	0 0 1
1020	0 0 1
1021	0 0 1
1022	0 0 1
1023	0 1 0
1024	0 1 0
1025	0 0 1
1026	0 0 1
1027	0 0 1
1028	0 1 0
1029	1 0 0
1030	0 1 0
1031	0 0 1
1032	0 0 1
1033	0 0 1
1034	0 0 1
1035	1 0 0
1036	0 1 0
1037	0 0 1
1038	1 0 0
1039	0 1 0
1040	1 0 0
1041	1 0 0
1042	0 1 0
1043	0 0 1
1044	0 1 0
1045	0 0 1
1046	0 0 1
1047	0 1 0
1048	0 0 1
1049	0 1 0
1050	0 0 1
1051	0 1 0
1052	0 0 1
1053	1 0 0
1054	0 1 0
1055	1 0 0
1056	0 0 1
1057	0 1 0
1058	0 0 1
1059	0 1 0
1060	0 1 0
1061	1 0 0
1062	0 1 0
1063	1 0 0
1064	1 0 0
1065	0 0 1
1066	1 0 0
1067	0 1 0
1068	0 1 0
1069	0 1 0
1070	0 1 0
1071	0 0 1
1072	1 0 0
1073	0 0 1
1074	1 0 0
1075	0 0 1
1076	1 0 0
1077	1 0 0
1078	0 1 0
1079	1 0 0
1080	0 0 1
1081	0 1 0
1082	0 0 1
1083	0 1 0
1084	0 0 1
1085	1 0 0
1086	0 0 1
1087	1 0 0
1088	1 0 0
1089	0 1 0
1090	0 0 1
1091	0 1 0
1092	0 1 0
1093	0 0 1
1094	0 1 0
1095	0 1 0
1096	0 1 0
1097	1 0 0
1098	0 1 0
1099	1 0 0
1100	0 0 1
1101	0 0 1
1102	1 0 0
1103	0 0 1
1104	1 0 0
1105	0 0 1
1106	1 0 0
1107	0 0 1
1108	1 0 0
1109	0 0 1
1110	1 0 0
1111	0 0 1
1112	1 0 0
1113	0 1 0
1114	0 0 1
1115	1 0 0
1116	0 1 0
1117	0 1 0
1118	1 0 0
1119	0 0 1
1120	0 1 0
1121	0 0 1
1122	1 0 0
1123	0 1 0
1124	1 0 0
1125	0 1 0
1126	0 1 0
1127	1 0 0
1128	0 0 1
1129	1 0 0
1130	0 0 1
1131	1 0 0
1132	1 0 0
1133	1 0 0
1134	0 0 1
1135	1 0 0
1136	1 0 0
1137	0 0 1
1138	0 1 0
1139	0 1 0
1140	0 0 1
1141	0 0 1
1142	0 0 1
1143	1 0 0
1144	0 0 1
1145	0 1 0
1146	0 0 1
1147	1 0 0
1148	0 0 1
1149	1 0 0
1150	1 0 0
1151	0 0 1
1152	1 0 0
1153	0 1 0
1154	0 0 1
1155	0 0 1
1156	0 1 0
1157	1 0 0
1158	1 0 0
1159	0 0 1
1160	0 1 0
1161	0 0 1
1162	1 0 0
1163	0 0 1
1164	0 1 0
1165	0 1 0
1166	0 1 0
1167	0 0 1
1168	0 1 0
1169	0 1 0
1170	0 1 0
1171	1 0 0
1172	1 0 0
1173	0 1 0
1174	1 0 0
1175	0 0 1
1176	0 1 0
1177	0 1 0
1178	1 0 0
1179	1 0 0
1180	0 1 0
1181	0 1 0
1182	0 0 1
1183	1 0 0
1184	0 1 0
1185	0 1 0
1186	1 0 0
1187	0 1 0
1188	1 0 0
1189	1 0 0
1190	0 0 1
1191	0 1 0
1192	0 0 1
1193	1 0 0
1194	0 0 1
1195	1 0 0
1196	0 0 1
1197	0 0 1
1198	0 0 1
1199	0 1 0
1200	0 1 0
1201	0 0 1
1202	1 0 0
1203	1 0 0
1204	0 0 1
1205	0 1 0
1206	0 1 0
1207	0 0 1
1208	0 1 0
1209	1 0 0
1210	0 1 0
1211	1 0 0
1212	0 0 1
1213	0 1 0
1214	0 1 0
1215	0 0 1
1216	0 0 1
1217	0 1 0
1218	1 0 0
1219	0 0 1
1220	1 0 0
1221	1 0 0
1222	1 0 0
1223	1 0 0
1224	0 1 0
1225	0 0 1
1226	0 1 0
1227	0 0 1
1228	0 0 1
1229	1 0 0
1230	0 0 1
1231	1 0 0
1232	0 0 1
1233	0 1 0
1234	1 0 0
1235	1 0 0
1236	0 0 1
1237	0 1 0
1238	1 0 0
1239	0 1 0
1240	0 1 0
1241	0 0 1
1242	0 0 1
1243	1 0 0
1244	0 1 0
1245	0 1 0
1246	0 1 0
1247	1 0 0
1248	0 0 1
1249	1 0 0
1250	1 0 0
1251	0 0 1
1252	0 0 1
1253	0 0 1
1254	0 0 1
1255	0 1 0
1256	0 0 1
1257	0 1 0
1258	0 1 0
1259	0 1 0
1260	0 0 1
1261	1 0 0
1262	0 0 1
1263	0 0 1
1264	0 1 0
1265	0 0 1
1266	1 0 0
1267	0 0 1
1268	1 0 0
1269	0 0 1
1270	0 1 0
1271	0 1 0
1272	0 1 0
1273	0 1 0
1274	0 0 1
1275	1 0 0
1276	1 0 0
1277	0 1 0
1278	1 0 0
1279	1 0 0
1280	0 1 0
1281	0 0 1
1282	0 1 0
1283	1 0 0
1284	0 0 1
1285	1 0 0
1286	0 1 0
1287	1 0 0
1288	0 0 1
1289	1 0 0
1290	1 0 0
1291	1 0 0
1292	0 1 0
1293	0 1 0
1294	0 0 1
1295	0 1 0
1296	0 0 1
1297	0 0 1
1298	0 1 0
1299	0 0 1
1300	0 1 0
1301	0 0 1
1302	1 0 0
1303	1 0 0
1304	0 0 1
1305	0 0 1
1306	0 1 0
1307	0 0 1
1308	0 1 0
1309	1 0 0
1310	0 0 1
1311	0 0 1
1312	1 0 0
1313	0 0 1
1314	0 0 1
1315	0 0 1
1316	0 1 0
1317	0 1 0
1318	0 1 0
1319	0 0 1
1320	0 1 0
1321	0 0 1
1322	0 0 1
1323	1 0 0
1324	1 0 0
1325	0 0 1
1326	0 1 0
1327	1 0 0
1328	1 0 0
1329	0 1 0
1330	0 1 0
1331	0 0 1
1332	0 0 1
1333	1 0 0
1334	1 0 0
1335	0 1 0
1336	1 0 0
1337	0 1 0
1338	1 0 0
1339	0 1 0
1340	1 0 0
1341	1 0 0
1342	0 0 1
1343	0 1 0
1344	0 1 0
1345	0 0 1
1346	1 0 0
1347	1 0 0
1348	1 0 0
1349	1 0 0
1350	1 0 0
1351	1 0 0
1352	0 0 1
1353	0 0 1
1354	0 1 0
1355	1 0 0
1356	1 0 0
1357	0 0 1
1358	1 0 0
1359	0 0 1
1360	0 1 0
1361	1 0 0
1362	0 0 1
1363	1 0 0
1364	0 1 0
1365	0 1 0
1366	1 0 0
1367	0 1 0
1368	0 0 1
1369	0 0 1
1370	0 0 1
1371	0 0 1
1372	0 0 1
1373	0 1 0
1374	0 0 1
1375	1 0 0
1376	1 0 0
1377	0 1 0
1378	1 0 0
1379	1 0 0
1380	0 0 1
1381	0 1 0
1382	0 0 1
1383	0 0 1
1384	0 0 1
1385	0 1 0
1386	0 1 0
1387	0 1 0
1388	0 1 0
1389	1 0 0
1390	1 0 0
1391	0 1 0
1392	1 0 0
1393	0 0 1
1394	0 1 0
1395	1 0 0
1396	0 1 0
1397	1 0 0
1398	1 0 0
1399	1 0 0
1400	0 0 1
1401	0 1 0
1402	0 0 1
1403	1 0 0
1404	0 1 0
1405	1 0 0
1406	1 0 0
1407	0 1 0
1408	1 0 0
1409	0 1 0
1410	1 0 0
1411	1 0 0
1412	1 0 0
1413	1 0 0
1414	0 0 1
1415	0 1 0
1416	0 1 0
1417	0 0 1
1418	0 0 1
1419	0 0 1
1420	0 1 0
1421	0 1 0
1422	0 0 1
1423	0 1 0
1424	0 1 0
1425	0 1 0
1426	0 0 1
1427	1 0 0
1428	1 0 0
1429	1 0 0
1430	1 0 0
1431	0 0 1
1432	1 0 0
1433	1 0 0
1434	0 1 0
1435	1 0 0
1436	1 0 0
1437	0 0 1
1438	0 0 1
1439	0 0 1
1440	0 1 0
1441	0 0 1
1442	0 0 1
1443	0 1 0
1444	0 1 0
1445	0 1 0
1446	0 1 0
1447	0 1 0
1448	1 0 0
1449	0 1 0
1450	0 0 1
1451	1 0 0
1452	0 1 0
1453	1 0 0
1454	0 1 0
1455	0 1 0
1456	1 0 0
1457	0 0 1
1458	1 0 0
1459	1 0 0
1460	0 0 1
1461	0 0 1
1462	0 0 1
1463	0 1 0
1464	0 1 0
1465	0 0 1
1466	0 1 0
1467	0 0 1
1468	0 1 0
1469	1 0 0
1470	0 0 1
1471	1 0 0
1472	1 0 0
1473	0 1 0
1474	1 0 0
1475	0 0 1
1476	0 0 1
1477	0 1 0
1478	0 1 0
1479	1 0 0
1480	1 0 0
1481	0 0 1
1482	1 0 0
1483	0 0 1
1484	0 1 0
1485	0 0 1
1486	0 0 1
1487	0 1 0
1488	1 0 0
1489	1 0 0
1490	1 0 0
1491	1 0 0
1492	1 0 0
1493	0 1 0
1494	0 0 1
1495	0 1 0
1496	0 1 0
1497	1 0 0
1498	0 0 1
1499	0 0 1
1500	0 1 0
1501	1 0 0
1502	0 0 1
1503	1 0 0
1504	0 0 1
1505	1 0 0
1506	0 1 0
1507	0 1 0
1508	1 0 0
1509	0 0 1
1510	0 0 1
1511	0 0 1
1512	0 0 1
1513	0 1 0
1514	0 0 1
1515	0 0 1
1516	0 1 0
1517	1 0 0
1518	0 1 0
1519	0 0 1
1520	1 0 0
1521	0 0 1
1522	1 0 0
1523	0 0 1
1524	1 0 0
1525	0 1 0
1526	0 0 1
1527	0 1 0
1528	0 1 0
1529	0 1 0
1530	1 0 0
1531	1 0 0
1532	0 0 1
1533	0 0 1
1534	0 1 0
1535	0 1 0
1536	0 0 1
1537	0 0 1
1538	0 1 0
1539	0 0 1
1540	1 0 0
1541	0 1 0
1542	1 0 0
1543	1 0 0
1544	0 0 1
1545	0 0 1
1546	0 1 0
1547	0 1 0
1548	0 1 0
1549	0 0 1
1550	0 1 0
1551	1 0 0
1552	0 1 0
1553	0 0 1
1554	1 0 0
1555	0 0 1
1556	0 1 0
1557	0 1 0
1558	1 0 0
1559	0 0 1
1560	0 1 0
1561	0 0 1
1562	0 0 1
1563	1 0 0
1564	1 0 0
1565	0 1 0
1566	0 0 1
1567	0 0 1
1568	1 0 0
1569	1 0 0
1570	0 0 1
1571	0 1 0
1572	0 1 0
1573	0 1 0
1574	0 0 1
1575	0 1 0
1576	0 1 0
1577	1 0 0
1578	1 0 0
1579	1 0 0
1580	1 0 0
1581	1 0 0
1582	1 0 0
1583	0 1 0
1584	1 0 0
1585	0 1 0
1586	0 1 0
1587	1 0 0
1588	0 0 1
1589	1 0 0
1590	0 0 1
1591	1 0 0
1592	0 1 0
1593	0 0 1
1594	1 0 0
1595	1 0 0
1596	0 0 1
1597	0 1 0
1598	0 0 1
1599	1 0 0
1600	0 1 0
1601	1 0 0
1602	1 0 0
1603	0 1 0
1604	1 0 0
1605	0 1 0
1606	1 0 0
1607	0 1 0
1608	0 0 1
1609	0 0 1
1610	0 1 0
1611	0 1 0
1612	1 0 0
1613	1 0 0
1614	0 0 1
1615	1 0 0
1616	1 0 0
1617	0 0 1
1618	0 1 0
1619	0 0 1
1620	1 0 0
1621	1 0 0
1622	1 0 0
1623	0 1 0
1624	1 0 0
1625	1 0 0
1626	1 0 0
1627	0 1 0
1628	0 1 0
1629	1 0 0
1630	0 1 0
1631	1 0 0
1632	1 0 0
1633	0 0 1
1634	0 1 0
1635	1 0 0
1636	0 1 0
1637	0 1 0
1638	0 0 1
1639	0 1 0
1640	0 1 0
1641	0 0 1
1642	0 1 0
1643	1 0 0
1644	0 0 1
1645	0 0 1
1646	0 0 1
1647	1 0 0
1648	0 1 0
1649	0 1 0
1650	1 0 0
1651	0 0 1
1652	1 0 0
1653	0 0 1
1654	1 0 0
1655	0 0 1
1656	0 1 0
1657	1 0 0
1658	0 1 0
1659	0 0 1
1660	1 0 0
1661	1 0 0
1662	0 1 0
1663	0 0 1
1664	0 1 0
1665	1 0 0
1666	0 1 0
1667	0 1 0
1668	0 1 0
1669	0 1 0
1670	0 0 1
1671	0 1 0
1672	1 0 0
1673	0 0 1
1674	1 0 0
1675	0 0 1
1676	0 0 1
1677	1 0 0
1678	0 0 1
1679	0 1 0
1680	1 0 0
1681	0 0 1
1682	0 1 0
1683	0 1 0
1684	1 0 0
1685	0 0 1
1686	1 0 0
1687	0 0 1
1688	0 1 0
1689	0 1 0
1690	0 0 1
1691	0 1 0
1692	1 0 0
1693	0 0 1
1694	0 0 1
1695	0 1 0
1696	0 1 0
1697	1 0 0
1698	1 0 0
1699	1 0 0
1700	0 1 0
1701	0 1 0
1702	0 0 1
1703	0 1 0
1704	0 1 0
1705	0 0 1
1706	0 1 0
1707	0 1 0
1708	0 0 1
1709	0 0 1
1710	0 1 0
1711	0 1 0
1712	1 0 0
1713	1 0 0
1714	0 1 0
1715	1 0 0
1716	0 0 1
1717	0 1 0
1718	0 0 1
1719	1 0 0
1720	0 0 1
1721	0 0 1
1722	1 0 0
1723	0 1 0
1724	0 1 0
1725	1 0 0
1726	0 1 0
1727	0 0 1
1728	0 0 1
1729	0 0 1
1730	1 0 0
1731	0 0 1
1732	1 0 0
1733	0 0 1
1734	0 0 1
1735	1 0 0
1736	1 0 0
1737	0 1 0
1738	0 0 1
1739	0 1 0
1740	0 0 1
1741	1 0 0
1742	1 0 0
1743	1 0 0
1744	1 0 0
1745	0 1 0
1746	1 0 0
1747	0 1 0
1748	0 1 0
1749	0 1 0
1750	0 1 0
1751	1 0 0
1752	0 1 0
1753	0 1 0
1754	0 1 0
1755	0 0 1
1756	0 0 1
1757	0 1 0
1758	0 1 0
1759	1 0 0
1760	0 0 1
1761	0 1 0
1762	0 1 0
1763	0 1 0
1764	0 0 1
1765	1 0 0
1766	1 0 0
1767	0 1 0
1768	0 0 1
1769	0 1 0
1770	0 0 1
1771	1 0 0
1772	0 0 1
1773	0 1 0
1774	1 0 0
1775	0 0 1
1776	0 0 1
1777	1 0 0
1778	0 0 1
1779	1 0 0
1780	0 0 1
1781	0 1 0
1782	0 0 1
1783	0 0 1
1784	1 0 0
1785	1 0 0
1786	1 0 0
1787	0 1 0
1788	1 0 0
1789	0 0 1
1790	1 0 0
1791	0 1 0
1792	1 0 0
1793	0 1 0
1794	0 0 1
1795	0 1 0
1796	1 0 0
1797	0 0 1
1798	0 1 0
1799	0 0 1
1800	0 1 0
1801	0 1 0
1802	0 0 1
1803	0 1 0
1804	1 0 0
1805	0 0 1
1806	1 0 0
1807	1 0 0
1808	1 0 0
1809	1 0 0
1810	0 0 1
1811	0 0 1
1812	0 0 1
1813	1 0 0
1814	0 1 0
1815	1 0 0
1816	0 1 0
1817	0 0 1
1818	0 1 0
1819	1 0 0
1820	1 0 0
1821	1 0 0
1822	0 1 0
1823	0 0 1
1824	0 1 0
1825	1 0 0
1826	1 0 0
1827	0 1 0
1828	0 1 0
1829	0 1 0
1830	0 1 0
1831	1 0 0
1832	0 0 1
1833	0 0 1
1834	1 0 0
1835	1 0 0
1836	0 1 0
1837	1 0 0
1838	0 1 0
1839	0 0 1
1840	0 0 1
1841	0 1 0
1842	0 0 1
1843	1 0 0
1844	1 0 0
1845	0 1 0
1846	0 1 0
1847	1 0 0
1848	1 0 0
1849	0 0 1
1850	1 0 0
1851	0 0 1
1852	0 0 1
1853	1 0 0
1854	0 0 1
1855	0 1 0
1856	0 0 1
1857	1 0 0
1858	0 1 0
1859	1 0 0
1860	1 0 0
1861	0 1 0
1862	0 1 0
1863	1 0 0
1864	1 0 0
1865	0 0 1
1866	1 0 0
1867	0 0 1
1868	0 0 1
1869	0 0 1
1870	0 0 1
1871	1 0 0
1872	1 0 0
1873	1 0 0
1874	1 0 0
1875	1 0 0
1876	0 0 1
1877	0 1 0
1878	0 0 1
1879	0 1 0
1880	0 0 1
1881	0 1 0
1882	0 0 1
1883	0 0 1
1884	0 0 1
1885	1 0 0
1886	1 0 0
1887	1 0 0
1888	0 1 0
1889	0 1 0
1890	0 0 1
1891	0 1 0
1892	1 0 0
1893	0 1 0
1894	1 0 0
1895	0 1 0
1896	1 0 0
1897	0 0 1
1898	0 1 0
1899	1 0 0
1900	0 1 0
1901	1 0 0
1902	0 1 0
1903	0 1 0
1904	0 0 1
1905	0 0 1
1906	0 1 0
1907	0 0 1
1908	0 1 0
1909	0 0 1
1910	0 1 0
1911	0 0 1
1912	1 0 0
1913	0 0 1
1914	0 1 0
1915	1 0 0
1916	1 0 0
1917	1 0 0
1918	1 0 0
1919	0 1 0
1920	0 1 0
1921	0 1 0
1922	0 0 1
1923	1 0 0
1924	0 0 1
1925	0 0 1
1926	0 0 1
1927	0 1 0
1928	1 0 0
1929	1 0 0
1930	0 0 1
1931	1 0 0
1932	0 1 0
1933	0 1 0
1934	0 1 0
1935	0 1 0
1936	1 0 0
1937	1 0 0
1938	0 1 0
1939	0 1 0
1940	0 0 1
1941	0 1 0
1942	0 1 0
1943	0 0 1
1944	1 0 0
1945	1 0 0
1946	0 1 0
1947	0 1 0
1948	0 0 1
1949	0 0 1
1950	1 0 0
1951	0 1 0
1952	1 0 0
1953	1 0 0
1954	0 1 0
1955	0 1 0
1956	1 0 0
1957	0 1 0
1958	0 0 1
1959	1 0 0
1960	0 0 1
1961	0 1 0
1962	1 0 0
1963	0 1 0
1964	0 0 1
1965	1 0 0
1966	0 0 1
1967	0 0 1
1968	0 0 1
1969	1 0 0
1970	1 0 0
1971	1 0 0
1972	0 1 0
1973	0 0 1
1974	1 0 0
1975	0 1 0
1976	0 1 0
1977	0 1 0
1978	0 1 0
1979	1 0 0
1980	0 1 0
1981	0 0 1
1982	1 0 0
1983	0 1 0
1984	1 0 0
1985	0 0 1
1986	1 0 0
1987	0 0 1
1988	0 0 1
1989	0 1 0
1990	0 0 1
1991	0 0 1
1992	1 0 0
1993	0 0 1
1994	0 0 1
1995	0 1 0
1996	1 0 0
1997	1 0 0
1998	1 0 0
1999	0 0 1
2000	0 0 1
2001	0 0 1
2002	0 1 0
2003	0 0 1
2004	0 0 1
2005	1 0 0
2006	0 0 1
2007	0 0 1
2008	0 1 0
2009	0 0 1
2010	1 0 0
2011	0 0 1
2012	0 1 0
2013	0 1 0
2014	0 0 1
2015	0 0 1
2016	1 0 0
2017	0 0 1
2018	0 1 0
2019	1 0 0
2020	0 0 1
2021	0 1 0
2022	0 1 0
2023	0 0 1
2024	0 1 0
2025	1 0 0
2026	0 1 0
2027	0 1 0
2028	0 1 0
2029	0 0 1
2030	1 0 0
2031	0 1 0
2032	0 1 0
2033	0 1 0
2034	1 0 0
2035	1 0 0
2036	0 0 1
2037	0 1 0
2038	1 0 0
2039	0 1 0
2040	1 0 0
2041	0 0 1
2042	1 0 0
2043	0 1 0
2044	0 0 1
2045	1 0 0
2046	0 0 1
2047	1 0 0
2048	0 1 0
2049	1 0 0
2050	0 0 1
2051	0 1 0
2052	0 1 0
2053	0 0 1
2054	0 1 0
2055	1 0 0
2056	0 1 0
2057	0 0 1
2058	0 1 0
2059	0 1 0
2060	1 0 0
2061	1 0 0
2062	1 0 0
2063	0 0 1
2064	0 0 1
2065	0 0 1
2066	0 1 0
2067	0 1 0
2068	0 0 1
2069	0 0 1
2070	0 0 1
2071	0 1 0
2072	0 1 0
2073	1 0 0
2074	0 1 0
2075	0 0 1
2076	0 0 1
2077	0 0 1
2078	0 0 1
2079	1 0 0
2080	1 0 0
2081	0 1 0
2082	1 0 0
2083	0 1 0
2084	0 0 1
2085	1 0 0
2086	0 1 0
2087	1 0 0
2088	0 0 1
2089	0 0 1
2090	1 0 0
2091	1 0 0
2092	0 1 0
2093	1 0 0
2094	0 0 1
2095	0 0 1
2096	0 0 1
2097	0 0 1
2098	0 1 0
2099	0 1 0
2100	1 0 0
2101	1 0 0
2102	1 0 0
2103	0 1 0
2104	0 0 1
2105	1 0 0
2106	1 0 0
2107	0 0 1
2108	0 0 1
2109	0 1 0
2110	1 0 0
2111	0 1 0
2112	0 1 0
2113	0 0 1
2114	0 0 1
2115	0 0 1
2116	0 0 1
2117	1 0 0
2118	0 0 1
2119	1 0 0
2120	0 0 1
2121	1 0 0
2122	0 1 0
2123	0 0 1
2124	1 0 0
2125	0 1 0
2126	0 1 0
2127	0 0 1
2128	0 1 0
2129	0 0 1
2130	0 1 0
2131	0 0 1
2132	0 1 0
2133	0 1 0
2134	0 1 0
2135	0 1 0
2136	0 0 1
2137	0 1 0
2138	0 0 1
2139	0 1 0
2140	0 1 0
2141	0 1 0
2142	1 0 0
2143	0 0 1
2144	0 1 0
2145	1 0 0
2146	1 0 0
2147	0 1 0
2148	0 0 1
2149	0 1 0
2150	0 0 1
2151	0 1 0
2152	0 0 1
2153	0 0 1
2154	0 0 1
2155	0 1 0
2156	1 0 0
2157	1 0 0
2158	0 1 0
2159	0 1 0
2160	0 1 0
2161	1 0 0
2162	1 0 0
2163	0 1 0
2164	1 0 0
2165	0 1 0
2166	0 0 1
2167	0 1 0
2168	0 0 1
2169	1 0 0
2170	0 0 1
2171	0 1 0
2172	1 0 0
2173	0 0 1
2174	0 0 1
2175	0 1 0
2176	0 1 0
2177	1 0 0
2178	0 0 1
2179	0 1 0
2180	0 0 1
2181	0 0 1
2182	1 0 0
2183	1 0 0
2184	0 1 0
2185	1 0 0
2186	1 0 0
2187	1 0 0
2188	0 0 1
2189	0 1 0
2190	0 0 1
2191	0 1 0
2192	0 1 0
2193	0 1 0
2194	0 1 0
2195	0 1 0
2196	0 1 0
2197	0 1 0
2198	1 0 0
2199	0 0 1
2200	0 0 1
2201	0 0 1
2202	1 0 0
2203	0 0 1
2204	0 0 1
2205	0 1 0
2206	0 0 1
2207	1 0 0
2208	0 1 0
2209	0 1 0
2210	0 1 0
2211	0 1 0
2212	0 0 1
2213	0 1 0
2214	0 0 1
2215	0 0 1
2216	1 0 0
2217	1 0 0
2218	0 1 0
2219	0 1 0
2220	0 1 0
2221	0 1 0
2222	0 1 0
2223	0 1 0
2224	0 1 0
2225	0 1 0
2226	1 0 0
2227	1 0 0
2228	0 1 0
2229	0 1 0
2230	0 1 0
2231	1 0 0
2232	1 0 0
2233	0 1 0
2234	0 1 0
2235	0 0 1
2236	0 0 1
2237	0 0 1
2238	0 0 1
2239	1 0 0
2240	0 1 0
2241	0 1 0
2242	0 0 1
2243	1 0 0
2244	0 1 0
2245	1 0 0
2246	0 1 0
2247	0 0 1
2248	0 0 1
2249	1 0 0
2250	0 1 0
2251	1 0 0
2252	0 0 1
2253	0 0 1
2254	0 1 0
2255	0 1 0
2256	0 0 1
2257	1 0 0
2258	0 0 1
2259	0 0 1
2260	0 0 1
2261	0 1 0
2262	1 0 0
2263	0 0 1
2264	1 0 0
2265	0 0 1
2266	0 1 0
2267	1 0 0
2268	1 0 0
2269	0 1 0
2270	0 0 1
2271	0 1 0
2272	1 0 0
2273	0 0 1
2274	1 0 0
2275	0 1 0
2276	0 0 1
2277	1 0 0
2278	0 1 0
2279	1 0 0
2280	1 0 0
2281	1 0 0
2282	0 1 0
2283	1 0 0
2284	0 0 1
2285	1 0 0
2286	0 0 1
2287	0 1 0
2288	0 1 0
2289	0 1 0
2290	1 0 0
2291	0 1 0
2292	0 0 1
2293	0 0 1
2294	0 0 1
2295	0 0 1
2296	0 0 1
2297	0 1 0
2298	0 0 1
2299	1 0 0
2300	0 0 1
2301	1 0 0
2302	0 1 0
2303	0 0 1
2304	1 0 0
2305	1 0 0
2306	1 0 0
2307	1 0 0
2308	0 0 1
2309	1 0 0
2310	1 0 0
2311	0 0 1
2312	1 0 0
2313	1 0 0
2314	0 0 1
2315	0 0 1
2316	0 0 1
2317	0 0 1
2318	0 0 1
2319	0 0 1
2320	0 0 1
2321	0 0 1
2322	0 1 0
2323	0 0 1
2324	1 0 0
2325	1 0 0
2326	0 1 0
2327	0 0 1
2328	0 0 1
2329	1 0 0
2330	0 0 1
2331	0 1 0
2332	0 0 1
2333	1 0 0
2334	0 1 0
2335	0 1 0
2336	0 1 0
2337	1 0 0
2338	1 0 0
2339	0 0 1
2340	1 0 0
2341	1 0 0
2342	0 1 0
2343	1 0 0
2344	1 0 0
2345	1 0 0
2346	0 1 0
2347	0 1 0
2348	0 1 0
2349	0 1 0
2350	1 0 0
2351	0 0 1
2352	1 0 0
2353	0 0 1
2354	0 1 0
2355	0 1 0
2356	0 0 1
2357	0 0 1
2358	0 0 1
2359	1 0 0
2360	0 1 0
2361	0 1 0
2362	1 0 0
2363	0 1 0
2364	1 0 0
2365	0 1 0
2366	1 0 0
2367	1 0 0
2368	0 1 0
2369	0 0 1
2370	0 1 0
2371	1 0 0
2372	0 1 0
2373	1 0 0
2374	1 0 0
2375	1 0 0
2376	0 0 1
2377	0 1 0
2378	0 1 0
2379	0 1 0
2380	0 0 1
2381	0 0 1
2382	1 0 0
2383	0 0 1
2384	0 0 1
2385	0 0 1
2386	1 0 0
2387	1 0 0
2388	0 0 1
2389	0 0 1
2390	0 0 1
2391	1 0 0
2392	1 0 0
2393	0 0 1
2394	0 0 1
2395	0 0 1
2396	1 0 0
2397	1 0 0
2398	0 1 0
2399	1 0 0
2400	0 1 0
2401	1 0 0
2402	0 0 1
2403	0 0 1
2404	0 1 0
2405	0 1 0
2406	0 0 1
2407	0 1 0
2408	0 1 0
2409	0 0 1
2410	0 1 0
2411	1 0 0
2412	0 1 0
2413	0 0 1
2414	0 0 1
2415	0 1 0
2416	0 1 0
2417	0 0 1
2418	0 0 1
2419	0 0 1
2420	0 0 1
2421	0 0 1
2422	0 0 1
2423	0 0 1
2424	0 0 1
2425	0 0 1
2426	0 0 1
2427	0 1 0
2428	0 1 0
2429	0 0 1
2430	0 1 0
2431	0 0 1
2432	1 0 0
2433	0 1 0
2434	0 1 0
2435	0 0 1
2436	0 0 1
2437	0 1 0
2438	0 1 0
2439	0 1 0
2440	0 1 0
2441	0 1 0
2442	1 0 0
2443	0 0 1
2444	0 0 1
2445	1 0 0
2446	0 1 0
2447	0 0 1
2448	0 0 1
2449	0 0 1
2450	0 1 0
2451	0 0 1
2452	1 0 0
2453	0 0 1
2454	1 0 0
2455	1 0 0
2456	0 0 1
2457	0 0 1
2458	1 0 0
2459	1 0 0
2460	0 1 0
2461	0 1 0
2462	1 0 0
2463	0 0 1
2464	0 0 1
2465	1 0 0
2466	0 1 0
2467	0 0 1
2468	0 0 1
2469	1 0 0
2470	0 0 1
2471	0 0 1
2472	0 1 0
2473	0 0 1
2474	0 1 0
2475	0 0 1
2476	1 0 0
2477	0 0 1
2478	1 0 0
2479	1 0 0
2480	1 0 0
2481	0 1 0
2482	0 0 1
2483	1 0 0
2484	0 0 1
2485	0 1 0
2486	0 0 1
2487	1 0 0
2488	1 0 0
2489	1 0 0
2490	0 1 0
2491	1 0 0
2492	0 1 0
2493	0 1 0
2494	0 0 1
2495	0 0 1
2496	0 1 0
2497	0 1 0
2498	0 1 0
2499	0 1 0
2500	0 1 0
2501	0 0 1
2502	0 1 0
2503	0 1 0
2504	1 0 0
2505	1 0 0
2506	1 0 0
2507	0 0 1
2508	0 0 1
2509	1 0 0
2510	0 0 1
2511	0 0 1
2512	1 0 0
2513	1 0 0
2514	0 0 1
2515	0 0 1
2516	0 0 1
2517	0 1 0
2518	1 0 0
2519	0 1 0
2520	1 0 0
2521	0 0 1
2522	1 0 0
2523	0 1 0
2524	0 1 0
2525	1 0 0
2526	0 0 1
2527	0 0 1
2528	0 1 0
2529	1 0 0
2530	0 0 1
2531	0 1 0
2532	1 0 0
2533	1 0 0
2534	0 0 1
2535	0 1 0
2536	0 0 1
2537	1 0 0
2538	0 0 1
2539	0 1 0
2540	0 0 1
2541	0 0 1
2542	0 0 1
2543	0 1 0
2544	1 0 0
2545	0 0 1
2546	0 1 0
2547	0 1 0
2548	0 0 1
2549	0 1 0
2550	0 0 1
2551	1 0 0
2552	0 0 1
2553	0 1 0
2554	0 1 0
2555	0 1 0
2556	1 0 0
2557	1 0 0
2558	1 0 0
2559	1 0 0
2560	0 0 1
2561	1 0 0
2562	1 0 0
2563	0 1 0
2564	0 0 1
2565	1 0 0
2566	1 0 0
2567	1 0 0
2568	0 1 0
2569	0 0 1
2570	1 0 0
2571	1 0 0
2572	0 0 1
2573	0 0 1
2574	0 1 0
2575	0 0 1
2576	0 1 0
2577	0 0 1
2578	0 0 1
2579	1 0 0
2580	1 0 0
2581	0 0 1
2582	0 0 1
2583	0 0 1
2584	0 0 1
2585	0 0 1
2586	1 0 0
2587	0 0 1
2588	0 0 1
2589	0 0 1
2590	1 0 0
2591	0 1 0
2592	0 1 0
2593	0 0 1
2594	0 0 1
2595	0 0 1
2596	0 0 1
2597	1 0 0
2598	0 0 1
2599	0 1 0
2600	0 1 0
2601	1 0 0
2602	0 1 0
2603	0 0 1
2604	0 1 0
2605	1 0 0
2606	0 1 0
2607	1 0 0
2608	0 1 0
2609	1 0 0
2610	0 1 0
2611	0 1 0
2612	0 1 0
2613	0 1 0
2614	0 1 0
2615	0 1 0
2616	0 1 0
2617	0 1 0
2618	1 0 0
2619	0 0 1
2620	0 0 1
2621	0 0 1
2622	0 1 0
2623	1 0 0
2624	0 1 0
2625	0 1 0
2626	0 0 1
2627	0 0 1
2628	1 0 0
2629	0 1 0
2630	0 1 0
2631	0 0 1
2632	0 0 1
2633	1 0 0
2634	1 0 0
2635	1 0 0
2636	0 0 1
2637	0 0 1
2638	1 0 0
2639	0 1 0
2640	0 0 1
2641	0 0 1
2642	1 0 0
2643	1 0 0
2644	1 0 0
2645	1 0 0
2646	0 1 0
2647	0 1 0
2648	0 0 1
2649	1 0 0
2650	0 1 0
2651	1 0 0
2652	1 0 0
2653	0 1 0
2654	1 0 0
2655	0 0 1
2656	0 1 0
2657	1 0 0
2658	1 0 0
2659	0 0 1
2660	0 0 1
2661	1 0 0
2662	0 0 1
2663	1 0 0
2664	0 1 0
2665	0 0 1
2666	0 0 1
2667	1 0 0
2668	1 0 0
2669	0 0 1
2670	1 0 0
2671	0 1 0
2672	0 1 0
2673	1 0 0
2674	1 0 0
2675	0 0 1
2676	1 0 0
2677	0 0 1
2678	0 1 0
2679	0 1 0
2680	1 0 0
2681	1 0 0
2682	1 0 0
2683	0 0 1
2684	0 0 1
2685	0 0 1
2686	0 1 0
2687	0 1 0
2688	1 0 0
2689	0 1 0
2690	0 1 0
2691	1 0 0
2692	1 0 0
2693	0 1 0
2694	0 1 0
2695	1 0 0
2696	1 0 0
2697	0 0 1
2698	0 1 0
2699	0 0 1
2700	0 1 0
2701	0 0 1
2702	0 0 1
2703	1 0 0
2704	0 1 0
2705	1 0 0
2706	1 0 0
2707	0 0 1
2708	0 0 1
2709	0 1 0
2710	0 0 1
2711	0 0 1
2712	0 1 0
2713	0 0 1
2714	0 0 1
2715	0 0 1
2716	0 0 1
2717	0 0 1
2718	0 1 0
2719	0 0 1
2720	1 0 0
2721	0 0 1
2722	1 0 0
2723	0 0 1
2724	0 0 1
2725	1 0 0
2726	0 0 1
2727	1 0 0
2728	0 0 1
2729	0 0 1
2730	0 0 1
2731	0 0 1
2732	0 1 0
2733	0 0 1
2734	0 0 1
2735	0 0 1
2736	0 0 1
2737	1 0 0
2738	0 0 1
2739	0 1 0
2740	0 0 1
2741	0 0 1
2742	0 1 0
2743	0 0 1
2744	0 0 1
2745	0 0 1
2746	0 0 1
2747	0 1 0
2748	1 0 0
2749	0 1 0
2750	0 0 1
2751	0 1 0
2752	1 0 0
2753	0 1 0
2754	0 1 0
2755	0 0 1
2756	0 1 0
2757	0 1 0
2758	0 1 0
2759	0 0 1
2760	1 0 0
2761	0 0 1
2762	0 0 1
2763	1 0 0
2764	0 1 0
2765	0 0 1
2766	0 0 1
2767	0 1 0
2768	1 0 0
2769	0 1 0
2770	0 0 1
2771	0 1 0
2772	1 0 0
2773	0 0 1
2774	0 0 1
2775	0 1 0
2776	1 0 0
2777	1 0 0
2778	1 0 0
2779	0 0 1
2780	1 0 0
2781	0 1 0
2782	0 0 1
2783	1 0 0
2784	1 0 0
2785	0 1 0
2786	1 0 0
2787	0 1 0
2788	0 0 1
2789	0 0 1
2790	0 0 1
2791	1 0 0
2792	1 0 0
2793	0 1 0
2794	1 0 0
2795	0 1 0
2796	0 0 1
2797	0 0 1
2798	0 0 1
2799	0 0 1
2800	1 0 0
2801	0 0 1
2802	1 0 0
2803	0 1 0
2804	0 1 0
2805	0 1 0
2806	0 0 1
2807	1 0 0
2808	0 1 0
2809	0 1 0
2810	0 0 1
2811	0 1 0
2812	1 0 0
2813	0 0 1
2814	0 1 0
2815	0 0 1
2816	0 0 1
2817	0 1 0
2818	0 0 1
2819	1 0 0
2820	0 1 0
2821	1 0 0
2822	0 1 0
2823	0 1 0
2824	1 0 0
2825	1 0 0
2826	1 0 0
2827	1 0 0
2828	0 1 0
2829	0 1 0
2830	0 1 0
2831	0 1 0
2832	1 0 0
2833	0 1 0
2834	1 0 0
2835	1 0 0
2836	0 0 1
2837	1 0 0
2838	0 0 1
2839	0 1 0
2840	0 1 0
2841	0 1 0
2842	1 0 0
2843	0 1 0
2844	1 0 0
2845	0 0 1
2846	0 0 1
2847	0 0 1
2848	0 1 0
2849	0 1 0
2850	0 1 0
2851	0 0 1
2852	0 0 1
2853	0 1 0
2854	0 1 0
2855	1 0 0
2856	0 1 0
2857	0 0 1
2858	0 1 0
2859	1 0 0
2860	0 0 1
2861	0 0 1
2862	0 0 1
2863	0 1 0
2864	1 0 0
2865	1 0 0
2866	0 1 0
2867	0 1 0
2868	0 0 1
2869	1 0 0
2870	0 1 0
2871	0 1 0
2872	1 0 0
2873	0 1 0
2874	0 0 1
2875	0 1 0
2876	1 0 0
2877	0 1 0
2878	0 0 1
2879	1 0 0
2880	1 0 0
2881	1 0 0
2882	0 1 0
2883	1 0 0
2884	1 0 0
2885	0 1 0
2886	1 0 0
2887	0 0 1
2888	0 1 0
2889	1 0 0
2890	1 0 0
2891	1 0 0
2892	1 0 0
2893	0 0 1
2894	1 0 0
2895	0 0 1
2896	1 0 0
2897	1 0 0
2898	1 0 0
2899	1 0 0
2900	0 1 0
2901	0 1 0
2902	1 0 0
2903	1 0 0
2904	0 0 1
2905	1 0 0
2906	1 0 0
2907	0 0 1
2908	0 0 1
2909	0 1 0
2910	0 0 1
2911	1 0 0
2912	0 1 0
2913	0 1 0
2914	1 0 0
2915	0 1 0
2916	1 0 0
2917	0 1 0
2918	1 0 0
2919	0 0 1
2920	1 0 0
2921	0 0 1
2922	1 0 0
2923	0 0 1
2924	0 1 0
2925	1 0 0
2926	0 1 0
2927	1 0 0
2928	0 1 0
2929	0 0 1
2930	0 1 0
2931	0 0 1
2932	0 1 0
2933	0 1 0
2934	1 0 0
2935	0 0 1
2936	1 0 0
2937	1 0 0
2938	0 0 1
2939	0 0 1
2940	1 0 0
2941	0 1 0
2942	0 0 1
2943	0 1 0
2944	1 0 0
2945	0 1 0
2946	0 0 1
2947	1 0 0
2948	0 1 0
2949	0 0 1
2950	0 1 0
2951	0 1 0
2952	1 0 0
2953	0 0 1
2954	1 0 0
2955	0 0 1
2956	0 0 1
2957	0 1 0
2958	0 1 0
2959	1 0 0
2960	0 1 0
2961	1 0 0
2962	0 0 1
2963	0 1 0
2964	0 0 1
2965	0 0 1
2966	1 0 0
2967	1 0 0
2968	1 0 0
2969	0 1 0
2970	0 0 1
2971	0 0 1
2972	0 1 0
2973	0 0 1
2974	0 0 1
2975	0 0 1
2976	0 0 1
2977	0 0 1
2978	0 0 1
2979	0 1 0
2980	0 0 1
2981	1 0 0
2982	1 0 0
2983	0 1 0
2984	1 0 0
2985	0 0 1
2986	0 1 0
2987	0 1 0
2988	0 1 0
2989	1 0 0
2990	0 0 1
2991	0 1 0
2992	0 1 0
2993	1 0 0
2994	0 1 0
2995	1 0 0
2996	0 0 1
2997	0 1 0
2998	0 0 1
2999	1 0 0
3000	0 0 1
3001	0 0 1
3002	1 0 0
3003	0 0 1
3004	0 0 1
3005	0 0 1
3006	0 1 0
3007	0 0 1
3008	0 1 0
3009	1 0 0
3010	1 0 0
3011	0 0 1
3012	1 0 0
3013	1 0 0
3014	0 1 0
3015	1 0 0
3016	0 0 1
3017	0 0 1
3018	0 0 1
3019	0 1 0
3020	0 1 0
3021	0 0 1
3022	0 1 0
3023	0 0 1
3024	0 1 0
3025	0 1 0
3026	0 1 0
3027	0 1 0
3028	0 1 0
3029	1 0 0
3030	0 1 0
3031	0 1 0
3032	0 0 1
3033	0 0 1
3034	1 0 0
3035	0 0 1
3036	0 1 0
3037	1 0 0
3038	0 1 0
3039	0 0 1
3040	0 1 0
3041	0 0 1
3042	0 0 1
3043	0 0 1
3044	0 0 1
3045	0 1 0
3046	1 0 0
3047	0 1 0
3048	1 0 0
3049	0 1 0
3050	0 0 1
3051	1 0 0
3052	0 1 0
3053	1 0 0
3054	0 1 0
3055	1 0 0
3056	0 0 1
3057	0 1 0
3058	0 0 1
3059	0 0 1
3060	1 0 0
3061	1 0 0
3062	0 1 0
3063	0 0 1
3064	0 1 0
3065	1 0 0
3066	1 0 0
3067	0 1 0
3068	0 1 0
3069	0 1 0
3070	0 0 1
3071	0 1 0
3072	0 0 1
3073	1 0 0
3074	0 0 1
3075	0 0 1
3076	0 0 1
3077	0 1 0
3078	0 1 0
3079	1 0 0
3080	0 1 0
3081	0 1 0
3082	0 0 1
3083	1 0 0
3084	0 1 0
3085	1 0 0
3086	1 0 0
3087	0 1 0
3088	1 0 0
3089	0 0 1
3090	1 0 0
3091	0 0 1
3092	0 1 0
3093	1 0 0
3094	0 1 0
3095	0 0 1
3096	1 0 0
3097	0 0 1
3098	0 1 0
3099	0 0 1
3100	1 0 0
3101	0 1 0
3102	0 1 0
3103	0 0 1
3104	0 1 0
3105	0 1 0
3106	0 0 1
3107	0 1 0
3108	1 0 0
3109	0 1 0
3110	0 1 0
3111	1 0 0
3112	0 1 0
3113	0 1 0
3114	0 1 0
3115	0 1 0
3116	0 0 1
3117	0 1 0
3118	0 1 0
3119	0 1 0
3120	1 0 0
3121	0 0 1
3122	0 1 0
3123	0 0 1
3124	0 1 0
3125	1 0 0
3126	1 0 0
3127	0 0 1
3128	1 0 0
3129	0 1 0
3130	0 0 1
3131	1 0 0
3132	0 0 1
3133	0 1 0
3134	0 0 1
3135	0 0 1
3136	0 1 0
3137	1 0 0
3138	0 0 1
3139	1 0 0
3140	0 0 1
3141	0 0 1
3142	0 1 0
3143	0 0 1
3144	1 0 0
3145	0 1 0
3146	0 1 0
3147	0 0 1
3148	1 0 0
3149	0 1 0
3150	0 0 1
3151	0 0 1
3152	0 1 0
3153	1 0 0
3154	0 0 1
3155	0 0 1
3156	0 1 0
3157	0 0 1
3158	0 1 0
3159	1 0 0
3160	0 0 1
3161	0 0 1
3162	0 0 1
3163	0 0 1
3164	0 0 1
3165	1 0 0
3166	0 0 1
3167	1 0 0
3168	1 0 0
3169	0 0 1
3170	0 1 0
3171	0 0 1
3172	0 1 0
3173	0 0 1
3174	0 0 1
3175	0 0 1
3176	0 1 0
3177	1 0 0
3178	0 1 0
3179	0 1 0
3180	1 0 0
3181	0 1 0
3182	0 1 0
3183	0 1 0
3184	0 0 1
3185	1 0 0
3186	1 0 0
3187	0 0 1
3188	1 0 0
3189	0 0 1
3190	0 0 1
3191	0 1 0
3192	0 1 0
3193	1 0 0
3194	0 0 1
3195	1 0 0
3196	0 0 1
3197	1 0 0
3198	1 0 0
3199	1 0 0
3200	0 1 0
3201	0 1 0
3202	1 0 0
3203	0 1 0
3204	1 0 0
3205	1 0 0
3206	0 0 1
3207	1 0 0
3208	1 0 0
3209	0 1 0
3210	0 0 1
3211	1 0 0
3212	1 0 0
3213	1 0 0
3214	1 0 0
3215	1 0 0
3216	1 0 0
3217	0 0 1
3218	0 1 0
3219	0 0 1
3220	1 0 0
3221	1 0 0
3222	0 0 1
3223	0 0 1
3224	0 1 0
3225	0 0 1
3226	0 1 0
3227	0 0 1
3228	1 0 0
3229	1 0 0
3230	0 0 1
3231	1 0 0
3232	1 0 0
3233	1 0 0
3234	0 0 1
3235	0 1 0
3236	1 0 0
3237	1 0 0
3238	0 0 1
3239	1 0 0
3240	0 0 1
3241	0 0 1
3242	0 0 1
3243	1 0 0
3244	1 0 0
3245	0 0 1
3246	0 1 0
3247	1 0 0
3248	0 0 1
3249	1 0 0
3250	0 0 1
3251	0 0 1
3252	0 1 0
3253	1 0 0
3254	0 0 1
3255	0 1 0
3256	0 1 0
3257	0 1 0
3258	1 0 0
3259	0 1 0
3260	1 0 0
3261	0 1 0
3262	0 0 1
3263	0 1 0
3264	0 0 1
3265	1 0 0
3266	1 0 0
3267	1 0 0
3268	0 0 1
3269	0 1 0
3270	0 1 0
3271	0 1 0
3272	0 0 1
3273	0 0 1
3274	0 1 0
3275	1 0 0
3276	0 1 0
3277	0 1 0
3278	0 0 1
3279	1 0 0
3280	0 1 0
3281	0 0 1
3282	0 1 0
3283	0 0 1
3284	0 0 1
3285	0 0 1
3286	0 0 1
3287	1 0 0
3288	0 1 0
3289	0 0 1
3290	0 0 1
3291	0 1 0
3292	0 0 1
3293	0 1 0
3294	1 0 0
3295	0 1 0
3296	1 0 0
3297	1 0 0
3298	0 0 1
3299	0 0 1
3300	1 0 0
3301	0 0 1
3302	0 1 0
3303	0 0 1
3304	1 0 0
3305	1 0 0
3306	0 0 1
3307	0 0 1
3308	0 0 1
3309	0 0 1
3310	0 1 0
3311	0 0 1
3312	1 0 0
3313	1 0 0
3314	0 0 1
3315	1 0 0
3316	0 1 0
3317	0 0 1
3318	0 1 0
3319	1 0 0
3320	0 0 1
3321	1 0 0
3322	0 0 1
3323	1 0 0
3324	1 0 0
3325	0 0 1
3326	0 0 1
3327	0 0 1
3328	1 0 0
3329	0 0 1
3330	1 0 0
3331	1 0 0
3332	0 1 0
3333	0 0 1
3334	0 1 0
3335	0 0 1
3336	0 0 1
3337	1 0 0
3338	1 0 0
3339	0 1 0
3340	0 1 0
3341	0 0 1
3342	0 0 1
3343	0 0 1
3344	1 0 0
3345	1 0 0
3346	0 0 1
3347	0 1 0
3348	0 0 1
3349	1 0 0
3350	0 0 1
3351	0 0 1
3352	0 0 1
3353	0 1 0
3354	0 1 0
3355	0 1 0
3356	1 0 0
3357	0 0 1
3358	0 0 1
3359	0 0 1
3360	0 1 0
3361	0 1 0
3362	0 0 1
3363	0 1 0
3364	0 1 0
3365	0 1 0
3366	0 0 1
3367	1 0 0
3368	1 0 0
3369	0 0 1
3370	1 0 0
3371	1 0 0
3372	0 0 1
3373	0 0 1
3374	0 1 0
3375	1 0 0
3376	1 0 0
3377	1 0 0
3378	1 0 0
3379	0 1 0
3380	1 0 0
3381	0 0 1
3382	0 1 0
3383	1 0 0
3384	0 0 1
3385	0 0 1
3386	0 1 0
3387	1 0 0
3388	1 0 0
3389	0 1 0
3390	0 1 0
3391	1 0 0
3392	0 1 0
3393	0 0 1
3394	1 0 0
3395	0 0 1
3396	0 1 0
3397	1 0 0
3398	0 1 0
3399	0 0 1
3400	0 0 1
3401	0 0 1
3402	0 0 1
3403	0 0 1
3404	1 0 0
3405	0 0 1
3406	0 0 1
3407	0 1 0
3408	0 0 1
3409	1 0 0
3410	0 1 0
3411	1 0 0
3412	0 0 1
3413	0 1 0
3414	0 1 0
3415	0 1 0
3416	1 0 0
3417	1 0 0
3418	0 0 1
3419	1 0 0
3420	0 1 0
3421	0 1 0
3422	0 1 0
3423	0 0 1
3424	0 0 1
3425	0 1 0
3426	1 0 0
3427	1 0 0
3428	0 0 1
3429	0 0 1
3430	0 1 0
3431	0 1 0
3432	0 1 0
3433	1 0 0
3434	0 1 0
3435	0 1 0
3436	1 0 0
3437	0 0 1
3438	0 1 0
3439	1 0 0
3440	1 0 0
3441	0 1 0
3442	1 0 0
3443	0 0 1
3444	0 1 0
3445	1 0 0
3446	1 0 0
3447	0 0 1
3448	0 0 1
3449	0 1 0
3450	1 0 0
3451	0 1 0
3452	1 0 0
3453	0 1 0
3454	0 1 0
3455	0 1 0
3456	0 0 1
3457	0 1 0
3458	1 0 0
3459	0 1 0
3460	0 1 0
3461	0 0 1
3462	0 0 1
3463	0 0 1
3464	0 0 1
3465	1 0 0
3466	1 0 0
3467	1 0 0
3468	0 1 0
3469	0 1 0
3470	0 0 1
3471	0 1 0
3472	0 0 1
3473	1 0 0
3474	0 1 0
3475	1 0 0
3476	1 0 0
3477	0 1 0
3478	0 1 0
3479	1 0 0
3480	0 0 1
3481	1 0 0
3482	0 0 1
3483	1 0 0
3484	1 0 0
3485	0 1 0
3486	0 0 1
3487	0 1 0
3488	0 1 0
3489	0 1 0
3490	0 1 0
3491	0 0 1
3492	0 0 1
3493	0 0 1
3494	0 0 1
3495	0 0 1
3496	1 0 0
3497	0 1 0
3498	0 0 1
3499	0 0 1
3500	0 1 0
3501	0 0 1
3502	0 1 0
3503	1 0 0
3504	0 1 0
3505	1 0 0
3506	0 1 0
3507	0 1 0
3508	1 0 0
3509	0 1 0
3510	0 0 1
3511	0 0 1
3512	0 1 0
3513	0 1 0
3514	0 0 1
3515	0 1 0
3516	0 1 0
3517	0 0 1
3518	0 1 0
3519	1 0 0
3520	0 0 1
3521	0 1 0
3522	0 1 0
3523	0 1 0
3524	0 1 0
3525	1 0 0
3526	1 0 0
3527	1 0 0
3528	0 0 1
3529	0 0 1
3530	1 0 0
3531	1 0 0
3532	0 0 1
3533	1 0 0
3534	0 1 0
3535	0 0 1
3536	0 1 0
3537	0 1 0
3538	1 0 0
3539	1 0 0
3540	0 1 0
3541	0 1 0
3542	1 0 0
3543	0 1 0
3544	0 1 0
3545	1 0 0
3546	0 1 0
3547	0 0 1
3548	0 0 1
3549	0 0 1
3550	0 1 0
3551	1 0 0
3552	1 0 0
3553	1 0 0
3554	0 0 1
3555	0 0 1
3556	0 0 1
3557	1 0 0
3558	1 0 0
3559	0 0 1
3560	1 0 0
3561	1 0 0
3562	0 0 1
3563	0 0 1
3564	0 1 0
3565	0 1 0
3566	1 0 0
3567	0 0 1
3568	1 0 0
3569	0 1 0
3570	1 0 0
3571	1 0 0
3572	0 0 1
3573	0 0 1
3574	0 0 1
3575	0 0 1
3576	1 0 0
3577	0 0 1
3578	0 1 0
3579	0 0 1
3580	0 1 0
3581	0 1 0
3582	0 0 1
3583	0 1 0
3584	1 0 0
3585	0 1 0
3586	0 0 1
3587	0 1 0
3588	1 0 0
3589	0 1 0
3590	0 1 0
3591	0 0 1
3592	1 0 0
3593	0 0 1
3594	1 0 0
3595	1 0 0
3596	1 0 0
3597	0 1 0
3598	1 0 0
3599	0 1 0
3600	1 0 0
3601	0 1 0
3602	0 1 0
3603	0 0 1
3604	1 0 0
3605	0 1 0
3606	0 1 0
3607	0 1 0
3608	1 0 0
3609	0 0 1
3610	0 0 1
3611	1 0 0
3612	1 0 0
3613	1 0 0
3614	0 1 0
3615	1 0 0
3616	1 0 0
3617	0 0 1
3618	0 1 0
3619	0 1 0
3620	1 0 0
3621	1 0 0
3622	1 0 0
3623	1 0 0
3624	0 0 1
3625	0 0 1
3626	0 0 1
3627	0 1 0
3628	1 0 0
3629	1 0 0
3630	1 0 0
3631	0 0 1
3632	0 1 0
3633	0 0 1
3634	1 0 0
3635	1 0 0
3636	0 1 0
3637	0 0 1
3638	0 1 0
3639	0 1 0
3640	1 0 0
3641	0 0 1
3642	0 0 1
3643	1 0 0
3644	0 1 0
3645	0 0 1
3646	1 0 0
3647	1 0 0
3648	0 0 1
3649	1 0 0
3650	0 1 0
3651	0 0 1
3652	1 0 0
3653	1 0 0
3654	0 0 1
3655	1 0 0
3656	0 0 1
3657	0 1 0
3658	1 0 0
3659	0 0 1
3660	1 0 0
3661	0 1 0
3662	0 1 0
3663	0 1 0
3664	1 0 0
3665	0 0 1
3666	0 1 0
3667	0 1 0
3668	0 1 0
3669	0 0 1
3670	1 0 0
3671	0 0 1
3672	1 0 0
3673	0 1 0
3674	0 1 0
3675	0 1 0
3676	1 0 0
3677	1 0 0
3678	1 0 0
3679	0 0 1
3680	0 1 0
3681	1 0 0
3682	0 1 0
3683	0 1 0
3684	0 0 1
3685	0 1 0
3686	0 1 0
3687	0 0 1
3688	1 0 0
3689	0 1 0
3690	0 1 0
3691	0 0 1
3692	1 0 0
3693	0 0 1
3694	0 0 1
3695	0 0 1
3696	0 1 0
3697	0 1 0
3698	1 0 0
3699	0 0 1
3700	1 0 0
3701	0 1 0
3702	0 0 1
3703	0 0 1
3704	0 0 1
3705	1 0 0
3706	0 0 1
3707	0 1 0
3708	1 0 0
3709	1 0 0
3710	1 0 0
3711	0 0 1
3712	0 0 1
3713	1 0 0
3714	0 0 1
3715	0 0 1
3716	1 0 0
3717	0 0 1
3718	0 1 0
3719	1 0 0
3720	1 0 0
3721	0 0 1
3722	0 1 0
3723	1 0 0
3724	0 0 1
3725	1 0 0
3726	0 1 0
3727	0 1 0
3728	0 1 0
3729	0 1 0
3730	0 1 0
3731	0 1 0
3732	1 0 0
3733	0 1 0
3734	0 0 1
3735	0 1 0
3736	0 0 1
3737	0 1 0
3738	1 0 0
3739	0 0 1
3740	0 1 0
3741	1 0 0
3742	0 1 0
3743	1 0 0
3744	0 1 0
3745	0 1 0
3746	1 0 0
3747	0 0 1
3748	1 0 0
3749	0 1 0
3750	0 0 1
3751	0 1 0
3752	0 0 1
3753	0 0 1
3754	0 0 1
3755	0 1 0
3756	1 0 0
3757	0 0 1
3758	0 1 0
3759	0 1 0
3760	1 0 0
3761	0 0 1
3762	1 0 0
3763	0 0 1
3764	1 0 0
3765	0 1 0
3766	0 0 1
3767	0 0 1
3768	1 0 0
3769	1 0 0
3770	0 1 0
3771	1 0 0
3772	1 0 0
3773	0 0 1
3774	1 0 0
3775	0 0 1
3776	0 1 0
3777	0 0 1
3778	1 0 0
3779	1 0 0
3780	1 0 0
3781	0 1 0
3782	0 0 1
3783	0 1 0
3784	1 0 0
3785	0 0 1
3786	1 0 0
3787	1 0 0
3788	0 1 0
3789	1 0 0
3790	0 1 0
3791	0 0 1
3792	0 1 0
3793	0 0 1
3794	0 1 0
3795	1 0 0
3796	0 1 0
3797	0 0 1
3798	0 0 1
3799	1 0 0
3800	0 0 1
3801	1 0 0
3802	0 0 1
3803	0 0 1
3804	1 0 0
3805	1 0 0
3806	0 1 0
3807	1 0 0
3808	0 1 0
3809	1 0 0
3810	1 0 0
3811	0 1 0
3812	1 0 0
3813	0 0 1
3814	0 0 1
3815	0 0 1
3816	0 1 0
3817	0 1 0
3818	1 0 0
3819	1 0 0
3820	0 1 0
3821	1 0 0
3822	1 0 0
3823	1 0 0
3824	1 0 0
3825	1 0 0
3826	0 1 0
3827	0 0 1
3828	0 0 1
3829	0 1 0
3830	0 1 0
3831	0 0 1
3832	0 0 1
3833	1 0 0
3834	0 1 0
3835	0 1 0
3836	0 1 0
3837	1 0 0
3838	0 0 1
3839	0 1 0
3840	0 0 1
3841	0 1 0
3842	0 0 1
3843	1 0 0
3844	1 0 0
3845	0 0 1
3846	0 0 1
3847	1 0 0
3848	1 0 0
3849	0 1 0
3850	1 0 0
3851	0 0 1
3852	1 0 0
3853	0 1 0
3854	1 0 0
3855	0 1 0
3856	1 0 0
3857	0 1 0
3858	1 0 0
3859	0 0 1
3860	0 0 1
3861	1 0 0
3862	0 1 0
3863	0 0 1
3864	0 1 0
3865	0 0 1
3866	0 0 1
3867	0 1 0
3868	1 0 0
3869	0 0 1
3870	0 0 1
3871	1 0 0
3872	0 0 1
3873	0 0 1
3874	1 0 0
3875	0 1 0
3876	0 1 0
3877	0 0 1
3878	1 0 0
3879	1 0 0
3880	1 0 0
3881	1 0 0
3882	1 0 0
3883	0 1 0
3884	1 0 0
3885	0 0 1
3886	0 0 1
3887	1 0 0
3888	1 0 0
3889	1 0 0
3890	0 0 1
3891	0 1 0
3892	0 1 0
3893	0 0 1
3894	0 0 1
3895	0 0 1
3896	1 0 0
3897	0 1 0
3898	1 0 0
3899	1 0 0
3900	1 0 0
3901	0 0 1
3902	0 1 0
3903	0 0 1
3904	1 0 0
3905	0 0 1
3906	0 0 1
3907	0 1 0
3908	0 0 1
3909	0 0 1
3910	1 0 0
3911	0 1 0
3912	0 1 0
3913	0 0 1
3914	1 0 0
3915	0 0 1
3916	0 0 1
3917	0 0 1
3918	1 0 0
3919	0 1 0
3920	0 0 1
3921	0 1 0
3922	0 1 0
3923	0 0 1
3924	1 0 0
3925	0 0 1
3926	1 0 0
3927	0 0 1
3928	1 0 0
3929	0 0 1
3930	0 0 1
3931	0 0 1
3932	1 0 0
3933	1 0 0
3934	1 0 0
3935	0 1 0
3936	1 0 0
3937	0 1 0
3938	0 1 0
3939	1 0 0
3940	1 0 0
3941	1 0 0
3942	0 1 0
3943	0 0 1
3944	0 0 1
3945	1 0 0
3946	0 1 0
3947	0 1 0
3948	0 0 1
3949	0 1 0
3950	0 0 1
3951	1 0 0
3952	1 0 0
3953	0 0 1
3954	0 0 1
3955	0 1 0
3956	0 1 0
3957	0 0 1
3958	1 0 0
3959	0 1 0
3960	0 0 1
3961	0 0 1
3962	1 0 0
3963	0 1 0
3964	0 1 0
3965	0 1 0
3966	0 1 0
3967	0 0 1
3968	0 1 0
3969	0 1 0
3970	0 1 0
3971	0 1 0
3972	1 0 0
3973	0 1 0
3974	0 1 0
3975	0 1 0
3976	1 0 0
3977	0 0 1
3978	1 0 0
3979	1 0 0
3980	0 1 0
3981	1 0 0
3982	1 0 0
3983	0 1 0
3984	1 0 0
3985	0 0 1
3986	1 0 0
3987	1 0 0
3988	0 0 1
3989	0 0 1
3990	0 1 0
3991	0 0 1
3992	0 1 0
3993	0 1 0
3994	0 0 1
3995	1 0 0
3996	0 1 0
3997	0 0 1
3998	1 0 0
3999	1 0 0
4000	0 0 1
4001	1 0 0
4002	0 0 1
4003	0 1 0
4004	0 1 0
4005	1 0 0
4006	1 0 0
4007	0 0 1
4008	0 1 0
4009	0 1 0
4010	1 0 0
4011	1 0 0
4012	0 0 1
4013	0 1 0
4014	0 0 1
4015	0 1 0
4016	0 1 0
4017	1 0 0
4018	0 0 1
4019	0 1 0
4020	0 1 0
4021	0 1 0
4022	0 1 0
4023	1 0 0
4024	0 1 0
4025	0 1 0
4026	0 1 0
4027	0 1 0
4028	0 0 1
4029	0 0 1
4030	1 0 0
4031	0 1 0
4032	0 1 0
4033	0 0 1
4034	0 1 0
4035	1 0 0
4036	1 0 0
4037	0 0 1
4038	0 0 1
4039	0 1 0
4040	0 0 1
4041	0 1 0
4042	0 0 1
4043	0 0 1
4044	0 0 1
4045	0 1 0
4046	0 0 1
4047	0 1 0
4048	0 0 1
4049	0 0 1
4050	0 1 0
4051	0 0 1
4052	1 0 0
4053	0 0 1
4054	0 0 1
4055	0 1 0
4056	0 1 0
4057	0 0 1
4058	0 1 0
4059	1 0 0
4060	0 1 0
4061	1 0 0
4062	0 0 1
4063	1 0 0
4064	1 0 0
4065	0 1 0
4066	0 0 1
4067	0 0 1
4068	0 0 1
4069	1 0 0
4070	1 0 0
4071	0 1 0
4072	1 0 0
4073	0 0 1
4074	1 0 0
4075	0 0 1
4076	1 0 0
4077	0 0 1
4078	0 1 0
4079	1 0 0
4080	1 0 0
4081	0 0 1
4082	0 0 1
4083	0 1 0
4084	0 0 1
4085	0 1 0
4086	1 0 0
4087	1 0 0
4088	0 1 0
4089	0 1 0
4090	0 0 1
4091	1 0 0
4092	0 0 1
4093	1 0 0
4094	0 0 1
4095	0 1 0
4096	0 1 0
4097	0 0 1
4098	0 1 0
4099	0 1 0
4100	1 0 0
4101	1 0 0
4102	1 0 0
4103	1 0 0
4104	0 1 0
4105	0 1 0
4106	1 0 0
4107	0 0 1
4108	0 0 1
4109	1 0 0
4110	0 1 0
4111	1 0 0
4112	1 0 0
4113	1 0 0
4114	0 1 0
4115	1 0 0
4116	0 0 1
4117	0 0 1
4118	0 1 0
4119	0 0 1
4120	0 1 0
4121	0 0 1
4122	0 0 1
4123	1 0 0
4124	0 1 0
4125	0 0 1
4126	1 0 0
4127	0 0 1
4128	0 0 1
4129	0 1 0
4130	0 1 0
4131	0 1 0
4132	0 0 1
4133	1 0 0
4134	1 0 0
4135	1 0 0
4136	0 1 0
4137	0 0 1
4138	0 0 1
4139	1 0 0
4140	0 1 0
4141	1 0 0
4142	1 0 0
4143	0 0 1
4144	0 0 1
4145	1 0 0
4146	1 0 0
4147	0 1 0
4148	0 1 0
4149	1 0 0
4150	0 1 0
4151	0 0 1
4152	1 0 0
4153	0 1 0
4154	0 1 0
4155	1 0 0
4156	1 0 0
4157	0 0 1
4158	0 0 1
4159	1 0 0
4160	0 0 1
4161	1 0 0
4162	1 0 0
4163	0 0 1
4164	1 0 0
4165	1 0 0
4166	0 0 1
4167	0 1 0
4168	1 0 0
4169	0 0 1
4170	0 0 1
4171	1 0 0
4172	1 0 0
4173	1 0 0
4174	1 0 0
4175	0 1 0
4176	1 0 0
4177	0 1 0
4178	0 1 0
4179	1 0 0
4180	1 0 0
4181	0 0 1
4182	0 1 0
4183	0 0 1
4184	0 0 1
4185	0 0 1
4186	0 0 1
4187	0 0 1
4188	1 0 0
4189	0 0 1
4190	0 1 0
4191	0 0 1
4192	0 0 1
4193	1 0 0
4194	0 0 1
4195	0 0 1
4196	0 1 0
4197	1 0 0
4198	1 0 0
4199	0 0 1
4200	1 0 0
4201	0 1 0
4202	0 1 0
4203	0 1 0
4204	0 0 1
4205	0 1 0
4206	0 1 0
4207	0 0 1
4208	0 1 0
4209	1 0 0
4210	0 1 0
4211	0 0 1
4212	0 0 1
4213	0 0 1
4214	1 0 0
4215	1 0 0
4216	1 0 0
4217	0 1 0
4218	0 0 1
4219	0 0 1
4220	0 0 1
4221	0 0 1
4222	1 0 0
4223	0 1 0
4224	0 0 1
4225	0 1 0
4226	0 0 1
4227	0 1 0
4228	1 0 0
4229	0 0 1
4230	0 1 0
4231	1 0 0
4232	1 0 0
4233	0 0 1
4234	0 1 0
4235	1 0 0
4236	1 0 0
4237	0 1 0
4238	0 0 1
4239	0 1 0
4240	0 1 0
4241	0 0 1
4242	0 0 1
4243	1 0 0
4244	0 1 0
4245	1 0 0
4246	0 0 1
4247	1 0 0
4248	0 0 1
4249	0 1 0
4250	1 0 0
4251	0 0 1
4252	0 1 0
4253	0 0 1
4254	0 0 1
4255	0 0 1
4256	1 0 0
4257	1 0 0
4258	0 1 0
4259	0 0 1
4260	0 0 1
4261	0 0 1
4262	0 0 1
4263	0 1 0
4264	0 0 1
4265	1 0 0
4266	0 0 1
4267	0 0 1
4268	0 0 1
4269	1 0 0
4270	1 0 0
4271	1 0 0
4272	1 0 0
4273	1 0 0
4274	1 0 0
4275	0 0 1
4276	0 0 1
4277	0 1 0
4278	1 0 0
4279	0 0 1
4280	0 1 0
4281	0 0 1
4282	1 0 0
4283	1 0 0
4284	0 0 1
4285	0 0 1
4286	0 0 1
4287	1 0 0
4288	1 0 0
4289	0 0 1
4290	0 0 1
4291	0 1 0
4292	0 0 1
4293	1 0 0
4294	0 0 1
4295	1 0 0
4296	0 1 0
4297	0 0 1
4298	0 1 0
4299	0 0 1
4300	1 0 0
4301	0 1 0
4302	0 0 1
4303	0 0 1
4304	1 0 0
4305	1 0 0
4306	1 0 0
4307	1 0 0
4308	0 0 1
4309	1 0 0
4310	0 0 1
4311	0 1 0
4312	1 0 0
4313	0 1 0
4314	0 1 0
4315	0 1 0
4316	0 0 1
4317	0 0 1
4318	0 0 1
4319	0 1 0
4320	0 1 0
4321	1 0 0
4322	1 0 0
4323	0 1 0
4324	1 0 0
4325	0 1 0
4326	1 0 0
4327	1 0 0
4328	1 0 0
4329	0 1 0
4330	0 0 1
4331	0 1 0
4332	1 0 0
4333	0 1 0
4334	1 0 0
4335	1 0 0
4336	0 0 1
4337	0 1 0
4338	0 1 0
4339	0 1 0
4340	0 0 1
4341	0 0 1
4342	0 1 0
4343	0 0 1
4344	1 0 0
4345	1 0 0
4346	0 0 1
4347	1 0 0
4348	0 1 0
4349	0 0 1
4350	0 0 1
4351	0 0 1
4352	1 0 0
4353	0 1 0
4354	1 0 0
4355	1 0 0
4356	0 1 0
4357	1 0 0
4358	1 0 0
4359	0 1 0
4360	0 0 1
4361	0 1 0
4362	1 0 0
4363	0 1 0
4364	0 1 0
4365	0 1 0
4366	0 0 1
4367	0 0 1
4368	1 0 0
4369	0 1 0
4370	1 0 0
4371	0 1 0
4372	1 0 0
4373	1 0 0
4374	0 0 1
4375	0 1 0
4376	1 0 0
4377	0 1 0
4378	0 0 1
4379	0 1 0
4380	0 0 1
4381	1 0 0
4382	0 0 1
4383	0 0 1
4384	0 1 0
4385	0 0 1
4386	1 0 0
4387	0 0 1
4388	1 0 0
4389	1 0 0
4390	0 0 1
4391	0 1 0
4392	1 0 0
4393	0 0 1
4394	1 0 0
4395	1 0 0
4396	0 1 0
4397	0 0 1
4398	1 0 0
4399	0 1 0
4400	0 0 1
4401	0 0 1
4402	0 0 1
4403	0 0 1
4404	0 0 1
4405	0 0 1
4406	0 0 1
4407	1 0 0
4408	0 1 0
4409	0 0 1
4410	0 1 0
4411	0 0 1
4412	0 0 1
4413	0 1 0
4414	0 1 0
4415	0 1 0
4416	0 0 1
4417	0 0 1
4418	0 1 0
4419	0 1 0
4420	1 0 0
4421	0 1 0
4422	0 0 1
4423	1 0 0
4424	1 0 0
4425	0 0 1
4426	0 1 0
4427	0 1 0
4428	0 0 1
4429	0 0 1
4430	0 1 0
4431	0 0 1
4432	0 1 0
4433	0 1 0
4434	0 0 1
4435	1 0 0
4436	0 0 1
4437	0 0 1
4438	0 1 0
4439	1 0 0
4440	1 0 0
4441	0 0 1
4442	0 0 1
4443	0 1 0
4444	1 0 0
4445	1 0 0
4446	1 0 0
4447	0 1 0
4448	0 1 0
4449	1 0 0
4450	1 0 0
4451	1 0 0
4452	1 0 0
4453	0 1 0
4454	0 1 0
4455	0 0 1
4456	0 1 0
4457	1 0 0
4458	0 1 0
4459	1 0 0
4460	0 0 1
4461	0 0 1
4462	0 1 0
4463	0 1 0
4464	1 0 0
4465	0 1 0
4466	1 0 0
4467	1 0 0
4468	0 0 1
4469	0 1 0
4470	0 1 0
4471	1 0 0
4472	0 0 1
4473	1 0 0
4474	0 0 1
4475	0 0 1
4476	1 0 0
4477	0 1 0
4478	0 0 1
4479	0 0 1
4480	0 0 1
4481	0 1 0
4482	0 1 0
4483	1 0 0
4484	1 0 0
4485	0 1 0
4486	0 1 0
4487	0 1 0
4488	0 1 0
4489	0 1 0
4490	1 0 0
4491	1 0 0
4492	0 0 1
4493	0 0 1
4494	0 1 0
4495	0 0 1
4496	0 1 0
4497	1 0 0
4498	1 0 0
4499	0 1 0
4500	0 0 1
4501	1 0 0
4502	0 1 0
4503	0 0 1
4504	1 0 0
4505	1 0 0
4506	0 0 1
4507	0 0 1
4508	0 1 0
4509	0 1 0
4510	0 0 1
4511	0 1 0
4512	0 1 0
4513	1 0 0
4514	0 0 1
4515	1 0 0
4516	1 0 0
4517	0 0 1
4518	0 1 0
4519	1 0 0
4520	0 0 1
4521	1 0 0
4522	0 1 0
4523	0 1 0
4524	1 0 0
4525	0 0 1
4526	0 0 1
4527	0 0 1
4528	0 1 0
4529	0 1 0
4530	1 0 0
4531	0 1 0
4532	0 1 0
4533	0 0 1
4534	1 0 0
4535	0 0 1
4536	0 0 1
4537	1 0 0
4538	1 0 0
4539	0 1 0
4540	0 1 0
4541	1 0 0
4542	0 0 1
4543	0 0 1
4544	0 0 1
4545	0 1 0
4546	0 1 0
4547	0 0 1
4548	1 0 0
4549	1 0 0
4550	1 0 0
4551	0 0 1
4552	1 0 0
4553	1 0 0
4554	0 0 1
4555	0 0 1
4556	1 0 0
4557	1 0 0
4558	1 0 0
4559	0 0 1
4560	0 0 1
4561	0 0 1
4562	0 0 1
4563	0 0 1
4564	0 0 1
4565	0 0 1
4566	1 0 0
4567	1 0 0
4568	0 0 1
4569	0 0 1
4570	1 0 0
4571	0 1 0
4572	0 0 1
4573	0 0 1
4574	1 0 0
4575	0 1 0
4576	0 1 0
4577	1 0 0
4578	0 1 0
4579	0 1 0
4580	0 0 1
4581	0 1 0
4582	0 1 0
4583	1 0 0
4584	1 0 0
4585	0 1 0
4586	1 0 0
4587	1 0 0
4588	0 1 0
4589	0 0 1
4590	0 1 0
4591	0 1 0
4592	0 1 0
4593	0 1 0
4594	1 0 0
4595	0 0 1
4596	0 0 1
4597	1 0 0
4598	0 0 1
4599	0 0 1
4600	1 0 0
4601	0 1 0
4602	0 1 0
4603	1 0 0
4604	0 1 0
4605	1 0 0
4606	0 1 0
4607	0 1 0
4608	0 0 1
4609	0 0 1
4610	1 0 0
4611	0 0 1
4612	0 0 1
4613	0 0 1
4614	0 1 0
4615	0 0 1
4616	1 0 0
4617	0 0 1
4618	0 0 1
4619	0 0 1
4620	1 0 0
4621	1 0 0
4622	0 0 1
4623	0 1 0
4624	0 1 0
4625	0 1 0
4626	0 1 0
4627	0 0 1
4628	0 0 1
4629	0 1 0
4630	0 0 1
4631	1 0 0
4632	0 0 1
4633	0 0 1
4634	0 1 0
4635	0 0 1
4636	0 0 1
4637	0 1 0
4638	0 1 0
4639	1 0 0
4640	0 0 1
4641	0 0 1
4642	0 1 0
4643	0 0 1
4644	1 0 0
4645	1 0 0
4646	0 1 0
4647	1 0 0
4648	0 1 0
4649	0 1 0
4650	0 0 1
4651	1 0 0
4652	0 0 1
4653	0 0 1
4654	0 0 1
4655	1 0 0
4656	0 0 1
4657	1 0 0
4658	1 0 0
4659	0 0 1
4660	0 1 0
4661	0 1 0
4662	1 0 0
4663	1 0 0
4664	1 0 0
4665	0 1 0
4666	0 0 1
4667	0 0 1
4668	0 1 0
4669	1 0 0
4670	0 1 0
4671	0 0 1
4672	0 1 0
4673	0 0 1
4674	1 0 0
4675	0 0 1
4676	1 0 0
4677	0 1 0
4678	1 0 0
4679	0 0 1
4680	1 0 0
4681	0 1 0
4682	1 0 0
4683	0 0 1
4684	0 1 0
4685	0 0 1
4686	0 1 0
4687	1 0 0
4688	0 0 1
4689	1 0 0
4690	1 0 0
4691	1 0 0
4692	0 1 0
4693	0 1 0
4694	1 0 0
4695	1 0 0
4696	0 0 1
4697	0 0 1
4698	0 1 0
4699	0 0 1
4700	0 0 1
4701	0 0 1
4702	0 0 1
4703	0 0 1
4704	0 1 0
4705	1 0 0
4706	0 0 1
4707	0 0 1
4708	0 1 0
4709	1 0 0
4710	1 0 0
4711	1 0 0
4712	1 0 0
4713	0 1 0
4714	0 0 1
4715	0 1 0
4716	0 1 0
4717	1 0 0
4718	1 0 0
4719	0 0 1
4720	0 1 0
4721	1 0 0
4722	0 0 1
4723	0 0 1
4724	0 1 0
4725	0 1 0
4726	0 0 1
4727	0 0 1
4728	0 0 1
4729	0 0 1
4730	0 1 0
4731	1 0 0
4732	0 1 0
4733	0 1 0
4734	0 1 0
4735	0 1 0
4736	0 0 1
4737	0 0 1
4738	0 0 1
4739	0 1 0
4740	0 0 1
4741	0 0 1
4742	0 1 0
4743	1 0 0
4744	1 0 0
4745	1 0 0
4746	1 0 0
4747	1 0 0
4748	1 0 0
4749	0 1 0
4750	0 0 1
4751	0 0 1
4752	1 0 0
4753	0 0 1
4754	1 0 0
4755	0 0 1
4756	1 0 0
4757	0 0 1
4758	0 1 0
4759	0 0 1
4760	1 0 0
4761	0 1 0
4762	0 0 1
4763	1 0 0
4764	1 0 0
4765	0 1 0
4766	1 0 0
4767	0 1 0
4768	0 1 0
4769	0 0 1
4770	0 0 1
4771	1 0 0
4772	0 1 0
4773	0 0 1
4774	1 0 0
4775	1 0 0
4776	1 0 0
4777	0 0 1
4778	1 0 0
4779	0 1 0
4780	1 0 0
4781	1 0 0
4782	1 0 0
4783	1 0 0
4784	0 0 1
4785	0 0 1
4786	0 1 0
4787	0 0 1
4788	0 0 1
4789	0 0 1
4790	1 0 0
4791	1 0 0
4792	0 1 0
4793	1 0 0
4794	0 0 1
4795	0 0 1
4796	0 1 0
4797	0 0 1
4798	1 0 0
4799	0 0 1
4800	0 1 0
4801	1 0 0
4802	0 0 1
4803	1 0 0
4804	0 0 1
4805	0 1 0
4806	0 1 0
4807	0 0 1
4808	0 1 0
4809	1 0 0
4810	0 1 0
4811	0 0 1
4812	0 1 0
4813	0 0 1
4814	0 0 1
4815	1 0 0
4816	0 1 0
4817	0 1 0
4818	1 0 0
4819	1 0 0
4820	0 1 0
4821	0 1 0
4822	0 1 0
4823	0 0 1
4824	0 1 0
4825	1 0 0
4826	0 0 1
4827	0 1 0
4828	0 0 1
4829	1 0 0
4830	1 0 0
4831	1 0 0
4832	1 0 0
4833	0 0 1
4834	1 0 0
4835	1 0 0
4836	0 1 0
4837	0 0 1
4838	0 0 1
4839	0 0 1
4840	0 1 0
4841	0 0 1
4842	0 0 1
4843	0 0 1
4844	0 1 0
4845	1 0 0
4846	0 0 1
4847	0 1 0
4848	1 0 0
4849	0 1 0
4850	0 1 0
4851	0 1 0
4852	1 0 0
4853	1 0 0
4854	1 0 0
4855	0 1 0
4856	1 0 0
4857	1 0 0
4858	0 0 1
4859	0 1 0
4860	0 0 1
4861	0 1 0
4862	0 1 0
4863	0 0 1
4864	0 1 0
4865	0 1 0
4866	0 1 0
4867	0 1 0
4868	0 1 0
4869	0 0 1
4870	0 1 0
4871	0 1 0
4872	1 0 0
4873	1 0 0
4874	1 0 0
4875	1 0 0
4876	0 0 1
4877	1 0 0
4878	1 0 0
4879	1 0 0
4880	0 1 0
4881	0 1 0
4882	0 1 0
4883	0 1 0
4884	0 0 1
4885	1 0 0
4886	1 0 0
4887	0 1 0
4888	0 1 0
4889	0 1 0
4890	0 1 0
4891	1 0 0
4892	0 0 1
4893	1 0 0
4894	1 0 0
4895	1 0 0
4896	0 1 0
4897	0 1 0
4898	0 0 1
4899	0 0 1
4900	0 1 0
4901	1 0 0
4902	0 0 1
4903	1 0 0
4904	1 0 0
4905	0 0 1
4906	0 0 1
4907	0 1 0
4908	0 1 0
4909	1 0 0
4910	0 1 0
4911	1 0 0
4912	1 0 0
4913	1 0 0
4914	0 0 1
4915	0 0 1
4916	1 0 0
4917	0 0 1
4918	0 0 1
4919	1 0 0
4920	0 1 0
4921	1 0 0
4922	0 0 1
4923	1 0 0
4924	0 0 1
4925	0 0 1
4926	0 0 1
4927	0 0 1
4928	0 0 1
4929	0 1 0
4930	0 1 0
4931	0 1 0
4932	0 0 1
4933	1 0 0
4934	0 0 1
4935	0 0 1
4936	0 1 0
4937	0 1 0
4938	0 1 0
4939	1 0 0
4940	0 0 1
4941	1 0 0
4942	0 0 1
4943	0 1 0
4944	0 0 1
4945	0 0 1
4946	0 1 0
4947	0 1 0
4948	0 1 0
4949	0 1 0
4950	0 1 0
4951	0 1 0
4952	0 0 1
4953	0 0 1
4954	0 1 0
4955	0 0 1
4956	0 1 0
4957	1 0 0
4958	1 0 0
4959	0 0 1
4960	0 1 0
4961	0 0 1
4962	0 1 0
4963	0 0 1
4964	0 1 0
4965	0 1 0
4966	1 0 0
4967	0 0 1
4968	0 1 0
4969	0 0 1
4970	1 0 0
4971	0 0 1
4972	0 1 0
4973	1 0 0
4974	0 0 1
4975	0 0 1
4976	1 0 0
4977	0 1 0
4978	0 0 1
4979	1 0 0
4980	0 0 1
4981	0 1 0
4982	0 1 0
4983	0 1 0
4984	1 0 0
4985	0 0 1
4986	0 1 0
4987	0 1 0
4988	1 0 0
4989	0 1 0
4990	0 1 0
4991	0 1 0
4992	0 1 0
4993	0 1 0
4994	1 0 0
4995	1 0 0
4996	0 1 0
4997	0 1 0
4998	1 0 0
4999	1 0 0
