0	1	1	
1	1	1	
2	0	0	
3	0	0	
4	1	1	
5	0	0	
6	0	0	
7	1	1	
8	1	1	
9	0	0	
10	0	0	
11	1	1	
12	1	1	
13	0	0	
14	0	1	
15	0	0	
16	0	0	
17	1	1	
18	1	1	
19	0	0	
20	1	1	
21	1	1	
22	1	1	
23	1	1	
24	1	1	
25	0	0	
26	0	0	
27	0	0	
28	0	0	
29	1	1	
30	0	0	
31	1	1	
32	0	1	
33	1	1	
34	0	0	
35	0	0	
36	1	0	
37	1	1	
38	0	0	
39	0	0	
40	0	0	
41	1	1	
42	1	1	
43	1	1	
44	1	1	
45	1	1	
46	1	1	
47	1	1	
48	0	0	
49	1	1	
50	1	1	
51	1	1	
52	1	1	
53	0	0	
54	1	1	
55	0	0	
56	1	1	
57	0	0	
58	0	0	
59	0	0	
60	0	0	
61	0	0	
62	0	0	
63	0	0	
64	1	1	
65	0	0	
66	1	1	
67	1	1	
68	0	0	
69	1	1	
70	1	1	
71	0	0	
72	1	1	
73	0	1	
74	0	0	
75	0	0	
76	0	0	
77	0	0	
78	0	0	
79	1	1	
80	0	0	
81	1	1	
82	1	1	
83	1	1	
84	1	1	
85	1	1	
86	0	0	
87	0	0	
88	1	0	
89	0	0	
90	1	1	
91	0	0	
92	0	0	
93	0	0	
94	0	1	
95	1	1	
96	1	1	
97	1	1	
98	0	0	
99	1	0	
100	0	0	
101	0	0	
102	0	0	
103	1	1	
104	0	0	
105	0	1	
106	1	1	
107	1	1	
108	1	1	
109	0	0	
110	0	0	
111	0	0	
112	0	0	
113	0	0	
114	0	0	
115	0	0	
116	1	1	
117	1	1	
118	0	0	
119	0	0	
120	0	0	
121	0	0	
122	1	1	
123	1	1	
124	1	1	
125	0	0	
126	0	0	
127	1	1	
128	0	0	
129	1	1	
130	0	0	
131	1	1	
132	0	0	
133	0	0	
134	0	0	
135	0	0	
136	1	1	
137	1	1	
138	1	1	
139	0	0	
140	0	0	
141	0	0	
142	1	1	
143	1	0	
144	1	1	
145	0	0	
146	0	0	
147	1	1	
148	1	1	
149	0	0	
150	1	1	
151	0	0	
152	1	1	
153	0	0	
154	1	1	
155	0	0	
156	1	1	
157	1	0	
158	0	1	
159	0	0	
160	1	1	
161	0	0	
162	1	1	
163	1	1	
164	0	0	
165	0	0	
166	0	0	
167	1	1	
168	0	0	
169	0	0	
170	0	1	
171	0	0	
172	0	0	
173	1	1	
174	0	0	
175	1	1	
176	0	0	
177	1	1	
178	0	0	
179	1	1	
180	0	0	
181	0	0	
182	0	0	
183	1	1	
184	0	0	
185	0	0	
186	1	1	
187	0	0	
188	0	1	
189	1	1	
190	0	0	
191	1	1	
192	1	1	
193	0	0	
194	0	0	
195	0	0	
196	0	1	
197	0	0	
198	0	0	
199	1	1	
200	1	1	
201	0	0	
202	0	0	
203	1	1	
204	1	1	
205	0	0	
206	0	0	
207	0	0	
208	1	1	
209	1	1	
210	1	1	
211	0	0	
212	0	0	
213	1	1	
214	0	0	
215	1	1	
216	0	1	
217	1	1	
218	0	0	
219	0	0	
220	1	1	
221	0	0	
222	1	1	
223	0	0	
224	0	0	
225	1	0	
226	0	0	
227	0	0	
228	0	0	
229	0	0	
230	0	0	
231	1	1	
232	0	0	
233	0	0	
234	0	0	
235	1	1	
236	0	1	
237	0	0	
238	0	0	
239	1	1	
240	1	1	
241	1	1	
242	0	0	
243	1	1	
244	0	0	
245	0	0	
246	1	1	
247	0	1	
248	0	0	
249	1	1	
250	1	1	
251	0	0	
252	0	0	
253	0	0	
254	1	1	
255	0	0	
256	1	1	
257	1	0	
258	0	0	
259	0	0	
260	1	1	
261	0	0	
262	1	1	
263	1	1	
264	1	1	
265	0	0	
266	0	0	
267	1	1	
268	0	0	
269	0	0	
270	1	1	
271	0	0	
272	0	0	
273	0	0	
274	1	1	
275	0	0	
276	0	0	
277	0	0	
278	0	0	
279	0	0	
280	0	0	
281	1	1	
282	1	1	
283	1	1	
284	0	0	
285	1	1	
286	0	0	
287	1	0	
288	0	0	
289	0	0	
290	0	1	
291	0	0	
292	1	1	
293	0	0	
294	1	1	
295	1	1	
296	0	0	
297	1	1	
298	1	0	
299	0	0	
300	0	0	
301	1	1	
302	0	0	
303	1	1	
304	1	1	
305	1	1	
306	0	0	
307	1	0	
308	0	0	
309	1	0	
310	1	1	
311	1	0	
312	0	0	
313	0	1	
314	1	1	
315	0	0	
316	0	0	
317	0	0	
318	1	0	
319	0	0	
320	1	1	
321	0	0	
322	0	0	
323	0	1	
324	1	1	
325	1	1	
326	1	1	
327	1	1	
328	0	0	
329	1	1	
330	0	0	
331	1	1	
332	1	1	
333	1	1	
334	0	0	
335	1	1	
336	0	0	
337	1	0	
338	0	0	
339	0	1	
340	0	0	
341	1	1	
342	1	1	
343	0	0	
344	0	0	
345	1	1	
346	0	1	
347	0	0	
348	1	1	
349	1	1	
350	1	1	
351	1	0	
352	0	0	
353	0	0	
354	1	1	
355	0	0	
356	0	1	
357	0	0	
358	1	1	
359	0	0	
360	0	0	
361	1	1	
362	1	1	
363	0	0	
364	1	1	
365	0	0	
366	0	0	
367	1	1	
368	0	0	
369	0	0	
370	1	1	
371	0	0	
372	0	0	
373	0	0	
374	0	0	
375	1	1	
376	1	1	
377	0	0	
378	1	1	
379	1	0	
380	1	1	
381	1	1	
382	1	1	
383	0	0	
384	0	0	
385	1	1	
386	0	0	
387	1	1	
388	0	0	
389	1	1	
390	1	1	
391	0	0	
392	0	0	
393	1	1	
394	0	0	
395	1	1	
396	0	0	
397	0	1	
398	1	1	
399	1	1	
400	0	0	
401	0	0	
402	1	1	
403	0	0	
404	1	1	
405	1	1	
406	0	0	
407	0	0	
408	1	1	
409	0	0	
410	1	1	
411	0	0	
412	0	0	
413	1	1	
414	0	0	
415	0	0	
416	0	0	
417	1	1	
418	1	1	
419	0	0	
420	1	0	
421	0	0	
422	1	1	
423	0	0	
424	1	1	
425	1	1	
426	0	0	
427	0	0	
428	1	1	
429	1	1	
430	1	1	
431	0	0	
432	1	1	
433	0	0	
434	1	1	
435	1	1	
436	0	0	
437	1	1	
438	0	0	
439	0	0	
440	0	0	
441	1	1	
442	0	0	
443	0	0	
444	0	0	
445	0	1	
446	0	0	
447	0	0	
448	0	0	
449	0	0	
450	0	0	
451	0	0	
452	0	0	
453	1	1	
454	0	0	
455	0	0	
456	0	0	
457	0	0	
458	0	0	
459	0	0	
460	1	1	
461	0	0	
462	0	1	
463	0	0	
464	0	0	
465	1	1	
466	0	0	
467	0	0	
468	0	0	
469	0	0	
470	1	0	
471	0	0	
472	1	1	
473	1	0	
474	1	1	
475	1	1	
476	0	0	
477	0	0	
478	0	0	
479	0	0	
480	1	1	
481	1	1	
482	1	0	
483	0	0	
484	1	1	
485	0	1	
486	0	0	
487	0	0	
488	1	0	
489	0	0	
490	0	0	
491	0	0	
492	1	1	
493	0	0	
494	0	1	
495	1	1	
496	1	1	
497	0	1	
498	0	0	
499	0	0	
500	1	1	
501	1	1	
502	0	0	
503	1	1	
504	0	0	
505	1	1	
506	0	0	
507	0	0	
508	1	1	
509	0	0	
510	0	0	
511	0	0	
512	0	0	
513	1	1	
514	0	0	
515	0	0	
516	1	1	
517	1	1	
518	0	0	
519	0	0	
520	0	0	
521	0	0	
522	0	0	
523	0	1	
524	1	1	
525	0	0	
526	1	1	
527	0	0	
528	0	0	
529	1	1	
530	1	1	
531	0	0	
532	0	0	
533	0	0	
534	1	1	
535	0	0	
536	0	0	
537	0	0	
538	1	1	
539	1	1	
540	0	0	
541	0	0	
542	1	1	
543	1	0	
544	0	0	
545	1	0	
546	0	0	
547	1	1	
548	1	1	
549	0	0	
550	0	0	
551	0	0	
552	0	0	
553	0	0	
554	1	1	
555	1	1	
556	0	0	
557	0	1	
558	1	1	
559	0	0	
560	0	0	
561	1	1	
562	0	0	
563	1	1	
564	0	0	
565	0	0	
566	0	0	
567	0	0	
568	0	0	
569	0	0	
570	0	0	
571	0	0	
572	1	1	
573	1	1	
574	1	1	
575	0	1	
576	1	1	
577	0	0	
578	1	1	
579	1	1	
580	0	0	
581	0	0	
582	1	1	
583	1	1	
584	0	0	
585	0	0	
586	0	0	
587	0	0	
588	0	0	
589	1	1	
590	0	0	
591	1	1	
592	1	1	
593	1	1	
594	1	1	
595	1	1	
596	1	1	
597	1	1	
598	0	0	
599	0	0	
600	0	1	
601	0	0	
602	1	1	
603	0	0	
604	1	0	
605	0	0	
606	0	0	
607	1	1	
608	1	1	
609	0	0	
610	1	1	
611	0	0	
612	1	1	
613	0	0	
614	0	0	
615	0	0	
616	0	0	
617	0	0	
618	0	0	
619	0	0	
620	0	0	
621	0	0	
622	1	1	
623	1	1	
624	1	1	
625	1	1	
626	0	1	
627	0	0	
628	0	0	
629	0	0	
630	0	0	
631	1	0	
632	1	1	
633	0	0	
634	1	1	
635	0	0	
636	1	1	
637	0	0	
638	1	1	
639	1	1	
640	1	1	
641	0	0	
642	0	0	
643	1	1	
644	1	1	
645	1	1	
646	0	0	
647	1	1	
648	0	0	
649	1	1	
650	1	1	
651	0	0	
652	1	1	
653	0	0	
654	0	0	
655	0	0	
656	0	0	
657	1	1	
658	0	0	
659	0	0	
660	0	0	
661	0	0	
662	0	0	
663	1	1	
664	1	1	
665	1	1	
666	0	1	
667	1	1	
668	0	0	
669	1	1	
670	1	1	
671	0	0	
672	0	0	
673	0	0	
674	0	0	
675	0	0	
676	0	0	
677	0	0	
678	1	1	
679	0	0	
680	0	1	
681	1	1	
682	1	1	
683	1	1	
684	1	1	
685	0	1	
686	0	0	
687	1	1	
688	1	1	
689	0	0	
690	1	1	
691	1	1	
692	0	0	
693	1	1	
694	0	0	
695	1	1	
696	1	1	
697	0	0	
698	1	1	
699	1	1	
700	0	0	
701	1	1	
702	0	0	
703	0	0	
704	1	1	
705	0	0	
706	0	0	
707	1	1	
708	0	0	
709	1	1	
710	0	0	
711	0	0	
712	0	0	
713	0	0	
714	0	0	
715	0	0	
716	0	0	
717	1	1	
718	1	1	
719	1	1	
720	0	0	
721	1	1	
722	1	1	
723	0	0	
724	1	1	
725	0	0	
726	1	1	
727	0	0	
728	0	0	
729	1	1	
730	1	1	
731	0	0	
732	0	1	
733	0	0	
734	1	1	
735	1	1	
736	0	0	
737	0	0	
738	0	0	
739	0	0	
740	1	1	
741	1	1	
742	0	0	
743	0	0	
744	0	0	
745	1	1	
746	1	0	
747	1	1	
748	0	0	
749	1	1	
750	0	0	
751	0	0	
752	1	1	
753	0	0	
754	0	0	
755	1	1	
756	1	1	
757	1	1	
758	1	1	
759	0	0	
760	1	1	
761	1	1	
762	0	0	
763	0	0	
764	1	1	
765	0	0	
766	0	1	
767	0	0	
768	1	0	
769	1	1	
770	1	1	
771	1	1	
772	0	0	
773	0	0	
774	0	0	
775	1	1	
776	1	1	
777	1	1	
778	0	0	
779	0	0	
780	1	1	
781	0	0	
782	1	1	
783	1	1	
784	1	1	
785	0	0	
786	1	1	
787	1	1	
788	0	0	
789	0	0	
790	0	0	
791	0	0	
792	1	1	
793	1	1	
794	1	1	
795	0	0	
796	1	1	
797	1	1	
798	0	0	
799	1	1	
800	0	0	
801	1	1	
802	0	1	
803	0	0	
804	0	0	
805	0	0	
806	0	0	
807	0	0	
808	0	0	
809	0	0	
810	1	1	
811	0	0	
812	0	0	
813	0	1	
814	1	1	
815	0	0	
816	1	1	
817	1	1	
818	1	1	
819	1	0	
820	0	0	
821	0	0	
822	1	1	
823	1	1	
824	1	1	
825	0	0	
826	1	1	
827	0	0	
828	0	0	
829	1	1	
830	0	0	
831	0	0	
832	1	1	
833	0	0	
834	0	0	
835	0	0	
836	0	0	
837	1	1	
838	1	0	
839	1	1	
840	1	1	
841	0	0	
842	0	0	
843	0	1	
844	0	0	
845	1	1	
846	1	1	
847	0	0	
848	0	0	
849	0	1	
850	1	1	
851	0	0	
852	0	0	
853	0	0	
854	1	1	
855	0	0	
856	1	1	
857	1	1	
858	0	0	
859	1	1	
860	0	0	
861	1	1	
862	0	0	
863	0	0	
864	0	0	
865	1	0	
866	1	1	
867	0	0	
868	0	0	
869	1	1	
870	0	0	
871	0	0	
872	1	1	
873	0	1	
874	1	1	
875	0	0	
876	0	0	
877	0	0	
878	1	1	
879	0	0	
880	1	1	
881	0	0	
882	0	0	
883	1	1	
884	1	1	
885	1	1	
886	0	0	
887	0	0	
888	0	0	
889	0	0	
890	1	1	
891	0	0	
892	1	1	
893	1	1	
894	0	0	
895	1	1	
896	0	0	
897	1	1	
898	0	0	
899	1	1	
900	0	0	
901	1	1	
902	0	0	
903	0	0	
904	0	1	
905	0	0	
906	0	0	
907	1	1	
908	1	1	
909	1	1	
910	0	0	
911	1	1	
912	0	0	
913	0	0	
914	1	1	
915	1	1	
916	0	0	
917	0	0	
918	0	0	
919	1	0	
920	0	0	
921	0	0	
922	1	1	
923	1	1	
924	0	0	
925	1	1	
926	0	0	
927	1	1	
928	0	0	
929	1	0	
930	1	1	
931	0	0	
932	1	1	
933	1	1	
934	1	1	
935	0	0	
936	0	1	
937	1	1	
938	0	0	
939	1	1	
940	0	0	
941	0	0	
942	1	1	
943	0	0	
944	0	1	
945	0	0	
946	1	1	
947	1	1	
948	1	1	
949	0	0	
950	0	0	
951	0	0	
952	0	0	
953	0	0	
954	1	0	
955	0	0	
956	0	0	
957	1	1	
958	1	1	
959	1	1	
960	0	0	
961	0	0	
962	0	0	
963	0	0	
964	1	1	
965	1	1	
966	1	0	
967	1	1	
968	1	1	
969	0	0	
970	0	0	
971	1	1	
972	0	0	
973	0	0	
974	1	1	
975	0	0	
976	1	1	
977	0	1	
978	1	1	
979	1	0	
980	0	0	
981	1	1	
982	1	1	
983	1	1	
984	1	1	
985	1	1	
986	0	0	
987	1	1	
988	1	1	
989	1	1	
990	1	1	
991	0	0	
992	1	1	
993	1	1	
994	0	0	
995	1	0	
996	0	0	
997	0	0	
998	0	0	
999	0	0	
1000	0	0	
1001	0	0	
1002	0	0	
1003	0	1	
1004	0	1	
1005	0	0	
1006	1	1	
1007	1	1	
1008	0	0	
1009	0	0	
1010	1	1	
1011	0	1	
1012	1	1	
1013	0	0	
1014	0	0	
1015	1	1	
1016	1	1	
1017	1	1	
1018	0	0	
1019	1	0	
1020	1	1	
1021	1	1	
1022	0	0	
1023	1	1	
1024	0	0	
1025	1	1	
1026	1	1	
1027	1	1	
1028	0	0	
1029	1	1	
1030	1	0	
1031	1	1	
1032	0	0	
1033	0	0	
1034	1	1	
1035	0	0	
1036	1	1	
1037	1	1	
1038	1	1	
1039	0	0	
1040	1	1	
1041	1	1	
1042	0	0	
1043	1	0	
1044	0	0	
1045	0	0	
1046	0	0	
1047	0	0	
1048	0	0	
1049	1	1	
1050	0	0	
1051	0	0	
1052	0	0	
1053	0	0	
1054	0	0	
1055	1	1	
1056	1	1	
1057	0	0	
1058	0	0	
1059	0	0	
1060	0	0	
1061	0	0	
1062	0	0	
1063	1	1	
1064	1	1	
1065	0	0	
1066	0	0	
1067	0	0	
1068	0	1	
1069	0	0	
1070	0	0	
1071	1	1	
1072	0	0	
1073	0	0	
1074	1	1	
1075	1	1	
1076	0	0	
1077	0	0	
1078	0	1	
1079	1	1	
1080	1	0	
1081	0	0	
1082	0	0	
1083	1	1	
1084	1	1	
1085	0	0	
1086	0	0	
1087	1	1	
1088	0	0	
1089	0	0	
1090	1	1	
1091	1	1	
1092	0	0	
1093	1	1	
1094	1	1	
1095	1	1	
1096	0	0	
1097	0	0	
1098	0	1	
1099	1	1	
1100	1	1	
1101	1	1	
1102	0	0	
1103	1	0	
1104	1	1	
1105	0	0	
1106	1	1	
1107	0	0	
1108	0	0	
1109	0	0	
1110	1	1	
1111	0	0	
1112	0	0	
1113	1	1	
1114	0	0	
1115	1	1	
1116	1	1	
1117	1	1	
1118	1	1	
1119	1	1	
1120	1	1	
1121	0	1	
1122	0	0	
1123	1	1	
1124	0	0	
1125	1	1	
1126	1	1	
1127	0	0	
1128	0	1	
1129	0	0	
1130	1	1	
1131	1	0	
1132	0	0	
1133	0	0	
1134	1	1	
1135	1	1	
1136	0	0	
1137	0	0	
1138	0	0	
1139	0	0	
1140	1	1	
1141	0	0	
1142	0	0	
1143	1	1	
1144	0	0	
1145	0	0	
1146	1	1	
1147	0	0	
1148	0	0	
1149	0	0	
1150	1	0	
1151	0	0	
1152	0	0	
1153	1	1	
1154	1	1	
1155	0	0	
1156	1	1	
1157	0	0	
1158	0	0	
1159	1	1	
1160	1	1	
1161	0	0	
1162	0	0	
1163	0	0	
1164	0	0	
1165	0	0	
1166	1	1	
1167	1	0	
1168	1	1	
1169	1	1	
1170	1	1	
1171	1	1	
1172	1	1	
1173	1	1	
1174	1	1	
1175	0	0	
1176	0	1	
1177	1	1	
1178	0	0	
1179	1	1	
1180	0	0	
1181	0	0	
1182	0	0	
1183	0	0	
1184	1	0	
1185	0	0	
1186	1	1	
1187	0	0	
1188	1	1	
1189	1	1	
1190	1	1	
1191	1	1	
1192	1	1	
1193	0	0	
1194	1	0	
1195	1	0	
1196	1	1	
1197	1	0	
1198	1	1	
1199	0	1	
1200	1	1	
1201	0	0	
1202	1	1	
1203	0	0	
1204	1	1	
1205	1	1	
1206	0	0	
1207	0	0	
1208	0	0	
1209	0	0	
1210	0	0	
1211	1	1	
1212	0	1	
1213	0	0	
1214	1	1	
1215	1	1	
1216	0	0	
1217	0	0	
1218	0	0	
1219	0	0	
1220	0	0	
1221	0	0	
1222	1	1	
1223	0	0	
1224	1	1	
1225	1	1	
1226	0	0	
1227	1	1	
1228	1	1	
1229	1	1	
1230	0	0	
1231	0	0	
1232	0	0	
1233	0	1	
1234	1	1	
1235	1	0	
1236	0	0	
1237	1	1	
1238	1	0	
1239	0	1	
1240	0	0	
1241	0	0	
1242	1	1	
1243	1	1	
1244	1	1	
1245	0	0	
1246	0	0	
1247	0	0	
1248	0	0	
1249	0	0	
1250	0	0	
1251	0	0	
1252	1	1	
1253	0	0	
1254	0	0	
1255	0	0	
1256	1	1	
1257	0	0	
1258	0	0	
1259	1	0	
1260	0	0	
1261	0	0	
1262	0	0	
1263	0	1	
1264	1	1	
1265	0	0	
1266	1	0	
1267	0	0	
1268	0	0	
1269	1	1	
1270	1	1	
1271	1	1	
1272	0	0	
1273	1	1	
1274	0	0	
1275	1	1	
1276	1	1	
1277	0	0	
1278	1	1	
1279	1	1	
1280	1	1	
1281	0	0	
1282	0	0	
1283	0	0	
1284	1	1	
1285	1	1	
1286	0	0	
1287	0	0	
1288	1	0	
1289	0	0	
1290	0	0	
1291	0	0	
1292	0	0	
1293	0	0	
1294	0	0	
1295	0	0	
1296	0	0	
1297	0	1	
1298	0	0	
1299	0	0	
1300	1	1	
1301	1	1	
1302	0	0	
1303	1	1	
1304	1	1	
1305	1	1	
1306	0	0	
1307	0	0	
1308	1	1	
1309	0	0	
1310	1	1	
1311	1	1	
1312	1	1	
1313	1	1	
1314	1	1	
1315	1	1	
1316	1	1	
1317	1	1	
1318	1	1	
1319	0	0	
1320	0	0	
1321	0	0	
1322	1	1	
1323	0	0	
1324	0	1	
1325	0	0	
1326	0	0	
1327	1	1	
1328	0	0	
1329	1	0	
1330	0	0	
1331	1	1	
1332	0	0	
1333	0	0	
1334	0	0	
1335	1	1	
1336	0	0	
1337	0	1	
1338	1	1	
1339	0	0	
1340	0	0	
1341	0	0	
1342	0	0	
1343	1	1	
1344	1	1	
1345	1	1	
1346	0	0	
1347	1	1	
1348	0	0	
1349	1	1	
1350	0	0	
1351	1	1	
1352	1	1	
1353	0	0	
1354	0	0	
1355	0	0	
1356	0	0	
1357	1	1	
1358	0	0	
1359	1	1	
1360	1	1	
1361	0	0	
1362	0	0	
1363	1	0	
1364	1	1	
1365	0	0	
1366	1	1	
1367	0	0	
1368	0	1	
1369	1	0	
1370	1	1	
1371	0	0	
1372	0	0	
1373	0	0	
1374	1	1	
1375	1	1	
1376	0	0	
1377	0	0	
1378	0	0	
1379	1	1	
1380	1	1	
1381	0	0	
1382	1	1	
1383	1	1	
1384	0	1	
1385	0	0	
1386	1	1	
1387	1	1	
1388	1	1	
1389	0	0	
1390	0	0	
1391	0	0	
1392	0	0	
1393	1	1	
1394	0	0	
1395	0	0	
1396	1	1	
1397	1	0	
1398	1	1	
1399	1	1	
1400	0	0	
1401	1	1	
1402	1	0	
1403	0	0	
1404	0	0	
1405	0	0	
1406	1	1	
1407	1	0	
1408	1	1	
1409	1	1	
1410	0	0	
1411	0	0	
1412	1	1	
1413	0	0	
1414	0	0	
1415	1	0	
1416	0	0	
1417	0	0	
1418	0	0	
1419	1	1	
1420	0	0	
1421	0	0	
1422	0	0	
1423	1	1	
1424	1	1	
1425	0	0	
1426	0	1	
1427	1	1	
1428	1	1	
1429	1	0	
1430	0	0	
1431	1	1	
1432	1	1	
1433	1	1	
1434	1	1	
1435	1	1	
1436	1	1	
1437	0	0	
1438	0	1	
1439	0	1	
1440	0	0	
1441	1	1	
1442	1	1	
1443	0	0	
1444	1	0	
1445	0	0	
1446	0	0	
1447	0	0	
1448	1	1	
1449	0	0	
1450	0	0	
1451	1	1	
1452	0	0	
1453	0	0	
1454	0	0	
1455	0	0	
1456	0	0	
1457	1	1	
1458	0	0	
1459	1	1	
1460	0	0	
1461	0	0	
1462	0	0	
1463	0	1	
1464	0	0	
1465	1	1	
1466	1	1	
1467	1	1	
1468	0	0	
1469	1	1	
1470	1	1	
1471	0	0	
1472	1	1	
1473	0	0	
1474	0	0	
1475	1	1	
1476	1	1	
1477	1	1	
1478	1	1	
1479	0	0	
1480	1	1	
1481	1	0	
1482	0	0	
1483	1	1	
1484	1	1	
1485	1	1	
1486	0	0	
1487	0	0	
1488	0	0	
1489	0	0	
1490	0	0	
1491	1	1	
1492	1	1	
1493	1	1	
1494	0	0	
1495	1	0	
1496	1	1	
1497	0	1	
1498	1	1	
1499	0	0	
1500	1	1	
1501	0	1	
1502	1	1	
1503	1	1	
1504	0	0	
1505	1	1	
1506	1	1	
1507	0	0	
1508	0	0	
1509	1	0	
1510	0	0	
1511	1	1	
1512	0	0	
1513	0	0	
1514	1	1	
1515	0	0	
1516	1	1	
1517	1	1	
1518	1	1	
1519	0	0	
1520	1	1	
1521	0	0	
1522	0	0	
1523	0	0	
1524	1	1	
1525	0	0	
1526	1	1	
1527	0	0	
1528	1	0	
1529	0	0	
1530	0	0	
1531	0	0	
1532	1	1	
1533	1	1	
1534	0	0	
1535	1	0	
1536	0	1	
1537	0	0	
1538	1	1	
1539	0	0	
1540	0	0	
1541	0	0	
1542	1	1	
1543	0	0	
1544	0	0	
1545	0	0	
1546	1	0	
1547	0	0	
1548	1	1	
1549	0	0	
1550	0	0	
1551	0	0	
1552	0	0	
1553	1	1	
1554	1	1	
1555	0	0	
1556	0	0	
1557	0	0	
1558	1	1	
1559	1	1	
1560	1	1	
1561	0	0	
1562	0	0	
1563	0	0	
1564	1	1	
1565	1	1	
1566	0	0	
1567	0	0	
1568	0	0	
1569	1	1	
1570	0	0	
1571	1	1	
1572	0	0	
1573	0	0	
1574	0	1	
1575	1	0	
1576	1	1	
1577	0	0	
1578	0	0	
1579	1	0	
1580	1	0	
1581	0	0	
1582	0	0	
1583	0	0	
1584	0	1	
1585	1	1	
1586	0	0	
1587	1	1	
1588	0	1	
1589	1	0	
1590	1	1	
1591	1	1	
1592	1	1	
1593	1	0	
1594	0	0	
1595	0	0	
1596	1	0	
1597	0	0	
1598	1	1	
1599	1	1	
1600	0	0	
1601	0	0	
1602	1	0	
1603	0	0	
1604	1	1	
1605	0	0	
1606	1	1	
1607	0	0	
1608	0	0	
1609	0	1	
1610	0	0	
1611	0	0	
1612	0	0	
1613	1	1	
1614	1	0	
1615	0	0	
1616	1	1	
1617	0	0	
1618	1	1	
1619	0	0	
1620	0	0	
1621	0	0	
1622	0	0	
1623	1	1	
1624	0	0	
1625	0	0	
1626	1	0	
1627	0	0	
1628	0	0	
1629	0	0	
1630	0	0	
1631	1	1	
1632	0	0	
1633	0	0	
1634	0	0	
1635	1	1	
1636	1	1	
1637	1	0	
1638	1	1	
1639	0	1	
1640	0	0	
1641	0	0	
1642	0	0	
1643	1	0	
1644	0	0	
1645	0	0	
1646	0	0	
1647	1	1	
1648	0	0	
1649	1	1	
1650	1	1	
1651	1	1	
1652	1	1	
1653	1	1	
1654	1	0	
1655	1	1	
1656	0	0	
1657	0	0	
1658	1	1	
1659	1	1	
1660	0	1	
1661	0	1	
1662	0	0	
1663	0	0	
1664	1	0	
1665	1	1	
1666	0	1	
1667	0	0	
1668	0	0	
1669	1	1	
1670	0	0	
1671	0	0	
1672	1	1	
1673	1	1	
1674	1	1	
1675	1	1	
1676	1	1	
1677	1	1	
1678	1	1	
1679	0	0	
1680	0	1	
1681	1	1	
1682	0	0	
1683	1	1	
1684	1	1	
1685	0	0	
1686	0	0	
1687	0	1	
1688	1	1	
1689	1	1	
1690	0	0	
1691	0	0	
1692	1	1	
1693	1	1	
1694	1	1	
1695	1	1	
1696	1	1	
1697	1	1	
1698	0	0	
1699	1	1	
1700	0	0	
1701	1	1	
1702	1	1	
1703	0	0	
1704	1	1	
1705	0	0	
1706	1	1	
1707	1	1	
1708	0	0	
1709	1	1	
1710	1	1	
1711	1	1	
1712	1	1	
1713	1	1	
1714	0	0	
1715	1	1	
1716	0	0	
1717	1	1	
1718	1	1	
1719	1	1	
1720	0	0	
1721	1	1	
1722	0	0	
1723	0	0	
1724	0	0	
1725	0	0	
1726	1	1	
1727	1	1	
1728	0	0	
1729	1	1	
1730	1	1	
1731	1	1	
1732	1	1	
1733	1	1	
1734	0	0	
1735	0	0	
1736	1	1	
1737	1	1	
1738	1	1	
1739	1	1	
1740	1	1	
1741	1	1	
1742	0	0	
1743	1	1	
1744	1	1	
1745	0	0	
1746	1	0	
1747	0	0	
1748	1	1	
1749	1	1	
1750	1	1	
1751	0	0	
1752	0	1	
1753	0	0	
1754	0	0	
1755	0	0	
1756	1	1	
1757	0	0	
1758	0	0	
1759	1	1	
1760	0	0	
1761	1	1	
1762	1	1	
1763	0	0	
1764	1	1	
1765	1	1	
1766	0	0	
1767	1	1	
1768	1	1	
1769	1	1	
1770	0	0	
1771	1	1	
1772	1	0	
1773	1	1	
1774	1	1	
1775	0	0	
1776	0	0	
1777	1	1	
1778	0	0	
1779	0	0	
1780	1	1	
1781	0	0	
1782	1	1	
1783	0	0	
1784	0	1	
1785	0	0	
1786	1	0	
1787	1	1	
1788	1	1	
1789	1	1	
1790	0	0	
1791	0	0	
1792	0	0	
1793	1	0	
1794	1	0	
1795	0	0	
1796	1	1	
1797	1	1	
1798	0	0	
1799	1	1	
1800	1	1	
1801	0	0	
1802	0	0	
1803	0	0	
1804	1	1	
1805	1	0	
1806	0	0	
1807	0	1	
1808	1	1	
1809	0	0	
1810	1	0	
1811	1	1	
1812	0	0	
1813	1	1	
1814	0	0	
1815	0	0	
1816	0	0	
1817	0	0	
1818	1	1	
1819	1	1	
1820	0	0	
1821	0	0	
1822	0	0	
1823	0	0	
1824	0	1	
1825	1	1	
1826	1	1	
1827	0	0	
1828	1	0	
1829	0	1	
1830	1	1	
1831	1	1	
1832	1	0	
1833	0	0	
1834	0	0	
1835	0	0	
1836	0	0	
1837	1	1	
1838	1	1	
1839	0	1	
1840	0	0	
1841	0	0	
1842	0	0	
1843	0	0	
1844	0	0	
1845	1	1	
1846	0	0	
1847	1	1	
1848	0	0	
1849	1	1	
1850	0	0	
1851	1	0	
1852	1	1	
1853	0	0	
1854	1	1	
1855	0	0	
1856	1	1	
1857	1	0	
1858	1	0	
1859	0	0	
1860	1	0	
1861	0	0	
1862	0	0	
1863	0	0	
1864	1	1	
1865	0	0	
1866	1	0	
1867	1	0	
1868	1	1	
1869	1	1	
1870	1	1	
1871	0	0	
1872	0	0	
1873	0	0	
1874	0	0	
1875	1	1	
1876	1	1	
1877	0	0	
1878	0	0	
1879	1	1	
1880	1	1	
1881	0	0	
1882	1	1	
1883	0	0	
1884	1	1	
1885	1	1	
1886	1	0	
1887	0	0	
1888	0	0	
1889	1	1	
1890	1	1	
1891	1	1	
1892	0	0	
1893	0	0	
1894	1	1	
1895	1	1	
1896	1	1	
1897	1	1	
1898	1	1	
1899	1	1	
1900	1	1	
1901	0	0	
1902	1	1	
1903	1	1	
1904	1	1	
1905	1	1	
1906	0	0	
1907	1	1	
1908	0	0	
1909	1	1	
1910	1	1	
1911	0	0	
1912	0	1	
1913	0	0	
1914	0	1	
1915	0	0	
1916	0	0	
1917	1	1	
1918	1	1	
1919	0	0	
1920	0	0	
1921	0	0	
1922	0	0	
1923	1	0	
1924	0	0	
1925	0	0	
1926	0	1	
1927	0	0	
1928	1	1	
1929	1	1	
1930	0	0	
1931	0	0	
1932	0	0	
1933	1	1	
1934	0	0	
1935	0	0	
1936	0	0	
1937	1	1	
1938	1	1	
1939	1	0	
1940	1	1	
1941	1	0	
1942	0	0	
1943	1	1	
1944	0	0	
1945	1	1	
1946	0	0	
1947	0	0	
1948	1	1	
1949	0	0	
1950	1	1	
1951	0	0	
1952	0	0	
1953	1	1	
1954	1	1	
1955	1	1	
1956	0	0	
1957	0	0	
1958	1	1	
1959	1	1	
1960	0	0	
1961	0	0	
1962	1	1	
1963	0	0	
1964	1	1	
1965	0	0	
1966	1	1	
1967	0	1	
1968	0	0	
1969	0	0	
1970	0	0	
1971	1	1	
1972	1	1	
1973	0	0	
1974	1	1	
1975	1	1	
1976	0	0	
1977	1	0	
1978	0	0	
1979	1	0	
1980	1	1	
1981	0	0	
1982	1	1	
1983	0	0	
1984	0	0	
1985	1	1	
1986	1	1	
1987	1	1	
1988	1	1	
1989	1	0	
1990	0	0	
1991	0	0	
1992	0	0	
1993	0	0	
1994	0	0	
1995	0	0	
1996	0	0	
1997	0	0	
1998	0	0	
1999	0	1	
2000	0	0	
2001	0	0	
2002	1	1	
2003	1	1	
2004	1	1	
2005	1	1	
2006	0	0	
2007	0	0	
2008	0	0	
2009	1	1	
2010	1	1	
2011	0	0	
2012	0	0	
2013	0	0	
2014	1	1	
2015	1	1	
2016	0	0	
2017	0	0	
2018	1	1	
2019	0	0	
2020	1	1	
2021	0	1	
2022	0	0	
2023	0	0	
2024	0	0	
2025	1	1	
2026	0	0	
2027	1	1	
2028	1	1	
2029	0	0	
2030	1	1	
2031	1	1	
2032	0	0	
2033	1	1	
2034	0	0	
2035	1	0	
2036	0	0	
2037	1	1	
2038	0	0	
2039	0	0	
2040	0	0	
2041	1	1	
2042	0	0	
2043	0	0	
2044	0	0	
2045	0	0	
2046	0	0	
2047	0	1	
2048	0	0	
2049	0	0	
2050	0	0	
2051	1	1	
2052	0	0	
2053	1	1	
2054	0	0	
2055	0	0	
2056	0	0	
2057	0	0	
2058	0	0	
2059	1	0	
2060	0	0	
2061	1	1	
2062	1	1	
2063	1	1	
2064	1	0	
2065	1	1	
2066	1	1	
2067	1	1	
2068	0	0	
2069	1	0	
2070	0	0	
2071	0	0	
2072	1	1	
2073	1	1	
2074	0	0	
2075	0	0	
2076	1	1	
2077	0	0	
2078	0	0	
2079	0	0	
2080	0	0	
2081	0	1	
2082	0	0	
2083	1	1	
2084	0	0	
2085	0	0	
2086	0	0	
2087	0	0	
2088	1	1	
2089	0	0	
2090	1	1	
2091	1	0	
2092	1	0	
2093	1	1	
2094	0	0	
2095	0	0	
2096	1	1	
2097	1	1	
2098	1	1	
2099	1	1	
2100	1	1	
2101	0	0	
2102	1	1	
2103	0	0	
2104	1	1	
2105	1	0	
2106	0	0	
2107	0	0	
2108	0	0	
2109	1	1	
2110	1	1	
2111	0	0	
2112	0	0	
2113	0	0	
2114	1	1	
2115	0	0	
2116	0	0	
2117	0	0	
2118	1	1	
2119	1	1	
2120	0	0	
2121	0	0	
2122	0	0	
2123	1	1	
2124	1	1	
2125	1	1	
2126	0	0	
2127	1	0	
2128	0	0	
2129	0	0	
2130	0	0	
2131	0	0	
2132	1	1	
2133	1	0	
2134	0	0	
2135	1	1	
2136	1	1	
2137	0	0	
2138	1	1	
2139	0	0	
2140	1	1	
2141	1	1	
2142	1	1	
2143	1	1	
2144	0	0	
2145	1	1	
2146	0	0	
2147	1	1	
2148	1	1	
2149	0	0	
2150	0	0	
2151	0	0	
2152	0	0	
2153	1	1	
2154	0	0	
2155	1	1	
2156	1	1	
2157	1	0	
2158	0	0	
2159	0	0	
2160	0	0	
2161	1	1	
2162	0	0	
2163	1	1	
2164	1	0	
2165	0	1	
2166	1	0	
2167	1	1	
2168	0	0	
2169	0	0	
2170	0	1	
2171	1	1	
2172	0	0	
2173	1	1	
2174	0	0	
2175	1	1	
2176	1	1	
2177	1	1	
2178	0	0	
2179	1	1	
2180	0	0	
2181	1	1	
2182	1	1	
2183	1	1	
2184	1	1	
2185	1	1	
2186	0	1	
2187	0	0	
2188	0	0	
2189	0	0	
2190	1	1	
2191	1	1	
2192	1	1	
2193	1	1	
2194	0	0	
2195	0	0	
2196	0	0	
2197	0	0	
2198	0	0	
2199	0	0	
2200	0	0	
2201	1	1	
2202	0	0	
2203	0	0	
2204	0	0	
2205	1	1	
2206	0	0	
2207	0	0	
2208	1	1	
2209	1	1	
2210	0	0	
2211	0	0	
2212	1	1	
2213	0	0	
2214	1	1	
2215	0	0	
2216	0	0	
2217	1	1	
2218	0	0	
2219	0	0	
2220	0	0	
2221	1	1	
2222	1	1	
2223	1	0	
2224	0	0	
2225	1	1	
2226	0	0	
2227	1	1	
2228	0	0	
2229	1	0	
2230	1	1	
2231	1	1	
2232	0	1	
2233	0	0	
2234	1	1	
2235	0	0	
2236	0	0	
2237	1	1	
2238	0	0	
2239	1	1	
2240	1	1	
2241	0	0	
2242	0	0	
2243	1	1	
2244	1	1	
2245	1	1	
2246	0	0	
2247	0	0	
2248	1	1	
2249	1	1	
2250	0	0	
2251	0	1	
2252	1	1	
2253	1	1	
2254	0	0	
2255	0	0	
2256	0	0	
2257	0	0	
2258	0	0	
2259	0	0	
2260	1	0	
2261	1	1	
2262	1	1	
2263	0	0	
2264	1	1	
2265	1	1	
2266	1	1	
2267	0	0	
2268	0	0	
2269	0	0	
2270	0	0	
2271	1	1	
2272	1	1	
2273	0	0	
2274	1	1	
2275	0	0	
2276	1	1	
2277	0	0	
2278	1	0	
2279	0	0	
2280	0	0	
2281	0	0	
2282	1	1	
2283	0	0	
2284	0	0	
2285	0	0	
2286	1	1	
2287	0	0	
2288	0	0	
2289	0	0	
2290	0	1	
2291	1	0	
2292	0	0	
2293	1	1	
2294	0	0	
2295	1	1	
2296	1	1	
2297	0	0	
2298	1	1	
2299	0	0	
2300	0	0	
2301	1	0	
2302	0	0	
2303	0	0	
2304	0	0	
2305	0	0	
2306	1	1	
2307	1	1	
2308	0	0	
2309	0	0	
2310	0	0	
2311	0	0	
2312	0	0	
2313	0	0	
2314	1	1	
2315	0	0	
2316	0	0	
2317	0	0	
2318	0	0	
2319	0	0	
2320	1	0	
2321	1	1	
2322	1	1	
2323	0	0	
2324	0	0	
2325	1	1	
2326	1	1	
2327	1	1	
2328	1	1	
2329	0	0	
2330	0	0	
2331	1	1	
2332	0	0	
2333	1	1	
2334	0	0	
2335	1	0	
2336	1	0	
2337	1	1	
2338	1	1	
2339	1	1	
2340	1	1	
2341	0	0	
2342	0	0	
2343	1	1	
2344	0	0	
2345	0	0	
2346	1	0	
2347	0	0	
2348	0	0	
2349	0	0	
2350	0	0	
2351	1	1	
2352	1	1	
2353	1	1	
2354	0	0	
2355	0	0	
2356	1	1	
2357	0	0	
2358	1	1	
2359	1	0	
2360	0	0	
2361	0	0	
2362	0	0	
2363	0	0	
2364	1	1	
2365	1	1	
2366	0	0	
2367	1	1	
2368	0	0	
2369	0	0	
2370	1	1	
2371	0	0	
2372	1	1	
2373	1	1	
2374	0	0	
2375	1	1	
2376	0	1	
2377	1	1	
2378	0	0	
2379	0	0	
2380	1	1	
2381	0	0	
2382	0	0	
2383	0	0	
2384	1	1	
2385	1	0	
2386	1	1	
2387	1	1	
2388	1	1	
2389	1	1	
2390	0	0	
2391	0	0	
2392	0	0	
2393	1	1	
2394	1	1	
2395	0	0	
2396	1	1	
2397	0	0	
2398	1	1	
2399	1	1	
2400	0	0	
2401	1	1	
2402	0	0	
2403	0	0	
2404	0	0	
2405	1	0	
2406	0	0	
2407	1	1	
2408	0	1	
2409	0	0	
2410	0	0	
2411	0	0	
2412	0	0	
2413	0	0	
2414	0	0	
2415	1	1	
2416	0	0	
2417	1	1	
2418	0	0	
2419	1	1	
2420	0	0	
2421	1	0	
2422	0	0	
2423	1	1	
2424	1	1	
2425	1	1	
2426	0	0	
2427	0	0	
2428	1	1	
2429	0	0	
2430	0	1	
2431	0	0	
2432	0	0	
2433	1	0	
2434	0	0	
2435	0	0	
2436	0	0	
2437	0	1	
2438	0	0	
2439	0	0	
2440	0	0	
2441	0	0	
2442	0	0	
2443	0	0	
2444	1	1	
2445	1	1	
2446	0	0	
2447	0	0	
2448	0	0	
2449	1	1	
2450	0	0	
2451	0	0	
2452	0	0	
2453	1	0	
2454	1	1	
2455	0	0	
2456	1	1	
2457	0	0	
2458	0	0	
2459	0	0	
2460	1	1	
2461	1	1	
2462	1	1	
2463	0	0	
2464	0	0	
2465	0	0	
2466	0	0	
2467	0	0	
2468	0	0	
2469	1	1	
2470	1	1	
2471	0	0	
2472	0	1	
2473	0	0	
2474	0	0	
2475	0	0	
2476	1	1	
2477	1	1	
2478	1	1	
2479	0	0	
2480	1	1	
2481	1	1	
2482	0	0	
2483	0	0	
2484	0	0	
2485	1	1	
2486	0	0	
2487	1	1	
2488	1	1	
2489	0	0	
2490	0	0	
2491	0	0	
2492	0	0	
2493	0	0	
2494	0	0	
2495	1	1	
2496	0	0	
2497	1	1	
2498	1	1	
2499	0	0	
2500	1	1	
2501	1	1	
2502	1	1	
2503	0	0	
2504	0	0	
2505	1	0	
2506	0	0	
2507	1	1	
2508	0	0	
2509	0	0	
2510	0	0	
2511	1	1	
2512	0	0	
2513	0	0	
2514	1	0	
2515	0	0	
2516	1	1	
2517	1	1	
2518	1	1	
2519	1	0	
2520	0	0	
2521	1	1	
2522	0	0	
2523	1	1	
2524	0	0	
2525	1	1	
2526	0	1	
2527	0	0	
2528	0	0	
2529	1	1	
2530	0	0	
2531	0	1	
2532	0	0	
2533	0	0	
2534	0	0	
2535	0	0	
2536	0	0	
2537	1	1	
2538	1	1	
2539	1	1	
2540	0	0	
2541	0	0	
2542	0	0	
2543	1	1	
2544	1	1	
2545	0	0	
2546	0	0	
2547	1	1	
2548	1	1	
2549	0	0	
2550	1	1	
2551	0	1	
2552	0	1	
2553	0	0	
2554	0	0	
2555	1	1	
2556	1	1	
2557	0	0	
2558	0	0	
2559	0	1	
2560	1	1	
2561	1	1	
2562	0	0	
2563	1	1	
2564	0	0	
2565	1	1	
2566	1	1	
2567	1	1	
2568	0	0	
2569	1	1	
2570	0	0	
2571	1	0	
2572	1	1	
2573	1	1	
2574	1	0	
2575	1	1	
2576	0	0	
2577	1	1	
2578	1	1	
2579	0	0	
2580	1	1	
2581	1	1	
2582	1	1	
2583	0	0	
2584	0	0	
2585	1	1	
2586	1	1	
2587	0	0	
2588	0	0	
2589	1	1	
2590	0	1	
2591	0	1	
2592	0	0	
2593	0	0	
2594	1	1	
2595	1	1	
2596	1	1	
2597	1	0	
2598	0	0	
2599	0	0	
2600	1	1	
2601	0	0	
2602	1	1	
2603	1	1	
2604	1	1	
2605	0	0	
2606	1	1	
2607	1	1	
2608	0	0	
2609	1	0	
2610	0	0	
2611	0	0	
2612	0	0	
2613	1	1	
2614	0	0	
2615	0	0	
2616	0	0	
2617	0	0	
2618	0	1	
2619	1	1	
2620	1	0	
2621	0	0	
2622	1	1	
2623	1	1	
2624	1	1	
2625	1	1	
2626	0	0	
2627	0	0	
2628	0	0	
2629	1	1	
2630	0	1	
2631	1	1	
2632	1	1	
2633	1	1	
2634	1	1	
2635	1	0	
2636	0	0	
2637	1	1	
2638	1	1	
2639	0	0	
2640	0	1	
2641	1	1	
2642	1	1	
2643	1	1	
2644	1	1	
2645	0	0	
2646	0	0	
2647	0	0	
2648	1	0	
2649	0	0	
2650	1	1	
2651	0	0	
2652	1	1	
2653	0	0	
2654	1	0	
2655	0	0	
2656	1	1	
2657	0	0	
2658	1	1	
2659	1	1	
2660	0	0	
2661	1	1	
2662	0	0	
2663	1	1	
2664	0	0	
2665	0	0	
2666	1	1	
2667	0	0	
2668	0	0	
2669	1	1	
2670	0	0	
2671	0	0	
2672	0	0	
2673	1	1	
2674	1	1	
2675	1	1	
2676	1	1	
2677	0	0	
2678	1	1	
2679	0	0	
2680	1	1	
2681	0	0	
2682	1	1	
2683	1	1	
2684	0	0	
2685	0	0	
2686	1	1	
2687	0	0	
2688	1	1	
2689	1	0	
2690	0	0	
2691	1	1	
2692	1	1	
2693	1	1	
2694	1	1	
2695	1	1	
2696	0	0	
2697	0	0	
2698	1	0	
2699	0	0	
2700	0	0	
2701	0	0	
2702	1	1	
2703	1	1	
2704	1	0	
2705	1	1	
2706	0	0	
2707	1	1	
2708	1	1	
2709	1	1	
2710	1	1	
2711	0	0	
2712	0	0	
2713	1	1	
2714	1	1	
2715	1	1	
2716	1	0	
2717	1	0	
2718	0	0	
2719	1	1	
2720	0	0	
2721	1	1	
2722	1	1	
2723	0	0	
2724	1	1	
2725	1	1	
2726	1	0	
2727	0	0	
2728	0	0	
2729	0	0	
2730	0	0	
2731	0	0	
2732	0	0	
2733	0	0	
2734	0	0	
2735	1	1	
2736	1	1	
2737	0	0	
2738	0	0	
2739	0	0	
2740	0	0	
2741	0	0	
2742	0	0	
2743	0	0	
2744	0	0	
2745	1	1	
2746	0	0	
2747	1	1	
2748	0	0	
2749	1	1	
2750	1	0	
2751	1	1	
2752	1	1	
2753	0	0	
2754	0	0	
2755	1	1	
2756	1	1	
2757	1	1	
2758	1	1	
2759	1	1	
2760	1	1	
2761	0	0	
2762	1	1	
2763	1	0	
2764	1	1	
2765	1	0	
2766	0	0	
2767	0	0	
2768	0	0	
2769	1	1	
2770	0	0	
2771	1	1	
2772	1	1	
2773	0	0	
2774	1	1	
2775	1	1	
2776	0	0	
2777	1	1	
2778	1	1	
2779	1	1	
2780	0	0	
2781	1	1	
2782	1	1	
2783	1	1	
2784	0	0	
2785	0	0	
2786	0	0	
2787	0	0	
2788	1	1	
2789	0	0	
2790	0	0	
2791	1	1	
2792	0	0	
2793	0	0	
2794	0	0	
2795	1	1	
2796	0	0	
2797	0	0	
2798	1	1	
2799	1	1	
2800	1	1	
2801	1	1	
2802	0	0	
2803	1	1	
2804	1	1	
2805	0	0	
2806	0	0	
2807	1	0	
2808	1	1	
2809	1	1	
2810	1	1	
2811	1	1	
2812	0	0	
2813	1	1	
2814	0	0	
2815	1	1	
2816	1	1	
2817	0	0	
2818	0	0	
2819	0	0	
2820	0	0	
2821	0	0	
2822	1	1	
2823	0	0	
2824	0	0	
2825	0	0	
2826	0	0	
2827	0	0	
2828	1	1	
2829	1	1	
2830	0	1	
2831	0	0	
2832	1	1	
2833	0	0	
2834	0	0	
2835	1	1	
2836	1	1	
2837	1	1	
2838	0	0	
2839	1	1	
2840	1	0	
2841	1	1	
2842	0	0	
2843	1	1	
2844	1	1	
2845	1	1	
2846	1	1	
2847	0	0	
2848	0	0	
2849	1	1	
2850	0	0	
2851	1	1	
2852	1	1	
2853	0	0	
2854	0	0	
2855	0	1	
2856	0	0	
2857	0	0	
2858	1	1	
2859	1	1	
2860	1	1	
2861	0	0	
2862	1	1	
2863	1	1	
2864	0	0	
2865	1	1	
2866	0	0	
2867	1	1	
2868	0	0	
2869	0	0	
2870	0	0	
2871	0	0	
2872	0	0	
2873	1	1	
2874	0	0	
2875	1	1	
2876	0	0	
2877	1	1	
2878	1	1	
2879	1	1	
2880	1	1	
2881	0	0	
2882	0	0	
2883	1	1	
2884	1	1	
2885	1	1	
2886	1	1	
2887	0	0	
2888	0	0	
2889	0	1	
2890	1	0	
2891	1	1	
2892	1	1	
2893	0	0	
2894	1	1	
2895	0	0	
2896	1	1	
2897	0	0	
2898	0	0	
2899	0	0	
2900	0	0	
2901	0	0	
2902	1	1	
2903	0	0	
2904	1	0	
2905	0	1	
2906	0	1	
2907	0	0	
2908	1	1	
2909	0	0	
2910	0	0	
2911	1	0	
2912	0	1	
2913	1	1	
2914	0	0	
2915	0	0	
2916	0	0	
2917	0	0	
2918	0	0	
2919	0	0	
2920	0	0	
2921	0	0	
2922	1	1	
2923	1	1	
2924	0	0	
2925	1	1	
2926	1	1	
2927	0	0	
2928	0	0	
2929	1	1	
2930	1	1	
2931	0	0	
2932	0	0	
2933	0	0	
2934	0	0	
2935	0	0	
2936	0	0	
2937	0	0	
2938	1	1	
2939	0	0	
2940	1	1	
2941	1	1	
2942	1	1	
2943	1	1	
2944	0	0	
2945	1	1	
2946	1	1	
2947	1	1	
2948	1	1	
2949	0	1	
2950	0	1	
2951	0	0	
2952	1	1	
2953	0	0	
2954	1	1	
2955	0	0	
2956	0	0	
2957	1	1	
2958	0	0	
2959	0	1	
2960	0	0	
2961	0	0	
2962	1	0	
2963	0	0	
2964	1	1	
2965	0	0	
2966	0	0	
2967	1	1	
2968	1	1	
2969	1	1	
2970	1	1	
2971	0	0	
2972	0	0	
2973	0	0	
2974	0	0	
2975	1	1	
2976	1	1	
2977	0	0	
2978	1	1	
2979	0	0	
2980	1	1	
2981	1	1	
2982	0	0	
2983	1	1	
2984	0	0	
2985	1	1	
2986	0	0	
2987	1	1	
2988	1	1	
2989	1	1	
2990	1	1	
2991	1	1	
2992	0	0	
2993	1	0	
2994	0	0	
2995	0	0	
2996	1	1	
2997	1	1	
2998	0	0	
2999	0	0	
3000	1	1	
3001	0	1	
3002	1	0	
3003	1	1	
3004	0	0	
3005	0	0	
3006	1	1	
3007	1	0	
3008	1	1	
3009	1	1	
3010	0	0	
3011	1	0	
3012	0	0	
3013	1	1	
3014	1	1	
3015	1	1	
3016	0	0	
3017	0	1	
3018	0	0	
3019	0	0	
3020	0	0	
3021	1	1	
3022	0	0	
3023	1	1	
3024	1	1	
3025	1	1	
3026	0	0	
3027	0	0	
3028	1	1	
3029	1	1	
3030	1	1	
3031	1	1	
3032	1	1	
3033	0	0	
3034	1	0	
3035	0	0	
3036	0	0	
3037	0	0	
3038	0	0	
3039	0	0	
3040	1	1	
3041	0	0	
3042	1	1	
3043	1	0	
3044	0	0	
3045	1	1	
3046	1	1	
3047	0	0	
3048	1	1	
3049	0	0	
3050	0	0	
3051	1	1	
3052	0	0	
3053	1	1	
3054	0	1	
3055	0	0	
3056	1	1	
3057	0	0	
3058	0	0	
3059	0	0	
3060	1	0	
3061	1	1	
3062	0	0	
3063	0	0	
3064	0	0	
3065	1	1	
3066	1	1	
3067	1	1	
3068	1	1	
3069	0	0	
3070	0	0	
3071	1	1	
3072	1	1	
3073	0	0	
3074	1	1	
3075	0	0	
3076	1	1	
3077	1	0	
3078	0	0	
3079	0	0	
3080	0	0	
3081	0	0	
3082	1	0	
3083	1	1	
3084	0	0	
3085	0	0	
3086	1	1	
3087	1	1	
3088	0	1	
3089	0	0	
3090	1	1	
3091	1	1	
3092	1	1	
3093	0	0	
3094	0	0	
3095	1	1	
3096	0	0	
3097	0	0	
3098	0	0	
3099	1	1	
3100	0	0	
3101	1	1	
3102	1	1	
3103	1	1	
3104	1	1	
3105	0	0	
3106	1	0	
3107	1	1	
3108	0	0	
3109	0	0	
3110	0	0	
3111	0	0	
3112	1	1	
3113	1	1	
3114	1	1	
3115	1	1	
3116	0	0	
3117	0	0	
3118	0	0	
3119	0	0	
3120	0	0	
3121	0	0	
3122	1	0	
3123	1	1	
3124	1	1	
3125	1	1	
3126	1	1	
3127	1	1	
3128	0	0	
3129	1	1	
3130	1	1	
3131	1	1	
3132	1	1	
3133	1	1	
3134	1	1	
3135	0	0	
3136	1	0	
3137	1	1	
3138	0	0	
3139	1	1	
3140	1	1	
3141	1	1	
3142	1	0	
3143	1	1	
3144	1	1	
3145	0	0	
3146	1	0	
3147	1	1	
3148	0	0	
3149	0	0	
3150	0	0	
3151	0	0	
3152	1	1	
3153	1	0	
3154	1	1	
3155	1	1	
3156	0	0	
3157	0	0	
3158	0	0	
3159	0	0	
3160	0	0	
3161	0	1	
3162	1	0	
3163	0	0	
3164	1	1	
3165	1	1	
3166	1	1	
3167	1	0	
3168	0	0	
3169	1	1	
3170	0	0	
3171	1	1	
3172	1	1	
3173	1	1	
3174	0	0	
3175	0	0	
3176	0	0	
3177	1	1	
3178	0	0	
3179	0	0	
3180	1	1	
3181	0	1	
3182	0	0	
3183	1	1	
3184	1	0	
3185	0	1	
3186	1	1	
3187	1	1	
3188	0	0	
3189	1	1	
3190	0	0	
3191	0	0	
3192	1	1	
3193	0	0	
3194	1	1	
3195	0	0	
3196	0	0	
3197	0	0	
3198	0	0	
3199	0	0	
3200	0	0	
3201	1	1	
3202	0	0	
3203	0	0	
3204	0	1	
3205	1	1	
3206	0	0	
3207	0	1	
3208	1	1	
3209	0	0	
3210	0	0	
3211	0	0	
3212	0	1	
3213	0	1	
3214	0	0	
3215	1	0	
3216	0	0	
3217	0	0	
3218	0	0	
3219	0	0	
3220	1	1	
3221	0	0	
3222	0	0	
3223	0	0	
3224	1	1	
3225	0	0	
3226	0	0	
3227	0	0	
3228	0	0	
3229	0	0	
3230	0	0	
3231	0	0	
3232	0	0	
3233	1	1	
3234	1	1	
3235	1	1	
3236	0	0	
3237	1	1	
3238	0	0	
3239	0	1	
3240	0	0	
3241	1	0	
3242	0	0	
3243	1	1	
3244	0	0	
3245	0	0	
3246	0	0	
3247	0	0	
3248	1	0	
3249	0	0	
3250	1	1	
3251	1	1	
3252	1	1	
3253	1	1	
3254	0	0	
3255	0	0	
3256	1	1	
3257	0	0	
3258	1	0	
3259	0	1	
3260	0	0	
3261	0	0	
3262	0	0	
3263	0	0	
3264	1	1	
3265	1	1	
3266	0	0	
3267	1	1	
3268	0	0	
3269	0	0	
3270	0	0	
3271	0	0	
3272	0	0	
3273	1	0	
3274	1	1	
3275	1	1	
3276	0	0	
3277	1	1	
3278	1	1	
3279	1	1	
3280	0	0	
3281	1	1	
3282	0	0	
3283	1	1	
3284	0	0	
3285	0	0	
3286	1	1	
3287	1	1	
3288	1	1	
3289	0	0	
3290	1	1	
3291	0	0	
3292	0	0	
3293	0	0	
3294	0	0	
3295	1	1	
3296	1	1	
3297	0	0	
3298	1	1	
3299	1	1	
3300	1	1	
3301	0	0	
3302	0	0	
3303	1	1	
3304	1	1	
3305	0	0	
3306	0	0	
3307	0	0	
3308	1	1	
3309	0	1	
3310	0	0	
3311	1	1	
3312	1	1	
3313	1	1	
3314	0	0	
3315	1	1	
3316	1	1	
3317	1	1	
3318	1	1	
3319	0	0	
3320	0	0	
3321	1	1	
3322	1	1	
3323	0	0	
3324	1	1	
3325	1	1	
3326	0	0	
3327	0	0	
3328	1	0	
3329	0	0	
3330	1	1	
3331	0	0	
3332	1	1	
3333	0	1	
3334	1	1	
3335	0	0	
3336	0	0	
3337	1	1	
3338	1	1	
3339	1	1	
3340	1	1	
3341	1	1	
3342	0	0	
3343	1	1	
3344	1	1	
3345	1	1	
3346	1	1	
3347	0	1	
3348	1	1	
3349	0	0	
3350	0	0	
3351	1	1	
3352	0	0	
3353	0	0	
3354	0	0	
3355	1	1	
3356	0	0	
3357	1	0	
3358	0	0	
3359	1	1	
3360	0	1	
3361	0	0	
3362	1	0	
3363	0	0	
3364	1	1	
3365	1	1	
3366	0	0	
3367	1	0	
3368	0	0	
3369	0	0	
3370	1	1	
3371	1	1	
3372	0	0	
3373	0	0	
3374	1	0	
3375	1	1	
3376	0	0	
3377	1	1	
3378	0	0	
3379	1	1	
3380	1	1	
3381	1	1	
3382	0	0	
3383	1	1	
3384	1	1	
3385	0	0	
3386	0	0	
3387	0	0	
3388	1	0	
3389	0	0	
3390	0	0	
3391	0	0	
3392	1	1	
3393	0	0	
3394	1	1	
3395	0	0	
3396	1	1	
3397	1	1	
3398	0	0	
3399	0	0	
3400	0	0	
3401	0	0	
3402	0	0	
3403	1	1	
3404	0	0	
3405	1	1	
3406	0	0	
3407	1	1	
3408	1	1	
3409	0	0	
3410	1	1	
3411	0	0	
3412	0	0	
3413	0	0	
3414	1	1	
3415	0	0	
3416	0	0	
3417	0	0	
3418	1	1	
3419	1	0	
3420	1	1	
3421	1	1	
3422	1	1	
3423	0	0	
3424	1	1	
3425	1	1	
3426	1	1	
3427	1	1	
3428	1	1	
3429	0	0	
3430	1	1	
3431	1	1	
3432	1	1	
3433	0	0	
3434	1	0	
3435	1	1	
3436	0	0	
3437	0	0	
3438	0	1	
3439	1	1	
3440	0	0	
3441	1	1	
3442	1	1	
3443	1	1	
3444	1	1	
3445	0	0	
3446	0	0	
3447	1	1	
3448	0	0	
3449	1	1	
3450	0	0	
3451	1	1	
3452	1	1	
3453	0	0	
3454	0	0	
3455	1	1	
3456	0	0	
3457	0	0	
3458	1	1	
3459	1	1	
3460	0	0	
3461	1	1	
3462	0	0	
3463	0	0	
3464	1	1	
3465	0	0	
3466	1	1	
3467	1	1	
3468	1	0	
3469	1	1	
3470	1	1	
3471	1	1	
3472	1	1	
3473	0	0	
3474	1	1	
3475	1	1	
3476	0	0	
3477	1	1	
3478	0	0	
3479	0	0	
3480	0	0	
3481	0	0	
3482	0	1	
3483	1	0	
3484	0	0	
3485	0	0	
3486	0	0	
3487	1	1	
3488	0	0	
3489	1	1	
3490	0	0	
3491	0	0	
3492	1	1	
3493	0	0	
3494	0	0	
3495	1	1	
3496	0	0	
3497	1	1	
3498	0	0	
3499	1	1	
3500	1	1	
3501	1	1	
3502	0	0	
3503	1	1	
3504	0	0	
3505	1	1	
3506	0	0	
3507	1	1	
3508	0	0	
3509	0	0	
3510	1	1	
3511	1	1	
3512	0	0	
3513	0	0	
3514	0	0	
3515	1	1	
3516	1	1	
3517	1	1	
3518	0	0	
3519	0	0	
3520	0	1	
3521	1	1	
3522	1	1	
3523	0	1	
3524	0	0	
3525	0	0	
3526	0	0	
3527	0	0	
3528	0	0	
3529	1	1	
3530	0	0	
3531	0	0	
3532	1	1	
3533	0	0	
3534	1	1	
3535	1	1	
3536	0	0	
3537	0	0	
3538	0	0	
3539	1	0	
3540	0	1	
3541	1	1	
3542	0	0	
3543	0	0	
3544	1	1	
3545	1	1	
3546	0	0	
3547	1	1	
3548	0	0	
3549	0	0	
3550	0	0	
3551	1	1	
3552	1	1	
3553	0	0	
3554	1	1	
3555	0	0	
3556	1	1	
3557	0	0	
3558	0	0	
3559	0	0	
3560	1	1	
3561	0	0	
3562	0	0	
3563	1	1	
3564	0	0	
3565	0	0	
3566	0	0	
3567	0	0	
3568	0	0	
3569	0	0	
3570	1	1	
3571	1	1	
3572	1	1	
3573	0	0	
3574	0	0	
3575	1	1	
3576	0	1	
3577	0	0	
3578	0	0	
3579	0	0	
3580	1	1	
3581	1	1	
3582	1	1	
3583	1	1	
3584	0	0	
3585	0	1	
3586	1	1	
3587	0	0	
3588	0	0	
3589	0	0	
3590	1	1	
3591	0	0	
3592	1	1	
3593	0	0	
3594	1	0	
3595	1	1	
3596	0	0	
3597	0	0	
3598	1	1	
3599	1	0	
3600	1	1	
3601	1	1	
3602	1	1	
3603	0	0	
3604	0	0	
3605	0	0	
3606	1	1	
3607	1	1	
3608	0	0	
3609	0	0	
3610	0	0	
3611	1	1	
3612	0	0	
3613	1	1	
3614	0	0	
3615	1	1	
3616	1	1	
3617	0	0	
3618	1	1	
3619	0	0	
3620	0	0	
3621	0	0	
3622	1	1	
3623	0	0	
3624	0	0	
3625	0	0	
3626	0	0	
3627	0	0	
3628	0	0	
3629	0	1	
3630	1	0	
3631	1	0	
3632	0	0	
3633	1	1	
3634	0	1	
3635	0	0	
3636	0	0	
3637	0	1	
3638	0	0	
3639	0	0	
3640	1	0	
3641	0	0	
3642	0	0	
3643	1	1	
3644	0	0	
3645	1	1	
3646	0	0	
3647	0	0	
3648	1	1	
3649	0	0	
3650	1	1	
3651	0	0	
3652	1	1	
3653	1	1	
3654	1	0	
3655	1	1	
3656	1	1	
3657	1	1	
3658	1	1	
3659	0	0	
3660	1	1	
3661	0	0	
3662	1	1	
3663	1	1	
3664	1	1	
3665	1	1	
3666	0	0	
3667	1	1	
3668	0	0	
3669	1	1	
3670	1	0	
3671	0	0	
3672	0	0	
3673	0	0	
3674	0	0	
3675	1	1	
3676	1	0	
3677	1	1	
3678	1	1	
3679	1	1	
3680	0	0	
3681	0	0	
3682	0	0	
3683	0	0	
3684	1	0	
3685	1	1	
3686	0	0	
3687	1	1	
3688	0	0	
3689	0	0	
3690	0	0	
3691	1	1	
3692	0	0	
3693	1	1	
3694	1	1	
3695	1	1	
3696	1	1	
3697	0	0	
3698	1	1	
3699	1	1	
3700	0	0	
3701	1	1	
3702	1	0	
3703	1	0	
3704	1	1	
3705	1	1	
3706	1	1	
3707	1	1	
3708	0	0	
3709	1	1	
3710	0	0	
3711	0	0	
3712	1	1	
3713	1	1	
3714	0	0	
3715	1	0	
3716	1	1	
3717	1	1	
3718	1	1	
3719	1	1	
3720	0	0	
3721	1	1	
3722	0	0	
3723	0	0	
3724	0	0	
3725	0	0	
3726	0	0	
3727	0	0	
3728	0	0	
3729	0	0	
3730	0	0	
3731	0	0	
3732	0	1	
3733	1	1	
3734	0	0	
3735	1	1	
3736	0	1	
3737	1	1	
3738	0	1	
3739	1	1	
3740	0	0	
3741	0	0	
3742	0	0	
3743	1	1	
3744	0	0	
3745	1	1	
3746	1	1	
3747	1	1	
3748	1	1	
3749	0	0	
3750	1	1	
3751	0	0	
3752	0	0	
3753	1	1	
3754	1	1	
3755	0	0	
3756	0	0	
3757	0	0	
3758	1	1	
3759	0	0	
3760	0	0	
3761	0	0	
3762	0	0	
3763	0	0	
3764	1	1	
3765	0	0	
3766	0	0	
3767	0	0	
3768	0	0	
3769	1	1	
3770	0	0	
3771	1	0	
3772	1	1	
3773	0	0	
3774	1	1	
3775	0	0	
3776	1	0	
3777	0	0	
3778	1	1	
3779	1	1	
3780	0	0	
3781	1	1	
3782	1	1	
3783	1	1	
3784	1	1	
3785	1	1	
3786	1	1	
3787	0	0	
3788	1	1	
3789	0	0	
3790	1	1	
3791	1	1	
3792	1	1	
3793	0	0	
3794	0	0	
3795	0	0	
3796	1	1	
3797	1	1	
3798	0	0	
3799	1	1	
3800	0	0	
3801	1	1	
3802	0	1	
3803	0	0	
3804	0	0	
3805	1	1	
3806	0	0	
3807	0	0	
3808	0	1	
3809	0	0	
3810	0	0	
3811	0	0	
3812	1	0	
3813	0	0	
3814	0	1	
3815	1	1	
3816	0	0	
3817	1	1	
3818	1	1	
3819	0	0	
3820	0	0	
3821	0	0	
3822	0	0	
3823	0	0	
3824	0	0	
3825	1	1	
3826	1	1	
3827	1	1	
3828	1	1	
3829	0	0	
3830	0	0	
3831	0	0	
3832	1	0	
3833	1	0	
3834	0	0	
3835	0	0	
3836	1	0	
3837	0	0	
3838	1	1	
3839	1	1	
3840	1	0	
3841	0	0	
3842	1	1	
3843	0	0	
3844	1	1	
3845	0	0	
3846	0	1	
3847	0	0	
3848	0	0	
3849	0	0	
3850	0	0	
3851	0	1	
3852	0	0	
3853	0	0	
3854	0	0	
3855	0	0	
3856	1	1	
3857	1	1	
3858	0	0	
3859	1	1	
3860	0	0	
3861	1	0	
3862	1	1	
3863	0	0	
3864	0	0	
3865	1	1	
3866	1	1	
3867	1	0	
3868	0	0	
3869	0	0	
3870	0	0	
3871	1	1	
3872	0	0	
3873	1	1	
3874	0	0	
3875	1	1	
3876	0	0	
3877	0	0	
3878	1	1	
3879	0	0	
3880	0	0	
3881	0	0	
3882	0	0	
3883	1	1	
3884	0	0	
3885	1	1	
3886	1	1	
3887	0	0	
3888	1	1	
3889	0	0	
3890	1	0	
3891	1	1	
3892	0	0	
3893	1	1	
3894	1	1	
3895	0	0	
3896	0	0	
3897	1	1	
3898	0	0	
3899	0	1	
3900	1	1	
3901	0	0	
3902	1	1	
3903	0	0	
3904	0	0	
3905	1	1	
3906	1	1	
3907	1	1	
3908	0	0	
3909	1	1	
3910	0	0	
3911	1	1	
3912	1	1	
3913	0	0	
3914	1	1	
3915	0	0	
3916	0	0	
3917	0	0	
3918	0	0	
3919	0	0	
3920	0	0	
3921	0	0	
3922	0	0	
3923	1	1	
3924	1	1	
3925	0	0	
3926	0	0	
3927	1	1	
3928	0	0	
3929	1	1	
3930	0	0	
3931	0	0	
3932	1	1	
3933	0	0	
3934	1	1	
3935	1	1	
3936	1	1	
3937	0	0	
3938	0	0	
3939	0	0	
3940	0	0	
3941	0	0	
3942	0	0	
3943	1	1	
3944	0	0	
3945	0	0	
3946	1	1	
3947	0	0	
3948	0	0	
3949	0	0	
3950	0	0	
3951	1	1	
3952	1	1	
3953	1	1	
3954	0	0	
3955	0	0	
3956	0	0	
3957	0	0	
3958	1	1	
3959	1	1	
3960	0	0	
3961	0	0	
3962	0	0	
3963	0	0	
3964	1	1	
3965	0	0	
3966	0	0	
3967	1	0	
3968	1	1	
3969	1	1	
3970	0	0	
3971	1	1	
3972	1	1	
3973	1	1	
3974	1	1	
3975	1	1	
3976	1	0	
3977	0	1	
3978	1	1	
3979	1	1	
3980	0	0	
3981	0	0	
3982	1	1	
3983	1	1	
3984	0	0	
3985	1	1	
3986	0	0	
3987	0	0	
3988	0	0	
3989	1	1	
3990	1	1	
3991	1	1	
3992	0	1	
3993	1	1	
3994	0	0	
3995	0	0	
3996	1	0	
3997	0	0	
3998	1	1	
3999	0	0	
4000	0	0	
4001	1	1	
4002	0	0	
4003	0	0	
4004	1	1	
4005	1	1	
4006	0	0	
4007	0	0	
4008	1	1	
4009	0	0	
4010	1	1	
4011	0	0	
4012	1	1	
4013	0	0	
4014	0	0	
4015	0	0	
4016	0	0	
4017	0	0	
4018	0	0	
4019	1	1	
4020	0	0	
4021	0	0	
4022	1	0	
4023	0	0	
4024	0	1	
4025	0	0	
4026	1	1	
4027	0	0	
4028	0	0	
4029	1	1	
4030	0	0	
4031	1	1	
4032	0	0	
4033	0	0	
4034	0	0	
4035	0	0	
4036	1	1	
4037	0	0	
4038	1	1	
4039	1	1	
4040	0	0	
4041	0	0	
4042	0	0	
4043	1	0	
4044	1	1	
4045	1	1	
4046	0	0	
4047	0	0	
4048	1	0	
4049	0	0	
4050	0	0	
4051	1	1	
4052	0	0	
4053	1	1	
4054	0	1	
4055	0	0	
4056	1	1	
4057	1	1	
4058	0	0	
4059	0	0	
4060	0	0	
4061	1	1	
4062	1	1	
4063	1	1	
4064	0	0	
4065	0	0	
4066	0	0	
4067	1	0	
4068	0	0	
4069	0	1	
4070	0	0	
4071	0	0	
4072	0	0	
4073	0	0	
4074	0	0	
4075	1	1	
4076	0	1	
4077	0	0	
4078	1	1	
4079	0	0	
4080	1	1	
4081	0	0	
4082	0	0	
4083	0	0	
4084	0	0	
4085	0	0	
4086	0	0	
4087	1	1	
4088	0	0	
4089	0	0	
4090	1	1	
4091	0	0	
4092	0	0	
4093	1	1	
4094	1	1	
4095	0	0	
4096	0	0	
4097	0	0	
4098	1	1	
4099	0	0	
4100	1	1	
4101	1	1	
4102	0	0	
4103	0	1	
4104	1	1	
4105	1	1	
4106	0	0	
4107	0	0	
4108	1	1	
4109	1	1	
4110	0	1	
4111	1	1	
4112	1	1	
4113	1	1	
4114	0	0	
4115	0	0	
4116	1	1	
4117	0	0	
4118	0	0	
4119	0	0	
4120	0	0	
4121	0	0	
4122	1	1	
4123	0	0	
4124	1	0	
4125	1	1	
4126	0	0	
4127	0	0	
4128	0	0	
4129	0	1	
4130	1	1	
4131	1	1	
4132	1	1	
4133	0	0	
4134	0	0	
4135	0	0	
4136	0	1	
4137	0	0	
4138	0	1	
4139	1	0	
4140	0	0	
4141	0	0	
4142	1	0	
4143	1	1	
4144	1	1	
4145	0	0	
4146	0	0	
4147	0	0	
4148	1	0	
4149	0	0	
4150	0	0	
4151	1	1	
4152	0	0	
4153	1	1	
4154	0	0	
4155	0	0	
4156	1	1	
4157	0	0	
4158	0	0	
4159	1	1	
4160	0	0	
4161	0	0	
4162	1	1	
4163	0	0	
4164	0	0	
4165	1	1	
4166	0	0	
4167	0	0	
4168	0	0	
4169	0	1	
4170	0	0	
4171	1	1	
4172	1	1	
4173	0	0	
4174	1	1	
4175	0	0	
4176	1	0	
4177	1	1	
4178	0	0	
4179	1	1	
4180	0	0	
4181	0	0	
4182	0	0	
4183	1	1	
4184	0	0	
4185	0	0	
4186	1	0	
4187	0	0	
4188	1	1	
4189	0	0	
4190	0	0	
4191	0	0	
4192	0	0	
4193	0	0	
4194	1	1	
4195	1	0	
4196	1	1	
4197	0	0	
4198	1	1	
4199	0	0	
4200	0	0	
4201	1	1	
4202	0	0	
4203	1	1	
4204	1	0	
4205	1	1	
4206	0	0	
4207	0	0	
4208	1	1	
4209	0	0	
4210	0	1	
4211	0	0	
4212	1	1	
4213	0	0	
4214	0	0	
4215	0	0	
4216	1	1	
4217	0	0	
4218	0	0	
4219	1	1	
4220	0	0	
4221	0	0	
4222	0	0	
4223	0	0	
4224	0	0	
4225	0	0	
4226	0	0	
4227	0	0	
4228	0	0	
4229	1	1	
4230	0	0	
4231	0	0	
4232	0	1	
4233	0	0	
4234	0	0	
4235	1	0	
4236	0	1	
4237	0	1	
4238	0	0	
4239	0	1	
4240	0	0	
4241	0	0	
4242	0	0	
4243	0	0	
4244	0	0	
4245	0	0	
4246	0	0	
4247	1	1	
4248	1	1	
4249	0	0	
4250	0	0	
4251	0	0	
4252	1	1	
4253	1	1	
4254	1	1	
4255	0	0	
4256	0	0	
4257	1	1	
4258	1	1	
4259	1	1	
4260	1	1	
4261	1	0	
4262	1	1	
4263	1	1	
4264	0	0	
4265	1	1	
4266	0	0	
4267	0	0	
4268	0	0	
4269	0	0	
4270	1	1	
4271	1	1	
4272	1	1	
4273	0	0	
4274	1	1	
4275	1	1	
4276	1	1	
4277	0	0	
4278	1	1	
4279	0	0	
4280	1	1	
4281	0	1	
4282	1	1	
4283	1	1	
4284	1	1	
4285	1	1	
4286	0	0	
4287	0	0	
4288	0	0	
4289	0	0	
4290	0	0	
4291	0	0	
4292	1	1	
4293	1	1	
4294	0	0	
4295	0	0	
4296	1	1	
4297	1	1	
4298	0	0	
4299	0	0	
4300	0	0	
4301	1	1	
4302	0	0	
4303	0	0	
4304	1	1	
4305	1	1	
4306	0	1	
4307	0	0	
4308	1	1	
4309	0	0	
4310	0	0	
4311	1	1	
4312	1	1	
4313	0	0	
4314	0	0	
4315	1	1	
4316	1	1	
4317	0	0	
4318	0	0	
4319	0	0	
4320	1	1	
4321	0	1	
4322	0	0	
4323	1	1	
4324	1	1	
4325	1	1	
4326	1	1	
4327	1	1	
4328	0	0	
4329	1	1	
4330	0	0	
4331	0	0	
4332	0	0	
4333	1	1	
4334	1	1	
4335	1	1	
4336	0	0	
4337	0	0	
4338	0	0	
4339	0	0	
4340	0	0	
4341	1	0	
4342	1	1	
4343	0	0	
4344	0	0	
4345	0	0	
4346	0	0	
4347	0	0	
4348	0	0	
4349	0	0	
4350	0	0	
4351	0	0	
4352	0	0	
4353	0	0	
4354	1	1	
4355	0	0	
4356	0	0	
4357	1	1	
4358	0	0	
4359	0	0	
4360	0	0	
4361	0	1	
4362	1	0	
4363	0	0	
4364	0	0	
4365	1	1	
4366	1	1	
4367	1	1	
4368	1	1	
4369	0	0	
4370	1	0	
4371	0	0	
4372	1	1	
4373	0	0	
4374	1	1	
4375	0	0	
4376	0	0	
4377	0	0	
4378	0	0	
4379	0	0	
4380	0	1	
4381	0	0	
4382	1	0	
4383	0	0	
4384	0	0	
4385	1	1	
4386	1	1	
4387	1	1	
4388	0	0	
4389	1	1	
4390	0	0	
4391	0	0	
4392	1	1	
4393	0	0	
4394	0	0	
4395	1	1	
4396	1	1	
4397	0	0	
4398	0	0	
4399	1	1	
4400	0	0	
4401	1	0	
4402	1	0	
4403	0	0	
4404	1	1	
4405	0	0	
4406	1	1	
4407	1	1	
4408	0	0	
4409	0	1	
4410	1	0	
4411	0	0	
4412	1	0	
4413	1	1	
4414	1	0	
4415	0	0	
4416	1	1	
4417	1	1	
4418	0	0	
4419	0	0	
4420	0	0	
4421	0	0	
4422	1	1	
4423	1	1	
4424	1	0	
4425	0	0	
4426	0	0	
4427	0	0	
4428	0	0	
4429	0	0	
4430	0	0	
4431	0	0	
4432	0	0	
4433	1	1	
4434	0	0	
4435	1	1	
4436	1	0	
4437	0	0	
4438	0	0	
4439	0	0	
4440	0	0	
4441	0	0	
4442	0	0	
4443	1	0	
4444	0	0	
4445	0	0	
4446	1	1	
4447	0	0	
4448	0	0	
4449	0	0	
4450	0	0	
4451	0	0	
4452	0	0	
4453	0	0	
4454	1	1	
4455	0	0	
4456	1	1	
4457	1	1	
4458	0	0	
4459	0	0	
4460	0	1	
4461	1	0	
4462	0	0	
4463	1	1	
4464	1	1	
4465	0	0	
4466	0	0	
4467	1	1	
4468	0	0	
4469	1	1	
4470	0	0	
4471	1	1	
4472	0	0	
4473	0	0	
4474	1	1	
4475	1	1	
4476	1	0	
4477	1	1	
4478	0	0	
4479	0	0	
4480	1	1	
4481	0	0	
4482	1	1	
4483	1	1	
4484	1	1	
4485	1	1	
4486	0	0	
4487	0	0	
4488	0	0	
4489	0	0	
4490	1	1	
4491	1	0	
4492	1	1	
4493	1	1	
4494	0	0	
4495	1	1	
4496	1	1	
4497	0	0	
4498	0	0	
4499	1	0	
4500	1	1	
4501	1	0	
4502	0	0	
4503	0	0	
4504	1	1	
4505	1	0	
4506	1	1	
4507	0	0	
4508	0	0	
4509	1	1	
4510	1	1	
4511	0	1	
4512	1	1	
4513	1	1	
4514	0	0	
4515	0	0	
4516	0	0	
4517	1	1	
4518	0	1	
4519	0	0	
4520	1	1	
4521	0	0	
4522	0	0	
4523	1	1	
4524	0	0	
4525	0	0	
4526	0	0	
4527	0	1	
4528	0	0	
4529	1	1	
4530	0	0	
4531	1	1	
4532	0	0	
4533	0	0	
4534	1	1	
4535	0	0	
4536	1	1	
4537	0	0	
4538	0	0	
4539	0	0	
4540	0	0	
4541	0	0	
4542	1	1	
4543	1	1	
4544	1	1	
4545	0	0	
4546	0	0	
4547	0	0	
4548	1	1	
4549	0	0	
4550	0	0	
4551	0	0	
4552	0	0	
4553	1	1	
4554	0	0	
4555	0	0	
4556	0	0	
4557	0	0	
4558	1	0	
4559	0	0	
4560	1	1	
4561	1	1	
4562	0	0	
4563	1	1	
4564	0	0	
4565	0	0	
4566	1	1	
4567	0	0	
4568	1	1	
4569	0	1	
4570	1	1	
4571	1	1	
4572	0	0	
4573	1	1	
4574	0	0	
4575	0	0	
4576	1	1	
4577	1	1	
4578	0	0	
4579	0	0	
4580	1	1	
4581	0	1	
4582	0	0	
4583	0	0	
4584	1	1	
4585	1	0	
4586	1	1	
4587	0	0	
4588	1	1	
4589	0	1	
4590	0	0	
4591	1	1	
4592	0	0	
4593	1	1	
4594	1	1	
4595	0	0	
4596	1	1	
4597	0	0	
4598	0	0	
4599	0	0	
4600	1	0	
4601	0	0	
4602	1	1	
4603	0	0	
4604	0	0	
4605	1	0	
4606	0	1	
4607	0	0	
4608	0	0	
4609	0	0	
4610	1	1	
4611	1	1	
4612	0	0	
4613	0	0	
4614	0	0	
4615	1	1	
4616	0	0	
4617	1	1	
4618	1	1	
4619	0	0	
4620	0	0	
4621	0	0	
4622	0	0	
4623	0	0	
4624	1	1	
4625	0	0	
4626	0	0	
4627	0	0	
4628	1	1	
4629	0	0	
4630	0	1	
4631	0	0	
4632	1	1	
4633	1	0	
4634	1	1	
4635	0	0	
4636	0	0	
4637	0	0	
4638	1	1	
4639	1	1	
4640	1	1	
4641	0	0	
4642	0	1	
4643	0	0	
4644	1	1	
4645	1	1	
4646	0	0	
4647	0	0	
4648	0	0	
4649	1	1	
4650	0	0	
4651	0	0	
4652	1	1	
4653	0	0	
4654	1	1	
4655	0	0	
4656	0	0	
4657	1	1	
4658	0	1	
4659	1	1	
4660	0	0	
4661	1	1	
4662	1	1	
4663	0	0	
4664	1	1	
4665	1	1	
4666	0	0	
4667	1	1	
4668	0	0	
4669	0	0	
4670	0	0	
4671	0	0	
4672	0	0	
4673	1	1	
4674	1	1	
4675	0	0	
4676	1	1	
4677	0	0	
4678	1	1	
4679	1	0	
4680	1	1	
4681	0	0	
4682	0	0	
4683	1	1	
4684	1	0	
4685	0	0	
4686	0	0	
4687	0	0	
4688	0	0	
4689	0	0	
4690	0	1	
4691	0	1	
4692	1	1	
4693	0	0	
4694	1	1	
4695	0	0	
4696	1	1	
4697	1	1	
4698	1	0	
4699	0	0	
4700	1	1	
4701	0	0	
4702	0	1	
4703	1	0	
4704	1	1	
4705	0	0	
4706	1	1	
4707	0	0	
4708	0	0	
4709	0	0	
4710	1	1	
4711	0	0	
4712	1	1	
4713	0	0	
4714	0	0	
4715	1	1	
4716	1	0	
4717	1	1	
4718	1	1	
4719	1	1	
4720	0	0	
4721	1	1	
4722	1	1	
4723	1	1	
4724	1	1	
4725	1	1	
4726	0	0	
4727	1	1	
4728	1	1	
4729	1	1	
4730	1	1	
4731	1	1	
4732	0	0	
4733	1	1	
4734	0	0	
4735	0	0	
4736	1	1	
4737	0	0	
4738	0	0	
4739	0	0	
4740	1	1	
4741	1	1	
4742	1	0	
4743	0	0	
4744	1	1	
4745	0	0	
4746	0	0	
4747	0	0	
4748	1	1	
4749	0	0	
4750	0	1	
4751	1	1	
4752	1	1	
4753	1	1	
4754	1	1	
4755	1	1	
4756	0	1	
4757	1	1	
4758	0	0	
4759	1	1	
4760	1	1	
4761	1	1	
4762	0	0	
4763	1	1	
4764	0	0	
4765	1	1	
4766	1	1	
4767	0	0	
4768	1	1	
4769	1	1	
4770	0	0	
4771	0	0	
4772	1	1	
4773	0	0	
4774	1	1	
4775	0	0	
4776	0	0	
4777	1	1	
4778	0	0	
4779	0	0	
4780	0	0	
4781	1	1	
4782	0	0	
4783	1	1	
4784	0	0	
4785	1	1	
4786	0	0	
4787	0	0	
4788	1	1	
4789	0	0	
4790	1	1	
4791	1	1	
4792	0	0	
4793	0	0	
4794	0	1	
4795	1	0	
4796	0	0	
4797	0	0	
4798	0	0	
4799	0	0	
4800	0	0	
4801	0	0	
4802	1	1	
4803	0	0	
4804	1	1	
4805	0	0	
4806	1	1	
4807	1	1	
4808	0	0	
4809	0	0	
4810	1	1	
4811	1	1	
4812	1	1	
4813	1	1	
4814	1	1	
4815	0	0	
4816	0	0	
4817	0	0	
4818	1	1	
4819	0	0	
4820	1	0	
4821	1	1	
4822	1	1	
4823	0	1	
4824	0	0	
4825	0	0	
4826	1	1	
4827	1	1	
4828	0	0	
4829	1	1	
4830	0	0	
4831	0	0	
4832	1	1	
4833	0	0	
4834	1	1	
4835	0	0	
4836	0	0	
4837	1	1	
4838	1	1	
4839	1	1	
4840	0	0	
4841	0	0	
4842	0	0	
4843	0	0	
4844	1	1	
4845	1	1	
4846	1	1	
4847	0	0	
4848	0	0	
4849	1	1	
4850	0	0	
4851	0	0	
4852	1	1	
4853	0	0	
4854	1	1	
4855	1	1	
4856	0	0	
4857	0	0	
4858	1	1	
4859	1	1	
4860	1	1	
4861	1	1	
4862	0	0	
4863	1	1	
4864	1	0	
4865	0	0	
4866	0	0	
4867	1	1	
4868	1	1	
4869	0	0	
4870	1	1	
4871	0	0	
4872	1	1	
4873	1	1	
4874	0	0	
4875	0	0	
4876	0	0	
4877	0	0	
4878	1	1	
4879	0	0	
4880	1	1	
4881	0	0	
4882	1	1	
4883	0	0	
4884	0	0	
4885	0	0	
4886	0	0	
4887	1	1	
4888	0	1	
4889	0	0	
4890	1	1	
4891	0	0	
4892	0	1	
4893	0	0	
4894	1	1	
4895	0	0	
4896	1	0	
4897	1	0	
4898	0	0	
4899	0	0	
4900	0	0	
4901	0	1	
4902	0	0	
4903	1	1	
4904	1	1	
4905	0	0	
4906	1	1	
4907	1	1	
4908	0	0	
4909	0	0	
4910	1	1	
4911	0	1	
4912	1	1	
4913	1	1	
4914	1	1	
4915	1	0	
4916	0	0	
4917	0	0	
4918	0	0	
4919	0	0	
4920	1	0	
4921	1	1	
4922	0	1	
4923	0	1	
4924	1	1	
4925	0	0	
4926	0	0	
4927	1	1	
4928	1	1	
4929	1	1	
4930	0	0	
4931	0	0	
4932	0	0	
4933	0	0	
4934	0	0	
4935	0	0	
4936	0	0	
4937	0	0	
4938	1	1	
4939	0	0	
4940	0	0	
4941	1	0	
4942	1	1	
4943	0	0	
4944	0	0	
4945	0	0	
4946	1	1	
4947	1	1	
4948	1	1	
4949	1	1	
4950	0	0	
4951	1	0	
4952	0	0	
4953	1	1	
4954	0	0	
4955	1	1	
4956	0	0	
4957	0	0	
4958	1	1	
4959	0	0	
4960	1	0	
4961	1	1	
4962	0	0	
4963	0	0	
4964	1	1	
4965	1	1	
4966	0	0	
4967	0	0	
4968	1	1	
4969	1	1	
4970	0	0	
4971	0	0	
4972	0	0	
4973	1	1	
4974	0	0	
4975	0	0	
4976	1	0	
4977	1	1	
4978	1	1	
4979	0	0	
4980	0	0	
4981	1	1	
4982	0	0	
4983	1	1	
4984	0	0	
4985	1	1	
4986	1	1	
4987	1	1	
4988	1	1	
4989	1	0	
4990	0	0	
4991	0	1	
4992	1	1	
4993	0	0	
4994	1	1	
4995	1	0	
4996	0	0	
4997	0	0	
4998	0	0	
4999	0	0	
