0	1	0
1	1	0
2	0	1
3	0	1
4	1	0
5	0	1
6	0	1
7	1	0
8	1	0
9	0	1
10	0	1
11	1	0
12	1	0
13	0	1
14	1	0
15	0	1
16	0	1
17	1	0
18	1	0
19	0	1
20	1	0
21	1	0
22	1	0
23	1	0
24	1	0
25	0	1
26	0	1
27	0	1
28	0	1
29	1	0
30	0	1
31	1	0
32	1	0
33	1	0
34	0	1
35	0	1
36	1	0
37	1	0
38	0	1
39	0	1
40	0	1
41	1	0
42	1	0
43	1	0
44	1	0
45	1	0
46	1	0
47	1	0
48	0	1
49	1	0
50	1	0
51	1	0
52	1	0
53	0	1
54	1	0
55	0	1
56	1	0
57	0	1
58	0	1
59	0	1
60	0	1
61	0	1
62	0	1
63	0	1
64	1	0
65	0	1
66	1	0
67	1	0
68	0	1
69	1	0
70	1	0
71	0	1
72	1	0
73	1	0
74	0	1
75	0	1
76	0	1
77	0	1
78	0	1
79	1	0
80	0	1
81	1	0
82	1	0
83	1	0
84	1	0
85	1	0
86	0	1
87	0	1
88	1	0
89	0	1
90	1	0
91	0	1
92	0	1
93	0	1
94	1	0
95	1	0
96	1	0
97	1	0
98	0	1
99	1	0
100	0	1
101	0	1
102	0	1
103	1	0
104	0	1
105	1	0
106	1	0
107	1	0
108	1	0
109	0	1
110	0	1
111	0	1
112	0	1
113	0	1
114	0	1
115	0	1
116	1	0
117	1	0
118	0	1
119	0	1
120	0	1
121	0	1
122	1	0
123	1	0
124	1	0
125	0	1
126	0	1
127	1	0
128	0	1
129	1	0
130	0	1
131	1	0
132	0	1
133	0	1
134	0	1
135	0	1
136	1	0
137	1	0
138	1	0
139	0	1
140	0	1
141	0	1
142	1	0
143	1	0
144	1	0
145	0	1
146	0	1
147	1	0
148	1	0
149	0	1
150	1	0
151	0	1
152	1	0
153	0	1
154	1	0
155	0	1
156	1	0
157	1	0
158	1	0
159	0	1
160	1	0
161	0	1
162	1	0
163	1	0
164	0	1
165	0	1
166	0	1
167	1	0
168	0	1
169	0	1
170	1	0
171	0	1
172	0	1
173	1	0
174	0	1
175	1	0
176	0	1
177	1	0
178	0	1
179	1	0
180	0	1
181	0	1
182	0	1
183	1	0
184	0	1
185	0	1
186	1	0
187	0	1
188	1	0
189	1	0
190	0	1
191	1	0
192	1	0
193	0	1
194	0	1
195	0	1
196	1	0
197	0	1
198	0	1
199	1	0
200	1	0
201	0	1
202	0	1
203	1	0
204	1	0
205	0	1
206	0	1
207	0	1
208	1	0
209	1	0
210	1	0
211	0	1
212	0	1
213	1	0
214	0	1
215	1	0
216	1	0
217	1	0
218	0	1
219	0	1
220	1	0
221	0	1
222	1	0
223	0	1
224	0	1
225	1	0
226	0	1
227	0	1
228	0	1
229	0	1
230	0	1
231	1	0
232	0	1
233	0	1
234	0	1
235	1	0
236	1	0
237	0	1
238	0	1
239	1	0
240	1	0
241	1	0
242	0	1
243	1	0
244	0	1
245	0	1
246	1	0
247	1	0
248	0	1
249	1	0
250	1	0
251	0	1
252	0	1
253	0	1
254	1	0
255	0	1
256	1	0
257	1	0
258	0	1
259	0	1
260	1	0
261	0	1
262	1	0
263	1	0
264	1	0
265	0	1
266	0	1
267	1	0
268	0	1
269	0	1
270	1	0
271	0	1
272	0	1
273	0	1
274	1	0
275	0	1
276	0	1
277	0	1
278	0	1
279	0	1
280	0	1
281	1	0
282	1	0
283	1	0
284	0	1
285	1	0
286	0	1
287	1	0
288	0	1
289	0	1
290	1	0
291	0	1
292	1	0
293	0	1
294	1	0
295	1	0
296	0	1
297	1	0
298	1	0
299	0	1
300	0	1
301	1	0
302	0	1
303	1	0
304	1	0
305	1	0
306	0	1
307	1	0
308	0	1
309	1	0
310	1	0
311	1	0
312	0	1
313	1	0
314	1	0
315	0	1
316	0	1
317	0	1
318	1	0
319	0	1
320	1	0
321	0	1
322	0	1
323	1	0
324	1	0
325	1	0
326	1	0
327	1	0
328	0	1
329	1	0
330	0	1
331	1	0
332	1	0
333	1	0
334	0	1
335	1	0
336	0	1
337	1	0
338	0	1
339	1	0
340	0	1
341	1	0
342	1	0
343	0	1
344	0	1
345	1	0
346	1	0
347	0	1
348	1	0
349	1	0
350	1	0
351	1	0
352	0	1
353	0	1
354	1	0
355	0	1
356	1	0
357	0	1
358	1	0
359	0	1
360	0	1
361	1	0
362	1	0
363	0	1
364	1	0
365	0	1
366	0	1
367	1	0
368	0	1
369	0	1
370	1	0
371	0	1
372	0	1
373	0	1
374	0	1
375	1	0
376	1	0
377	0	1
378	1	0
379	1	0
380	1	0
381	1	0
382	1	0
383	0	1
384	0	1
385	1	0
386	0	1
387	1	0
388	0	1
389	1	0
390	1	0
391	0	1
392	0	1
393	1	0
394	0	1
395	1	0
396	0	1
397	1	0
398	1	0
399	1	0
400	0	1
401	0	1
402	1	0
403	0	1
404	1	0
405	1	0
406	0	1
407	0	1
408	1	0
409	0	1
410	1	0
411	0	1
412	0	1
413	1	0
414	0	1
415	0	1
416	0	1
417	1	0
418	1	0
419	0	1
420	1	0
421	0	1
422	1	0
423	0	1
424	1	0
425	1	0
426	0	1
427	0	1
428	1	0
429	1	0
430	1	0
431	0	1
432	1	0
433	0	1
434	1	0
435	1	0
436	0	1
437	1	0
438	0	1
439	0	1
440	0	1
441	1	0
442	0	1
443	0	1
444	0	1
445	1	0
446	0	1
447	0	1
448	0	1
449	0	1
450	0	1
451	0	1
452	0	1
453	1	0
454	0	1
455	0	1
456	0	1
457	0	1
458	0	1
459	0	1
460	1	0
461	0	1
462	1	0
463	0	1
464	0	1
465	1	0
466	0	1
467	0	1
468	0	1
469	0	1
470	1	0
471	0	1
472	1	0
473	1	0
474	1	0
475	1	0
476	0	1
477	0	1
478	0	1
479	0	1
480	1	0
481	1	0
482	1	0
483	0	1
484	1	0
485	1	0
486	0	1
487	0	1
488	1	0
489	0	1
490	0	1
491	0	1
492	1	0
493	0	1
494	1	0
495	1	0
496	1	0
497	1	0
498	0	1
499	0	1
500	1	0
501	1	0
502	0	1
503	1	0
504	0	1
505	1	0
506	0	1
507	0	1
508	1	0
509	0	1
510	0	1
511	0	1
512	0	1
513	1	0
514	0	1
515	0	1
516	1	0
517	1	0
518	0	1
519	0	1
520	0	1
521	0	1
522	0	1
523	1	0
524	1	0
525	0	1
526	1	0
527	1	0
528	0	1
529	1	0
530	1	0
531	0	1
532	0	1
533	0	1
534	1	0
535	0	1
536	0	1
537	0	1
538	1	0
539	1	0
540	0	1
541	0	1
542	1	0
543	1	0
544	0	1
545	1	0
546	0	1
547	1	0
548	1	0
549	0	1
550	0	1
551	0	1
552	0	1
553	0	1
554	1	0
555	1	0
556	0	1
557	1	0
558	1	0
559	0	1
560	0	1
561	1	0
562	0	1
563	1	0
564	0	1
565	0	1
566	0	1
567	0	1
568	0	1
569	0	1
570	0	1
571	0	1
572	1	0
573	1	0
574	1	0
575	1	0
576	1	0
577	0	1
578	1	0
579	1	0
580	0	1
581	0	1
582	1	0
583	1	0
584	0	1
585	0	1
586	0	1
587	0	1
588	0	1
589	1	0
590	0	1
591	1	0
592	1	0
593	1	0
594	1	0
595	1	0
596	1	0
597	1	0
598	0	1
599	0	1
600	1	0
601	0	1
602	1	0
603	0	1
604	1	0
605	0	1
606	0	1
607	1	0
608	1	0
609	0	1
610	1	0
611	0	1
612	1	0
613	0	1
614	0	1
615	0	1
616	0	1
617	0	1
618	0	1
619	0	1
620	0	1
621	0	1
622	1	0
623	1	0
624	1	0
625	1	0
626	1	0
627	0	1
628	0	1
629	0	1
630	0	1
631	1	0
632	1	0
633	0	1
634	1	0
635	0	1
636	1	0
637	0	1
638	1	0
639	1	0
640	1	0
641	0	1
642	0	1
643	1	0
644	1	0
645	1	0
646	0	1
647	1	0
648	0	1
649	1	0
650	1	0
651	0	1
652	1	0
653	0	1
654	0	1
655	0	1
656	0	1
657	1	0
658	0	1
659	0	1
660	0	1
661	0	1
662	0	1
663	1	0
664	1	0
665	1	0
666	1	0
667	1	0
668	0	1
669	1	0
670	1	0
671	0	1
672	0	1
673	0	1
674	0	1
675	0	1
676	0	1
677	0	1
678	1	0
679	0	1
680	1	0
681	1	0
682	1	0
683	1	0
684	1	0
685	1	0
686	0	1
687	1	0
688	1	0
689	0	1
690	1	0
691	1	0
692	0	1
693	1	0
694	0	1
695	1	0
696	1	0
697	0	1
698	1	0
699	1	0
700	0	1
701	1	0
702	0	1
703	0	1
704	1	0
705	0	1
706	0	1
707	1	0
708	0	1
709	1	0
710	0	1
711	0	1
712	0	1
713	0	1
714	0	1
715	0	1
716	0	1
717	1	0
718	1	0
719	1	0
720	0	1
721	1	0
722	1	0
723	0	1
724	1	0
725	0	1
726	1	0
727	0	1
728	0	1
729	1	0
730	1	0
731	0	1
732	1	0
733	0	1
734	1	0
735	1	0
736	0	1
737	0	1
738	0	1
739	0	1
740	1	0
741	1	0
742	0	1
743	0	1
744	0	1
745	1	0
746	1	0
747	1	0
748	0	1
749	1	0
750	0	1
751	0	1
752	1	0
753	0	1
754	0	1
755	1	0
756	1	0
757	1	0
758	1	0
759	0	1
760	1	0
761	1	0
762	0	1
763	0	1
764	1	0
765	0	1
766	1	0
767	0	1
768	1	0
769	1	0
770	1	0
771	1	0
772	0	1
773	0	1
774	0	1
775	1	0
776	1	0
777	1	0
778	0	1
779	0	1
780	1	0
781	0	1
782	1	0
783	1	0
784	1	0
785	0	1
786	1	0
787	1	0
788	0	1
789	0	1
790	0	1
791	0	1
792	1	0
793	1	0
794	1	0
795	0	1
796	1	0
797	1	0
798	0	1
799	1	0
800	0	1
801	1	0
802	1	0
803	0	1
804	0	1
805	0	1
806	0	1
807	0	1
808	0	1
809	0	1
810	1	0
811	0	1
812	0	1
813	1	0
814	1	0
815	0	1
816	1	0
817	1	0
818	1	0
819	1	0
820	0	1
821	0	1
822	1	0
823	1	0
824	1	0
825	0	1
826	1	0
827	0	1
828	0	1
829	1	0
830	0	1
831	0	1
832	1	0
833	0	1
834	0	1
835	0	1
836	0	1
837	1	0
838	1	0
839	1	0
840	1	0
841	0	1
842	0	1
843	1	0
844	0	1
845	1	0
846	1	0
847	0	1
848	0	1
849	1	0
850	1	0
851	0	1
852	0	1
853	0	1
854	1	0
855	0	1
856	1	0
857	1	0
858	0	1
859	1	0
860	0	1
861	1	0
862	0	1
863	0	1
864	0	1
865	1	0
866	1	0
867	0	1
868	0	1
869	1	0
870	0	1
871	0	1
872	1	0
873	1	0
874	1	0
875	0	1
876	0	1
877	0	1
878	1	0
879	0	1
880	1	0
881	0	1
882	0	1
883	1	0
884	1	0
885	1	0
886	0	1
887	0	1
888	0	1
889	0	1
890	1	0
891	0	1
892	1	0
893	1	0
894	0	1
895	1	0
896	0	1
897	1	0
898	0	1
899	1	0
900	0	1
901	1	0
902	0	1
903	0	1
904	1	0
905	0	1
906	0	1
907	1	0
908	1	0
909	1	0
910	0	1
911	1	0
912	0	1
913	0	1
914	1	0
915	1	0
916	0	1
917	0	1
918	0	1
919	1	0
920	0	1
921	0	1
922	1	0
923	1	0
924	0	1
925	1	0
926	0	1
927	1	0
928	0	1
929	1	0
930	1	0
931	0	1
932	1	0
933	1	0
934	1	0
935	0	1
936	1	0
937	1	0
938	0	1
939	1	0
940	1	0
941	0	1
942	1	0
943	0	1
944	1	0
945	0	1
946	1	0
947	1	0
948	1	0
949	0	1
950	0	1
951	0	1
952	0	1
953	0	1
954	1	0
955	0	1
956	0	1
957	1	0
958	1	0
959	1	0
960	0	1
961	0	1
962	0	1
963	0	1
964	1	0
965	1	0
966	1	0
967	1	0
968	1	0
969	0	1
970	0	1
971	1	0
972	0	1
973	0	1
974	1	0
975	0	1
976	1	0
977	1	0
978	1	0
979	1	0
980	0	1
981	1	0
982	1	0
983	1	0
984	1	0
985	1	0
986	0	1
987	1	0
988	1	0
989	1	0
990	1	0
991	0	1
992	1	0
993	1	0
994	0	1
995	1	0
996	0	1
997	0	1
998	0	1
999	0	1
1000	0	1
1001	0	1
1002	0	1
1003	1	0
1004	1	0
1005	0	1
1006	1	0
1007	1	0
1008	0	1
1009	0	1
1010	1	0
1011	1	0
1012	1	0
1013	0	1
1014	0	1
1015	1	0
1016	1	0
1017	1	0
1018	0	1
1019	1	0
1020	1	0
1021	1	0
1022	0	1
1023	1	0
1024	0	1
1025	1	0
1026	1	0
1027	1	0
1028	0	1
1029	1	0
1030	1	0
1031	1	0
1032	0	1
1033	0	1
1034	1	0
1035	0	1
1036	1	0
1037	1	0
1038	1	0
1039	0	1
1040	1	0
1041	1	0
1042	0	1
1043	1	0
1044	0	1
1045	0	1
1046	0	1
1047	0	1
1048	0	1
1049	1	0
1050	0	1
1051	1	0
1052	0	1
1053	0	1
1054	0	1
1055	1	0
1056	1	0
1057	0	1
1058	0	1
1059	0	1
1060	0	1
1061	0	1
1062	0	1
1063	1	0
1064	1	0
1065	0	1
1066	0	1
1067	0	1
1068	1	0
1069	0	1
1070	0	1
1071	1	0
1072	0	1
1073	0	1
1074	1	0
1075	1	0
1076	0	1
1077	0	1
1078	1	0
1079	1	0
1080	1	0
1081	0	1
1082	0	1
1083	1	0
1084	1	0
1085	0	1
1086	0	1
1087	1	0
1088	0	1
1089	0	1
1090	1	0
1091	1	0
1092	0	1
1093	1	0
1094	1	0
1095	1	0
1096	0	1
1097	0	1
1098	1	0
1099	1	0
1100	1	0
1101	1	0
1102	0	1
1103	1	0
1104	1	0
1105	0	1
1106	1	0
1107	0	1
1108	0	1
1109	0	1
1110	1	0
1111	0	1
1112	0	1
1113	1	0
1114	0	1
1115	1	0
1116	1	0
1117	1	0
1118	1	0
1119	1	0
1120	1	0
1121	1	0
1122	0	1
1123	1	0
1124	0	1
1125	1	0
1126	1	0
1127	0	1
1128	1	0
1129	0	1
1130	1	0
1131	1	0
1132	0	1
1133	0	1
1134	1	0
1135	1	0
1136	0	1
1137	0	1
1138	0	1
1139	0	1
1140	1	0
1141	0	1
1142	0	1
1143	1	0
1144	0	1
1145	0	1
1146	1	0
1147	0	1
1148	0	1
1149	0	1
1150	1	0
1151	0	1
1152	0	1
1153	1	0
1154	1	0
1155	0	1
1156	1	0
1157	0	1
1158	0	1
1159	1	0
1160	1	0
1161	0	1
1162	0	1
1163	0	1
1164	0	1
1165	0	1
1166	1	0
1167	1	0
1168	1	0
1169	1	0
1170	1	0
1171	1	0
1172	1	0
1173	1	0
1174	1	0
1175	0	1
1176	1	0
1177	1	0
1178	0	1
1179	1	0
1180	0	1
1181	0	1
1182	0	1
1183	0	1
1184	1	0
1185	0	1
1186	1	0
1187	0	1
1188	1	0
1189	1	0
1190	1	0
1191	1	0
1192	1	0
1193	0	1
1194	1	0
1195	1	0
1196	1	0
1197	1	0
1198	1	0
1199	1	0
1200	1	0
1201	0	1
1202	1	0
1203	0	1
1204	1	0
1205	1	0
1206	0	1
1207	0	1
1208	0	1
1209	0	1
1210	0	1
1211	1	0
1212	1	0
1213	0	1
1214	1	0
1215	1	0
1216	0	1
1217	0	1
1218	0	1
1219	0	1
1220	0	1
1221	0	1
1222	1	0
1223	0	1
1224	1	0
1225	1	0
1226	0	1
1227	1	0
1228	1	0
1229	1	0
1230	0	1
1231	0	1
1232	0	1
1233	1	0
1234	1	0
1235	1	0
1236	0	1
1237	1	0
1238	1	0
1239	1	0
1240	0	1
1241	0	1
1242	1	0
1243	1	0
1244	1	0
1245	0	1
1246	0	1
1247	0	1
1248	0	1
1249	0	1
1250	0	1
1251	0	1
1252	1	0
1253	0	1
1254	0	1
1255	0	1
1256	1	0
1257	0	1
1258	0	1
1259	1	0
1260	0	1
1261	0	1
1262	0	1
1263	1	0
1264	1	0
1265	0	1
1266	1	0
1267	0	1
1268	0	1
1269	1	0
1270	1	0
1271	1	0
1272	0	1
1273	1	0
1274	0	1
1275	1	0
1276	1	0
1277	0	1
1278	1	0
1279	1	0
1280	1	0
1281	0	1
1282	0	1
1283	0	1
1284	1	0
1285	1	0
1286	0	1
1287	0	1
1288	1	0
1289	0	1
1290	0	1
1291	0	1
1292	0	1
1293	0	1
1294	0	1
1295	0	1
1296	0	1
1297	1	0
1298	0	1
1299	0	1
1300	1	0
1301	1	0
1302	0	1
1303	1	0
1304	1	0
1305	1	0
1306	0	1
1307	0	1
1308	1	0
1309	0	1
1310	1	0
1311	1	0
1312	1	0
1313	1	0
1314	1	0
1315	1	0
1316	1	0
1317	1	0
1318	1	0
1319	0	1
1320	0	1
1321	0	1
1322	1	0
1323	0	1
1324	1	0
1325	0	1
1326	0	1
1327	1	0
1328	0	1
1329	1	0
1330	0	1
1331	1	0
1332	0	1
1333	0	1
1334	0	1
1335	1	0
1336	0	1
1337	1	0
1338	1	0
1339	0	1
1340	0	1
1341	0	1
1342	0	1
1343	1	0
1344	1	0
1345	1	0
1346	0	1
1347	1	0
1348	0	1
1349	1	0
1350	0	1
1351	1	0
1352	1	0
1353	0	1
1354	0	1
1355	0	1
1356	0	1
1357	1	0
1358	0	1
1359	1	0
1360	1	0
1361	0	1
1362	0	1
1363	1	0
1364	1	0
1365	0	1
1366	1	0
1367	0	1
1368	1	0
1369	1	0
1370	1	0
1371	0	1
1372	0	1
1373	0	1
1374	1	0
1375	1	0
1376	0	1
1377	0	1
1378	0	1
1379	1	0
1380	1	0
1381	0	1
1382	1	0
1383	1	0
1384	1	0
1385	0	1
1386	1	0
1387	1	0
1388	1	0
1389	0	1
1390	0	1
1391	0	1
1392	0	1
1393	1	0
1394	0	1
1395	0	1
1396	1	0
1397	1	0
1398	1	0
1399	1	0
1400	0	1
1401	1	0
1402	1	0
1403	0	1
1404	0	1
1405	0	1
1406	1	0
1407	1	0
1408	1	0
1409	1	0
1410	0	1
1411	0	1
1412	1	0
1413	0	1
1414	0	1
1415	1	0
1416	0	1
1417	0	1
1418	0	1
1419	1	0
1420	0	1
1421	0	1
1422	0	1
1423	1	0
1424	1	0
1425	0	1
1426	1	0
1427	1	0
1428	1	0
1429	1	0
1430	0	1
1431	1	0
1432	1	0
1433	1	0
1434	1	0
1435	1	0
1436	1	0
1437	0	1
1438	1	0
1439	1	0
1440	0	1
1441	1	0
1442	1	0
1443	0	1
1444	1	0
1445	0	1
1446	0	1
1447	0	1
1448	1	0
1449	0	1
1450	0	1
1451	1	0
1452	0	1
1453	0	1
1454	0	1
1455	0	1
1456	0	1
1457	1	0
1458	0	1
1459	1	0
1460	0	1
1461	0	1
1462	0	1
1463	1	0
1464	0	1
1465	1	0
1466	1	0
1467	1	0
1468	0	1
1469	1	0
1470	1	0
1471	0	1
1472	1	0
1473	0	1
1474	0	1
1475	1	0
1476	1	0
1477	1	0
1478	1	0
1479	0	1
1480	1	0
1481	1	0
1482	0	1
1483	1	0
1484	1	0
1485	1	0
1486	0	1
1487	0	1
1488	0	1
1489	0	1
1490	0	1
1491	1	0
1492	1	0
1493	1	0
1494	0	1
1495	1	0
1496	1	0
1497	1	0
1498	1	0
1499	0	1
1500	1	0
1501	1	0
1502	1	0
1503	1	0
1504	0	1
1505	1	0
1506	1	0
1507	0	1
1508	0	1
1509	1	0
1510	0	1
1511	1	0
1512	0	1
1513	0	1
1514	1	0
1515	0	1
1516	1	0
1517	1	0
1518	1	0
1519	0	1
1520	1	0
1521	0	1
1522	0	1
1523	0	1
1524	1	0
1525	0	1
1526	1	0
1527	0	1
1528	1	0
1529	0	1
1530	0	1
1531	0	1
1532	1	0
1533	1	0
1534	0	1
1535	1	0
1536	1	0
1537	0	1
1538	1	0
1539	0	1
1540	0	1
1541	0	1
1542	1	0
1543	0	1
1544	0	1
1545	0	1
1546	1	0
1547	0	1
1548	1	0
1549	0	1
1550	0	1
1551	0	1
1552	0	1
1553	1	0
1554	1	0
1555	0	1
1556	0	1
1557	0	1
1558	1	0
1559	1	0
1560	1	0
1561	0	1
1562	0	1
1563	0	1
1564	1	0
1565	1	0
1566	0	1
1567	0	1
1568	0	1
1569	1	0
1570	0	1
1571	1	0
1572	0	1
1573	0	1
1574	1	0
1575	1	0
1576	1	0
1577	0	1
1578	1	0
1579	1	0
1580	1	0
1581	0	1
1582	0	1
1583	0	1
1584	1	0
1585	1	0
1586	0	1
1587	1	0
1588	1	0
1589	1	0
1590	1	0
1591	1	0
1592	1	0
1593	1	0
1594	0	1
1595	0	1
1596	1	0
1597	0	1
1598	1	0
1599	1	0
1600	0	1
1601	0	1
1602	1	0
1603	0	1
1604	1	0
1605	0	1
1606	1	0
1607	0	1
1608	0	1
1609	1	0
1610	0	1
1611	0	1
1612	0	1
1613	1	0
1614	1	0
1615	0	1
1616	1	0
1617	0	1
1618	1	0
1619	0	1
1620	0	1
1621	0	1
1622	0	1
1623	1	0
1624	0	1
1625	0	1
1626	1	0
1627	0	1
1628	0	1
1629	0	1
1630	0	1
1631	1	0
1632	0	1
1633	0	1
1634	0	1
1635	1	0
1636	1	0
1637	1	0
1638	1	0
1639	1	0
1640	0	1
1641	0	1
1642	0	1
1643	1	0
1644	0	1
1645	0	1
1646	0	1
1647	1	0
1648	0	1
1649	1	0
1650	1	0
1651	1	0
1652	1	0
1653	1	0
1654	1	0
1655	1	0
1656	0	1
1657	0	1
1658	1	0
1659	1	0
1660	1	0
1661	1	0
1662	0	1
1663	0	1
1664	1	0
1665	1	0
1666	1	0
1667	0	1
1668	0	1
1669	1	0
1670	0	1
1671	0	1
1672	1	0
1673	1	0
1674	1	0
1675	1	0
1676	1	0
1677	1	0
1678	1	0
1679	0	1
1680	1	0
1681	1	0
1682	0	1
1683	1	0
1684	1	0
1685	0	1
1686	0	1
1687	1	0
1688	1	0
1689	1	0
1690	0	1
1691	0	1
1692	1	0
1693	1	0
1694	1	0
1695	1	0
1696	1	0
1697	1	0
1698	0	1
1699	1	0
1700	0	1
1701	1	0
1702	1	0
1703	0	1
1704	1	0
1705	0	1
1706	1	0
1707	1	0
1708	0	1
1709	1	0
1710	1	0
1711	1	0
1712	1	0
1713	1	0
1714	0	1
1715	1	0
1716	0	1
1717	1	0
1718	1	0
1719	1	0
1720	0	1
1721	1	0
1722	0	1
1723	0	1
1724	0	1
1725	0	1
1726	1	0
1727	1	0
1728	0	1
1729	1	0
1730	1	0
1731	1	0
1732	1	0
1733	1	0
1734	0	1
1735	0	1
1736	1	0
1737	1	0
1738	1	0
1739	1	0
1740	1	0
1741	1	0
1742	0	1
1743	1	0
1744	1	0
1745	0	1
1746	1	0
1747	0	1
1748	1	0
1749	1	0
1750	1	0
1751	0	1
1752	1	0
1753	0	1
1754	0	1
1755	0	1
1756	1	0
1757	0	1
1758	0	1
1759	1	0
1760	0	1
1761	1	0
1762	1	0
1763	0	1
1764	1	0
1765	1	0
1766	0	1
1767	1	0
1768	1	0
1769	1	0
1770	0	1
1771	1	0
1772	1	0
1773	1	0
1774	1	0
1775	0	1
1776	0	1
1777	1	0
1778	0	1
1779	0	1
1780	1	0
1781	0	1
1782	1	0
1783	0	1
1784	1	0
1785	0	1
1786	1	0
1787	1	0
1788	1	0
1789	1	0
1790	0	1
1791	0	1
1792	0	1
1793	1	0
1794	1	0
1795	0	1
1796	1	0
1797	1	0
1798	0	1
1799	1	0
1800	1	0
1801	0	1
1802	0	1
1803	0	1
1804	1	0
1805	1	0
1806	0	1
1807	1	0
1808	1	0
1809	0	1
1810	1	0
1811	1	0
1812	0	1
1813	1	0
1814	0	1
1815	0	1
1816	0	1
1817	0	1
1818	1	0
1819	1	0
1820	0	1
1821	0	1
1822	0	1
1823	0	1
1824	1	0
1825	1	0
1826	1	0
1827	0	1
1828	1	0
1829	1	0
1830	1	0
1831	1	0
1832	1	0
1833	0	1
1834	0	1
1835	0	1
1836	0	1
1837	1	0
1838	1	0
1839	1	0
1840	0	1
1841	0	1
1842	0	1
1843	0	1
1844	0	1
1845	1	0
1846	0	1
1847	1	0
1848	0	1
1849	1	0
1850	0	1
1851	1	0
1852	1	0
1853	0	1
1854	1	0
1855	0	1
1856	1	0
1857	1	0
1858	1	0
1859	0	1
1860	1	0
1861	0	1
1862	0	1
1863	0	1
1864	1	0
1865	0	1
1866	1	0
1867	1	0
1868	1	0
1869	1	0
1870	1	0
1871	0	1
1872	0	1
1873	0	1
1874	0	1
1875	1	0
1876	1	0
1877	0	1
1878	0	1
1879	1	0
1880	1	0
1881	0	1
1882	1	0
1883	0	1
1884	1	0
1885	1	0
1886	1	0
1887	0	1
1888	0	1
1889	1	0
1890	1	0
1891	1	0
1892	0	1
1893	0	1
1894	1	0
1895	1	0
1896	1	0
1897	1	0
1898	1	0
1899	1	0
1900	1	0
1901	0	1
1902	1	0
1903	1	0
1904	1	0
1905	1	0
1906	0	1
1907	1	0
1908	0	1
1909	1	0
1910	1	0
1911	0	1
1912	1	0
1913	0	1
1914	1	0
1915	0	1
1916	0	1
1917	1	0
1918	1	0
1919	0	1
1920	0	1
1921	0	1
1922	0	1
1923	1	0
1924	0	1
1925	0	1
1926	1	0
1927	0	1
1928	1	0
1929	1	0
1930	0	1
1931	0	1
1932	0	1
1933	1	0
1934	0	1
1935	0	1
1936	0	1
1937	1	0
1938	1	0
1939	1	0
1940	1	0
1941	1	0
1942	0	1
1943	1	0
1944	0	1
1945	1	0
1946	0	1
1947	0	1
1948	1	0
1949	0	1
1950	1	0
1951	0	1
1952	0	1
1953	1	0
1954	1	0
1955	1	0
1956	0	1
1957	0	1
1958	1	0
1959	1	0
1960	0	1
1961	0	1
1962	1	0
1963	1	0
1964	1	0
1965	0	1
1966	1	0
1967	1	0
1968	0	1
1969	0	1
1970	0	1
1971	1	0
1972	1	0
1973	0	1
1974	1	0
1975	1	0
1976	0	1
1977	1	0
1978	0	1
1979	1	0
1980	1	0
1981	0	1
1982	1	0
1983	0	1
1984	0	1
1985	1	0
1986	1	0
1987	1	0
1988	1	0
1989	1	0
1990	0	1
1991	0	1
1992	0	1
1993	0	1
1994	0	1
1995	0	1
1996	0	1
1997	0	1
1998	0	1
1999	1	0
2000	0	1
2001	0	1
2002	1	0
2003	1	0
2004	1	0
2005	1	0
2006	0	1
2007	0	1
2008	0	1
2009	1	0
2010	1	0
2011	0	1
2012	0	1
2013	0	1
2014	1	0
2015	1	0
2016	0	1
2017	0	1
2018	1	0
2019	0	1
2020	1	0
2021	1	0
2022	0	1
2023	0	1
2024	0	1
2025	1	0
2026	0	1
2027	1	0
2028	1	0
2029	0	1
2030	1	0
2031	1	0
2032	0	1
2033	1	0
2034	0	1
2035	1	0
2036	1	0
2037	1	0
2038	0	1
2039	0	1
2040	0	1
2041	1	0
2042	0	1
2043	0	1
2044	0	1
2045	0	1
2046	0	1
2047	1	0
2048	0	1
2049	0	1
2050	0	1
2051	1	0
2052	0	1
2053	1	0
2054	0	1
2055	0	1
2056	0	1
2057	0	1
2058	0	1
2059	1	0
2060	0	1
2061	1	0
2062	1	0
2063	1	0
2064	1	0
2065	1	0
2066	1	0
2067	1	0
2068	0	1
2069	1	0
2070	0	1
2071	0	1
2072	1	0
2073	1	0
2074	0	1
2075	0	1
2076	1	0
2077	0	1
2078	0	1
2079	0	1
2080	0	1
2081	1	0
2082	0	1
2083	1	0
2084	0	1
2085	0	1
2086	0	1
2087	0	1
2088	1	0
2089	0	1
2090	1	0
2091	1	0
2092	1	0
2093	1	0
2094	0	1
2095	0	1
2096	1	0
2097	1	0
2098	1	0
2099	1	0
2100	1	0
2101	0	1
2102	1	0
2103	0	1
2104	1	0
2105	1	0
2106	0	1
2107	0	1
2108	0	1
2109	1	0
2110	1	0
2111	0	1
2112	0	1
2113	0	1
2114	1	0
2115	0	1
2116	0	1
2117	0	1
2118	1	0
2119	1	0
2120	0	1
2121	0	1
2122	0	1
2123	1	0
2124	1	0
2125	1	0
2126	0	1
2127	1	0
2128	0	1
2129	0	1
2130	0	1
2131	0	1
2132	1	0
2133	1	0
2134	0	1
2135	1	0
2136	1	0
2137	0	1
2138	1	0
2139	0	1
2140	1	0
2141	1	0
2142	1	0
2143	1	0
2144	0	1
2145	1	0
2146	0	1
2147	1	0
2148	1	0
2149	0	1
2150	0	1
2151	0	1
2152	0	1
2153	1	0
2154	0	1
2155	1	0
2156	1	0
2157	1	0
2158	0	1
2159	0	1
2160	0	1
2161	1	0
2162	0	1
2163	1	0
2164	1	0
2165	1	0
2166	1	0
2167	1	0
2168	0	1
2169	0	1
2170	1	0
2171	1	0
2172	0	1
2173	1	0
2174	0	1
2175	1	0
2176	1	0
2177	1	0
2178	0	1
2179	1	0
2180	0	1
2181	1	0
2182	1	0
2183	1	0
2184	1	0
2185	1	0
2186	1	0
2187	0	1
2188	0	1
2189	0	1
2190	1	0
2191	1	0
2192	1	0
2193	1	0
2194	0	1
2195	0	1
2196	0	1
2197	0	1
2198	0	1
2199	0	1
2200	0	1
2201	1	0
2202	0	1
2203	0	1
2204	0	1
2205	1	0
2206	0	1
2207	0	1
2208	1	0
2209	1	0
2210	0	1
2211	0	1
2212	1	0
2213	0	1
2214	1	0
2215	0	1
2216	0	1
2217	1	0
2218	0	1
2219	0	1
2220	0	1
2221	1	0
2222	1	0
2223	1	0
2224	0	1
2225	1	0
2226	0	1
2227	1	0
2228	0	1
2229	1	0
2230	1	0
2231	1	0
2232	1	0
2233	0	1
2234	1	0
2235	0	1
2236	0	1
2237	1	0
2238	0	1
2239	1	0
2240	1	0
2241	0	1
2242	0	1
2243	1	0
2244	1	0
2245	1	0
2246	0	1
2247	0	1
2248	1	0
2249	1	0
2250	0	1
2251	1	0
2252	1	0
2253	1	0
2254	0	1
2255	0	1
2256	0	1
2257	0	1
2258	0	1
2259	0	1
2260	1	0
2261	1	0
2262	1	0
2263	0	1
2264	1	0
2265	1	0
2266	1	0
2267	0	1
2268	0	1
2269	0	1
2270	0	1
2271	1	0
2272	1	0
2273	0	1
2274	1	0
2275	0	1
2276	1	0
2277	0	1
2278	1	0
2279	0	1
2280	0	1
2281	0	1
2282	1	0
2283	0	1
2284	0	1
2285	0	1
2286	1	0
2287	0	1
2288	0	1
2289	0	1
2290	1	0
2291	1	0
2292	0	1
2293	1	0
2294	0	1
2295	1	0
2296	1	0
2297	0	1
2298	1	0
2299	0	1
2300	0	1
2301	1	0
2302	0	1
2303	0	1
2304	0	1
2305	0	1
2306	1	0
2307	1	0
2308	0	1
2309	0	1
2310	0	1
2311	0	1
2312	0	1
2313	0	1
2314	1	0
2315	0	1
2316	0	1
2317	0	1
2318	0	1
2319	0	1
2320	1	0
2321	1	0
2322	1	0
2323	0	1
2324	0	1
2325	1	0
2326	1	0
2327	1	0
2328	1	0
2329	0	1
2330	0	1
2331	1	0
2332	0	1
2333	1	0
2334	0	1
2335	1	0
2336	1	0
2337	1	0
2338	1	0
2339	1	0
2340	1	0
2341	0	1
2342	0	1
2343	1	0
2344	0	1
2345	0	1
2346	1	0
2347	0	1
2348	0	1
2349	0	1
2350	0	1
2351	1	0
2352	1	0
2353	1	0
2354	0	1
2355	0	1
2356	1	0
2357	0	1
2358	1	0
2359	1	0
2360	0	1
2361	0	1
2362	0	1
2363	0	1
2364	1	0
2365	1	0
2366	0	1
2367	1	0
2368	0	1
2369	0	1
2370	1	0
2371	0	1
2372	1	0
2373	1	0
2374	0	1
2375	1	0
2376	1	0
2377	1	0
2378	0	1
2379	0	1
2380	1	0
2381	0	1
2382	0	1
2383	0	1
2384	1	0
2385	1	0
2386	1	0
2387	1	0
2388	1	0
2389	1	0
2390	0	1
2391	0	1
2392	0	1
2393	1	0
2394	1	0
2395	0	1
2396	1	0
2397	0	1
2398	1	0
2399	1	0
2400	0	1
2401	1	0
2402	0	1
2403	0	1
2404	0	1
2405	1	0
2406	0	1
2407	1	0
2408	1	0
2409	0	1
2410	0	1
2411	0	1
2412	0	1
2413	0	1
2414	0	1
2415	1	0
2416	0	1
2417	1	0
2418	0	1
2419	1	0
2420	0	1
2421	1	0
2422	0	1
2423	1	0
2424	1	0
2425	1	0
2426	0	1
2427	0	1
2428	1	0
2429	0	1
2430	1	0
2431	0	1
2432	0	1
2433	1	0
2434	0	1
2435	0	1
2436	0	1
2437	1	0
2438	0	1
2439	0	1
2440	0	1
2441	0	1
2442	0	1
2443	0	1
2444	1	0
2445	1	0
2446	0	1
2447	0	1
2448	0	1
2449	1	0
2450	0	1
2451	0	1
2452	0	1
2453	1	0
2454	1	0
2455	0	1
2456	1	0
2457	0	1
2458	0	1
2459	0	1
2460	1	0
2461	1	0
2462	1	0
2463	0	1
2464	0	1
2465	0	1
2466	0	1
2467	0	1
2468	0	1
2469	1	0
2470	1	0
2471	0	1
2472	1	0
2473	0	1
2474	0	1
2475	0	1
2476	1	0
2477	1	0
2478	1	0
2479	0	1
2480	1	0
2481	1	0
2482	0	1
2483	0	1
2484	0	1
2485	1	0
2486	0	1
2487	1	0
2488	1	0
2489	0	1
2490	0	1
2491	0	1
2492	0	1
2493	0	1
2494	0	1
2495	1	0
2496	0	1
2497	1	0
2498	1	0
2499	0	1
2500	1	0
2501	1	0
2502	1	0
2503	0	1
2504	0	1
2505	1	0
2506	0	1
2507	1	0
2508	0	1
2509	0	1
2510	0	1
2511	1	0
2512	0	1
2513	0	1
2514	1	0
2515	0	1
2516	1	0
2517	1	0
2518	1	0
2519	1	0
2520	0	1
2521	1	0
2522	0	1
2523	1	0
2524	0	1
2525	1	0
2526	1	0
2527	0	1
2528	0	1
2529	1	0
2530	0	1
2531	1	0
2532	0	1
2533	0	1
2534	0	1
2535	0	1
2536	0	1
2537	1	0
2538	1	0
2539	1	0
2540	0	1
2541	0	1
2542	0	1
2543	1	0
2544	1	0
2545	0	1
2546	0	1
2547	1	0
2548	1	0
2549	0	1
2550	1	0
2551	1	0
2552	1	0
2553	0	1
2554	0	1
2555	1	0
2556	1	0
2557	0	1
2558	0	1
2559	1	0
2560	1	0
2561	1	0
2562	0	1
2563	1	0
2564	1	0
2565	1	0
2566	1	0
2567	1	0
2568	0	1
2569	1	0
2570	0	1
2571	1	0
2572	1	0
2573	1	0
2574	1	0
2575	1	0
2576	0	1
2577	1	0
2578	1	0
2579	0	1
2580	1	0
2581	1	0
2582	1	0
2583	0	1
2584	0	1
2585	1	0
2586	1	0
2587	0	1
2588	0	1
2589	1	0
2590	1	0
2591	1	0
2592	0	1
2593	0	1
2594	1	0
2595	1	0
2596	1	0
2597	1	0
2598	0	1
2599	0	1
2600	1	0
2601	0	1
2602	1	0
2603	1	0
2604	1	0
2605	0	1
2606	1	0
2607	1	0
2608	0	1
2609	1	0
2610	0	1
2611	0	1
2612	0	1
2613	1	0
2614	0	1
2615	0	1
2616	0	1
2617	0	1
2618	1	0
2619	1	0
2620	1	0
2621	0	1
2622	1	0
2623	1	0
2624	1	0
2625	1	0
2626	0	1
2627	0	1
2628	0	1
2629	1	0
2630	1	0
2631	1	0
2632	1	0
2633	1	0
2634	1	0
2635	1	0
2636	0	1
2637	1	0
2638	1	0
2639	0	1
2640	1	0
2641	1	0
2642	1	0
2643	1	0
2644	1	0
2645	0	1
2646	0	1
2647	0	1
2648	1	0
2649	0	1
2650	1	0
2651	0	1
2652	1	0
2653	0	1
2654	1	0
2655	0	1
2656	1	0
2657	0	1
2658	1	0
2659	1	0
2660	0	1
2661	1	0
2662	0	1
2663	1	0
2664	0	1
2665	0	1
2666	1	0
2667	0	1
2668	0	1
2669	1	0
2670	0	1
2671	0	1
2672	0	1
2673	1	0
2674	1	0
2675	1	0
2676	1	0
2677	0	1
2678	1	0
2679	0	1
2680	1	0
2681	0	1
2682	1	0
2683	1	0
2684	0	1
2685	0	1
2686	1	0
2687	0	1
2688	1	0
2689	1	0
2690	0	1
2691	1	0
2692	1	0
2693	1	0
2694	1	0
2695	1	0
2696	0	1
2697	0	1
2698	1	0
2699	0	1
2700	0	1
2701	0	1
2702	1	0
2703	1	0
2704	1	0
2705	1	0
2706	0	1
2707	1	0
2708	1	0
2709	1	0
2710	1	0
2711	0	1
2712	0	1
2713	1	0
2714	1	0
2715	1	0
2716	1	0
2717	1	0
2718	0	1
2719	1	0
2720	0	1
2721	1	0
2722	1	0
2723	0	1
2724	1	0
2725	1	0
2726	1	0
2727	0	1
2728	0	1
2729	0	1
2730	0	1
2731	0	1
2732	0	1
2733	0	1
2734	0	1
2735	1	0
2736	1	0
2737	0	1
2738	0	1
2739	0	1
2740	0	1
2741	0	1
2742	0	1
2743	0	1
2744	0	1
2745	1	0
2746	0	1
2747	1	0
2748	0	1
2749	1	0
2750	1	0
2751	1	0
2752	1	0
2753	0	1
2754	0	1
2755	1	0
2756	1	0
2757	1	0
2758	1	0
2759	1	0
2760	1	0
2761	0	1
2762	1	0
2763	1	0
2764	1	0
2765	1	0
2766	0	1
2767	0	1
2768	0	1
2769	1	0
2770	0	1
2771	1	0
2772	1	0
2773	0	1
2774	1	0
2775	1	0
2776	0	1
2777	1	0
2778	1	0
2779	1	0
2780	0	1
2781	1	0
2782	1	0
2783	1	0
2784	0	1
2785	0	1
2786	0	1
2787	0	1
2788	1	0
2789	0	1
2790	0	1
2791	1	0
2792	0	1
2793	0	1
2794	0	1
2795	1	0
2796	0	1
2797	0	1
2798	1	0
2799	1	0
2800	1	0
2801	1	0
2802	0	1
2803	1	0
2804	1	0
2805	0	1
2806	0	1
2807	1	0
2808	1	0
2809	1	0
2810	1	0
2811	1	0
2812	0	1
2813	1	0
2814	0	1
2815	1	0
2816	1	0
2817	0	1
2818	0	1
2819	0	1
2820	0	1
2821	0	1
2822	1	0
2823	0	1
2824	0	1
2825	0	1
2826	0	1
2827	0	1
2828	1	0
2829	1	0
2830	1	0
2831	0	1
2832	1	0
2833	0	1
2834	0	1
2835	1	0
2836	1	0
2837	1	0
2838	0	1
2839	1	0
2840	1	0
2841	1	0
2842	0	1
2843	1	0
2844	1	0
2845	1	0
2846	1	0
2847	0	1
2848	0	1
2849	1	0
2850	0	1
2851	1	0
2852	1	0
2853	0	1
2854	0	1
2855	1	0
2856	0	1
2857	0	1
2858	1	0
2859	1	0
2860	1	0
2861	0	1
2862	1	0
2863	1	0
2864	0	1
2865	1	0
2866	0	1
2867	1	0
2868	0	1
2869	0	1
2870	0	1
2871	0	1
2872	0	1
2873	1	0
2874	0	1
2875	1	0
2876	0	1
2877	1	0
2878	1	0
2879	1	0
2880	1	0
2881	0	1
2882	0	1
2883	1	0
2884	1	0
2885	1	0
2886	1	0
2887	0	1
2888	0	1
2889	1	0
2890	1	0
2891	1	0
2892	1	0
2893	0	1
2894	1	0
2895	0	1
2896	1	0
2897	0	1
2898	0	1
2899	0	1
2900	0	1
2901	0	1
2902	1	0
2903	0	1
2904	1	0
2905	1	0
2906	1	0
2907	0	1
2908	1	0
2909	0	1
2910	0	1
2911	1	0
2912	1	0
2913	1	0
2914	0	1
2915	0	1
2916	0	1
2917	0	1
2918	0	1
2919	0	1
2920	0	1
2921	0	1
2922	1	0
2923	1	0
2924	0	1
2925	1	0
2926	1	0
2927	0	1
2928	0	1
2929	1	0
2930	1	0
2931	0	1
2932	0	1
2933	0	1
2934	0	1
2935	0	1
2936	0	1
2937	0	1
2938	1	0
2939	0	1
2940	1	0
2941	1	0
2942	1	0
2943	1	0
2944	0	1
2945	1	0
2946	1	0
2947	1	0
2948	1	0
2949	1	0
2950	1	0
2951	0	1
2952	1	0
2953	0	1
2954	1	0
2955	0	1
2956	0	1
2957	1	0
2958	0	1
2959	1	0
2960	0	1
2961	0	1
2962	1	0
2963	0	1
2964	1	0
2965	0	1
2966	0	1
2967	1	0
2968	1	0
2969	1	0
2970	1	0
2971	0	1
2972	0	1
2973	0	1
2974	0	1
2975	1	0
2976	1	0
2977	0	1
2978	1	0
2979	0	1
2980	1	0
2981	1	0
2982	0	1
2983	1	0
2984	0	1
2985	1	0
2986	0	1
2987	1	0
2988	1	0
2989	1	0
2990	1	0
2991	1	0
2992	0	1
2993	1	0
2994	0	1
2995	0	1
2996	1	0
2997	1	0
2998	0	1
2999	0	1
3000	1	0
3001	1	0
3002	1	0
3003	1	0
3004	0	1
3005	0	1
3006	1	0
3007	1	0
3008	1	0
3009	1	0
3010	0	1
3011	1	0
3012	0	1
3013	1	0
3014	1	0
3015	1	0
3016	0	1
3017	1	0
3018	0	1
3019	0	1
3020	0	1
3021	1	0
3022	0	1
3023	1	0
3024	1	0
3025	1	0
3026	0	1
3027	0	1
3028	1	0
3029	1	0
3030	1	0
3031	1	0
3032	1	0
3033	0	1
3034	1	0
3035	0	1
3036	0	1
3037	0	1
3038	0	1
3039	0	1
3040	1	0
3041	0	1
3042	1	0
3043	1	0
3044	0	1
3045	1	0
3046	1	0
3047	0	1
3048	1	0
3049	0	1
3050	0	1
3051	1	0
3052	0	1
3053	1	0
3054	1	0
3055	0	1
3056	1	0
3057	0	1
3058	0	1
3059	0	1
3060	1	0
3061	1	0
3062	0	1
3063	0	1
3064	0	1
3065	1	0
3066	1	0
3067	1	0
3068	1	0
3069	0	1
3070	0	1
3071	1	0
3072	1	0
3073	0	1
3074	1	0
3075	0	1
3076	1	0
3077	1	0
3078	0	1
3079	0	1
3080	0	1
3081	0	1
3082	1	0
3083	1	0
3084	1	0
3085	0	1
3086	1	0
3087	1	0
3088	1	0
3089	0	1
3090	1	0
3091	1	0
3092	1	0
3093	0	1
3094	0	1
3095	1	0
3096	0	1
3097	0	1
3098	0	1
3099	1	0
3100	0	1
3101	1	0
3102	1	0
3103	1	0
3104	1	0
3105	0	1
3106	1	0
3107	1	0
3108	0	1
3109	0	1
3110	0	1
3111	0	1
3112	1	0
3113	1	0
3114	1	0
3115	1	0
3116	0	1
3117	0	1
3118	0	1
3119	0	1
3120	0	1
3121	0	1
3122	1	0
3123	1	0
3124	1	0
3125	1	0
3126	1	0
3127	1	0
3128	0	1
3129	1	0
3130	1	0
3131	1	0
3132	1	0
3133	1	0
3134	1	0
3135	0	1
3136	1	0
3137	1	0
3138	0	1
3139	1	0
3140	1	0
3141	1	0
3142	1	0
3143	1	0
3144	1	0
3145	0	1
3146	1	0
3147	1	0
3148	0	1
3149	0	1
3150	0	1
3151	0	1
3152	1	0
3153	1	0
3154	1	0
3155	1	0
3156	0	1
3157	0	1
3158	0	1
3159	0	1
3160	0	1
3161	1	0
3162	1	0
3163	0	1
3164	1	0
3165	1	0
3166	1	0
3167	1	0
3168	0	1
3169	1	0
3170	0	1
3171	1	0
3172	1	0
3173	1	0
3174	0	1
3175	0	1
3176	0	1
3177	1	0
3178	0	1
3179	0	1
3180	1	0
3181	1	0
3182	0	1
3183	1	0
3184	1	0
3185	1	0
3186	1	0
3187	1	0
3188	0	1
3189	1	0
3190	0	1
3191	0	1
3192	1	0
3193	0	1
3194	1	0
3195	0	1
3196	0	1
3197	0	1
3198	0	1
3199	0	1
3200	0	1
3201	1	0
3202	0	1
3203	0	1
3204	1	0
3205	1	0
3206	0	1
3207	1	0
3208	1	0
3209	0	1
3210	0	1
3211	0	1
3212	1	0
3213	1	0
3214	0	1
3215	1	0
3216	0	1
3217	0	1
3218	0	1
3219	0	1
3220	1	0
3221	0	1
3222	0	1
3223	0	1
3224	1	0
3225	0	1
3226	0	1
3227	0	1
3228	0	1
3229	0	1
3230	0	1
3231	0	1
3232	0	1
3233	1	0
3234	1	0
3235	1	0
3236	0	1
3237	1	0
3238	0	1
3239	1	0
3240	0	1
3241	1	0
3242	0	1
3243	1	0
3244	0	1
3245	0	1
3246	0	1
3247	0	1
3248	1	0
3249	0	1
3250	1	0
3251	1	0
3252	1	0
3253	1	0
3254	0	1
3255	0	1
3256	1	0
3257	0	1
3258	1	0
3259	1	0
3260	0	1
3261	0	1
3262	0	1
3263	0	1
3264	1	0
3265	1	0
3266	0	1
3267	1	0
3268	0	1
3269	0	1
3270	0	1
3271	0	1
3272	0	1
3273	1	0
3274	1	0
3275	1	0
3276	0	1
3277	1	0
3278	1	0
3279	1	0
3280	0	1
3281	1	0
3282	0	1
3283	1	0
3284	0	1
3285	0	1
3286	1	0
3287	1	0
3288	1	0
3289	0	1
3290	1	0
3291	0	1
3292	0	1
3293	0	1
3294	0	1
3295	1	0
3296	1	0
3297	0	1
3298	1	0
3299	1	0
3300	1	0
3301	0	1
3302	0	1
3303	1	0
3304	1	0
3305	0	1
3306	0	1
3307	0	1
3308	1	0
3309	1	0
3310	0	1
3311	1	0
3312	1	0
3313	1	0
3314	0	1
3315	1	0
3316	1	0
3317	1	0
3318	1	0
3319	1	0
3320	0	1
3321	1	0
3322	1	0
3323	0	1
3324	1	0
3325	1	0
3326	0	1
3327	0	1
3328	1	0
3329	0	1
3330	1	0
3331	0	1
3332	1	0
3333	1	0
3334	1	0
3335	0	1
3336	0	1
3337	1	0
3338	1	0
3339	1	0
3340	1	0
3341	1	0
3342	0	1
3343	1	0
3344	1	0
3345	1	0
3346	1	0
3347	1	0
3348	1	0
3349	0	1
3350	0	1
3351	1	0
3352	0	1
3353	0	1
3354	0	1
3355	1	0
3356	0	1
3357	1	0
3358	0	1
3359	1	0
3360	1	0
3361	0	1
3362	1	0
3363	0	1
3364	1	0
3365	1	0
3366	0	1
3367	1	0
3368	0	1
3369	0	1
3370	1	0
3371	1	0
3372	0	1
3373	0	1
3374	1	0
3375	1	0
3376	0	1
3377	1	0
3378	0	1
3379	1	0
3380	1	0
3381	1	0
3382	0	1
3383	1	0
3384	1	0
3385	0	1
3386	0	1
3387	0	1
3388	1	0
3389	0	1
3390	0	1
3391	0	1
3392	1	0
3393	0	1
3394	1	0
3395	0	1
3396	1	0
3397	1	0
3398	1	0
3399	0	1
3400	0	1
3401	0	1
3402	0	1
3403	1	0
3404	0	1
3405	1	0
3406	0	1
3407	1	0
3408	1	0
3409	0	1
3410	1	0
3411	0	1
3412	0	1
3413	0	1
3414	1	0
3415	0	1
3416	0	1
3417	0	1
3418	1	0
3419	1	0
3420	1	0
3421	1	0
3422	1	0
3423	0	1
3424	1	0
3425	1	0
3426	1	0
3427	1	0
3428	1	0
3429	0	1
3430	1	0
3431	1	0
3432	1	0
3433	0	1
3434	1	0
3435	1	0
3436	0	1
3437	0	1
3438	1	0
3439	1	0
3440	0	1
3441	1	0
3442	1	0
3443	1	0
3444	1	0
3445	0	1
3446	0	1
3447	1	0
3448	0	1
3449	1	0
3450	0	1
3451	1	0
3452	1	0
3453	0	1
3454	0	1
3455	1	0
3456	0	1
3457	0	1
3458	1	0
3459	1	0
3460	0	1
3461	1	0
3462	0	1
3463	0	1
3464	1	0
3465	0	1
3466	1	0
3467	1	0
3468	1	0
3469	1	0
3470	1	0
3471	1	0
3472	1	0
3473	0	1
3474	1	0
3475	1	0
3476	0	1
3477	1	0
3478	0	1
3479	0	1
3480	0	1
3481	0	1
3482	1	0
3483	1	0
3484	0	1
3485	0	1
3486	0	1
3487	1	0
3488	0	1
3489	1	0
3490	0	1
3491	0	1
3492	1	0
3493	0	1
3494	0	1
3495	1	0
3496	0	1
3497	1	0
3498	0	1
3499	1	0
3500	1	0
3501	1	0
3502	0	1
3503	1	0
3504	0	1
3505	1	0
3506	0	1
3507	1	0
3508	0	1
3509	0	1
3510	1	0
3511	1	0
3512	0	1
3513	0	1
3514	0	1
3515	1	0
3516	1	0
3517	1	0
3518	1	0
3519	0	1
3520	1	0
3521	1	0
3522	1	0
3523	1	0
3524	0	1
3525	0	1
3526	0	1
3527	0	1
3528	0	1
3529	1	0
3530	0	1
3531	0	1
3532	1	0
3533	0	1
3534	1	0
3535	1	0
3536	0	1
3537	0	1
3538	0	1
3539	1	0
3540	1	0
3541	1	0
3542	0	1
3543	0	1
3544	1	0
3545	1	0
3546	0	1
3547	1	0
3548	0	1
3549	0	1
3550	0	1
3551	1	0
3552	1	0
3553	0	1
3554	1	0
3555	0	1
3556	1	0
3557	0	1
3558	0	1
3559	0	1
3560	1	0
3561	0	1
3562	0	1
3563	1	0
3564	0	1
3565	0	1
3566	0	1
3567	0	1
3568	0	1
3569	0	1
3570	1	0
3571	1	0
3572	1	0
3573	0	1
3574	0	1
3575	1	0
3576	1	0
3577	0	1
3578	0	1
3579	0	1
3580	1	0
3581	1	0
3582	1	0
3583	1	0
3584	0	1
3585	1	0
3586	1	0
3587	0	1
3588	0	1
3589	0	1
3590	1	0
3591	0	1
3592	1	0
3593	0	1
3594	1	0
3595	1	0
3596	0	1
3597	0	1
3598	1	0
3599	1	0
3600	1	0
3601	1	0
3602	1	0
3603	0	1
3604	0	1
3605	0	1
3606	1	0
3607	1	0
3608	0	1
3609	0	1
3610	0	1
3611	1	0
3612	0	1
3613	1	0
3614	0	1
3615	1	0
3616	1	0
3617	0	1
3618	1	0
3619	0	1
3620	0	1
3621	0	1
3622	1	0
3623	0	1
3624	0	1
3625	0	1
3626	0	1
3627	0	1
3628	0	1
3629	1	0
3630	1	0
3631	1	0
3632	0	1
3633	1	0
3634	1	0
3635	0	1
3636	0	1
3637	1	0
3638	0	1
3639	0	1
3640	1	0
3641	0	1
3642	0	1
3643	1	0
3644	0	1
3645	1	0
3646	0	1
3647	0	1
3648	1	0
3649	0	1
3650	1	0
3651	0	1
3652	1	0
3653	1	0
3654	1	0
3655	1	0
3656	1	0
3657	1	0
3658	1	0
3659	0	1
3660	1	0
3661	0	1
3662	1	0
3663	1	0
3664	1	0
3665	1	0
3666	0	1
3667	1	0
3668	0	1
3669	1	0
3670	1	0
3671	0	1
3672	0	1
3673	0	1
3674	0	1
3675	1	0
3676	1	0
3677	1	0
3678	1	0
3679	1	0
3680	0	1
3681	0	1
3682	0	1
3683	0	1
3684	1	0
3685	1	0
3686	0	1
3687	1	0
3688	0	1
3689	0	1
3690	0	1
3691	1	0
3692	0	1
3693	1	0
3694	1	0
3695	1	0
3696	1	0
3697	0	1
3698	1	0
3699	1	0
3700	0	1
3701	1	0
3702	1	0
3703	1	0
3704	1	0
3705	1	0
3706	1	0
3707	1	0
3708	0	1
3709	1	0
3710	0	1
3711	0	1
3712	1	0
3713	1	0
3714	0	1
3715	1	0
3716	1	0
3717	1	0
3718	1	0
3719	1	0
3720	0	1
3721	1	0
3722	0	1
3723	0	1
3724	0	1
3725	0	1
3726	0	1
3727	0	1
3728	0	1
3729	0	1
3730	0	1
3731	0	1
3732	1	0
3733	1	0
3734	0	1
3735	1	0
3736	1	0
3737	1	0
3738	1	0
3739	1	0
3740	0	1
3741	0	1
3742	0	1
3743	1	0
3744	0	1
3745	1	0
3746	1	0
3747	1	0
3748	1	0
3749	0	1
3750	1	0
3751	0	1
3752	0	1
3753	1	0
3754	1	0
3755	1	0
3756	0	1
3757	0	1
3758	1	0
3759	0	1
3760	0	1
3761	0	1
3762	0	1
3763	0	1
3764	1	0
3765	0	1
3766	0	1
3767	0	1
3768	0	1
3769	1	0
3770	0	1
3771	1	0
3772	1	0
3773	0	1
3774	1	0
3775	0	1
3776	1	0
3777	0	1
3778	1	0
3779	1	0
3780	0	1
3781	1	0
3782	1	0
3783	1	0
3784	1	0
3785	1	0
3786	1	0
3787	0	1
3788	1	0
3789	0	1
3790	1	0
3791	1	0
3792	1	0
3793	0	1
3794	0	1
3795	0	1
3796	1	0
3797	1	0
3798	0	1
3799	1	0
3800	0	1
3801	1	0
3802	1	0
3803	0	1
3804	0	1
3805	1	0
3806	0	1
3807	0	1
3808	1	0
3809	0	1
3810	0	1
3811	0	1
3812	1	0
3813	0	1
3814	1	0
3815	1	0
3816	0	1
3817	1	0
3818	1	0
3819	0	1
3820	0	1
3821	0	1
3822	0	1
3823	0	1
3824	0	1
3825	1	0
3826	1	0
3827	1	0
3828	1	0
3829	0	1
3830	0	1
3831	0	1
3832	1	0
3833	1	0
3834	0	1
3835	0	1
3836	1	0
3837	0	1
3838	1	0
3839	1	0
3840	1	0
3841	0	1
3842	1	0
3843	0	1
3844	1	0
3845	0	1
3846	1	0
3847	0	1
3848	0	1
3849	0	1
3850	0	1
3851	1	0
3852	0	1
3853	0	1
3854	0	1
3855	0	1
3856	1	0
3857	1	0
3858	0	1
3859	1	0
3860	0	1
3861	1	0
3862	1	0
3863	0	1
3864	0	1
3865	1	0
3866	1	0
3867	1	0
3868	0	1
3869	0	1
3870	0	1
3871	1	0
3872	0	1
3873	1	0
3874	0	1
3875	1	0
3876	0	1
3877	0	1
3878	1	0
3879	0	1
3880	0	1
3881	0	1
3882	0	1
3883	1	0
3884	0	1
3885	1	0
3886	1	0
3887	0	1
3888	1	0
3889	0	1
3890	1	0
3891	1	0
3892	0	1
3893	1	0
3894	1	0
3895	0	1
3896	0	1
3897	1	0
3898	0	1
3899	1	0
3900	1	0
3901	0	1
3902	1	0
3903	0	1
3904	0	1
3905	1	0
3906	1	0
3907	1	0
3908	0	1
3909	1	0
3910	0	1
3911	1	0
3912	1	0
3913	0	1
3914	1	0
3915	0	1
3916	0	1
3917	0	1
3918	0	1
3919	0	1
3920	0	1
3921	0	1
3922	0	1
3923	1	0
3924	1	0
3925	0	1
3926	0	1
3927	1	0
3928	0	1
3929	1	0
3930	0	1
3931	0	1
3932	1	0
3933	0	1
3934	1	0
3935	1	0
3936	1	0
3937	0	1
3938	0	1
3939	0	1
3940	0	1
3941	0	1
3942	0	1
3943	1	0
3944	0	1
3945	0	1
3946	1	0
3947	0	1
3948	0	1
3949	0	1
3950	0	1
3951	1	0
3952	1	0
3953	1	0
3954	0	1
3955	0	1
3956	0	1
3957	0	1
3958	1	0
3959	1	0
3960	0	1
3961	0	1
3962	0	1
3963	0	1
3964	1	0
3965	0	1
3966	0	1
3967	1	0
3968	1	0
3969	1	0
3970	0	1
3971	1	0
3972	1	0
3973	1	0
3974	1	0
3975	1	0
3976	1	0
3977	1	0
3978	1	0
3979	1	0
3980	0	1
3981	0	1
3982	1	0
3983	1	0
3984	0	1
3985	1	0
3986	0	1
3987	0	1
3988	0	1
3989	1	0
3990	1	0
3991	1	0
3992	1	0
3993	1	0
3994	0	1
3995	0	1
3996	1	0
3997	0	1
3998	1	0
3999	0	1
4000	0	1
4001	1	0
4002	0	1
4003	0	1
4004	1	0
4005	1	0
4006	0	1
4007	0	1
4008	1	0
4009	0	1
4010	1	0
4011	0	1
4012	1	0
4013	0	1
4014	0	1
4015	0	1
4016	0	1
4017	0	1
4018	0	1
4019	1	0
4020	0	1
4021	0	1
4022	1	0
4023	0	1
4024	1	0
4025	0	1
4026	1	0
4027	0	1
4028	0	1
4029	1	0
4030	0	1
4031	1	0
4032	0	1
4033	0	1
4034	0	1
4035	0	1
4036	1	0
4037	0	1
4038	1	0
4039	1	0
4040	0	1
4041	0	1
4042	0	1
4043	1	0
4044	1	0
4045	1	0
4046	0	1
4047	0	1
4048	1	0
4049	0	1
4050	0	1
4051	1	0
4052	0	1
4053	1	0
4054	1	0
4055	0	1
4056	1	0
4057	1	0
4058	0	1
4059	0	1
4060	0	1
4061	1	0
4062	1	0
4063	1	0
4064	0	1
4065	0	1
4066	0	1
4067	1	0
4068	0	1
4069	1	0
4070	0	1
4071	0	1
4072	0	1
4073	0	1
4074	0	1
4075	1	0
4076	1	0
4077	0	1
4078	1	0
4079	0	1
4080	1	0
4081	0	1
4082	0	1
4083	0	1
4084	0	1
4085	0	1
4086	0	1
4087	1	0
4088	0	1
4089	0	1
4090	1	0
4091	0	1
4092	0	1
4093	1	0
4094	1	0
4095	0	1
4096	0	1
4097	0	1
4098	1	0
4099	0	1
4100	1	0
4101	1	0
4102	0	1
4103	1	0
4104	1	0
4105	1	0
4106	0	1
4107	0	1
4108	1	0
4109	1	0
4110	1	0
4111	1	0
4112	1	0
4113	1	0
4114	0	1
4115	0	1
4116	1	0
4117	0	1
4118	0	1
4119	0	1
4120	0	1
4121	0	1
4122	1	0
4123	0	1
4124	1	0
4125	1	0
4126	0	1
4127	0	1
4128	0	1
4129	1	0
4130	1	0
4131	1	0
4132	1	0
4133	0	1
4134	0	1
4135	0	1
4136	1	0
4137	0	1
4138	1	0
4139	1	0
4140	0	1
4141	0	1
4142	1	0
4143	1	0
4144	1	0
4145	0	1
4146	0	1
4147	0	1
4148	1	0
4149	0	1
4150	0	1
4151	1	0
4152	0	1
4153	1	0
4154	0	1
4155	0	1
4156	1	0
4157	0	1
4158	0	1
4159	1	0
4160	0	1
4161	0	1
4162	1	0
4163	0	1
4164	0	1
4165	1	0
4166	0	1
4167	0	1
4168	0	1
4169	1	0
4170	0	1
4171	1	0
4172	1	0
4173	0	1
4174	1	0
4175	0	1
4176	1	0
4177	1	0
4178	0	1
4179	1	0
4180	0	1
4181	0	1
4182	0	1
4183	1	0
4184	0	1
4185	0	1
4186	1	0
4187	0	1
4188	1	0
4189	0	1
4190	0	1
4191	0	1
4192	0	1
4193	0	1
4194	1	0
4195	1	0
4196	1	0
4197	0	1
4198	1	0
4199	0	1
4200	0	1
4201	1	0
4202	0	1
4203	1	0
4204	1	0
4205	1	0
4206	0	1
4207	0	1
4208	1	0
4209	0	1
4210	1	0
4211	0	1
4212	1	0
4213	0	1
4214	0	1
4215	0	1
4216	1	0
4217	0	1
4218	0	1
4219	1	0
4220	0	1
4221	0	1
4222	0	1
4223	0	1
4224	0	1
4225	0	1
4226	0	1
4227	0	1
4228	0	1
4229	1	0
4230	0	1
4231	0	1
4232	1	0
4233	0	1
4234	0	1
4235	1	0
4236	1	0
4237	1	0
4238	0	1
4239	1	0
4240	0	1
4241	0	1
4242	0	1
4243	0	1
4244	0	1
4245	0	1
4246	0	1
4247	1	0
4248	1	0
4249	0	1
4250	0	1
4251	0	1
4252	1	0
4253	1	0
4254	1	0
4255	0	1
4256	0	1
4257	1	0
4258	1	0
4259	1	0
4260	1	0
4261	1	0
4262	1	0
4263	1	0
4264	0	1
4265	1	0
4266	0	1
4267	0	1
4268	0	1
4269	0	1
4270	1	0
4271	1	0
4272	1	0
4273	0	1
4274	1	0
4275	1	0
4276	1	0
4277	0	1
4278	1	0
4279	0	1
4280	1	0
4281	1	0
4282	1	0
4283	1	0
4284	1	0
4285	1	0
4286	0	1
4287	0	1
4288	0	1
4289	0	1
4290	0	1
4291	0	1
4292	1	0
4293	1	0
4294	0	1
4295	0	1
4296	1	0
4297	1	0
4298	0	1
4299	0	1
4300	0	1
4301	1	0
4302	0	1
4303	0	1
4304	1	0
4305	1	0
4306	1	0
4307	0	1
4308	1	0
4309	0	1
4310	0	1
4311	1	0
4312	1	0
4313	0	1
4314	0	1
4315	1	0
4316	1	0
4317	0	1
4318	0	1
4319	0	1
4320	1	0
4321	1	0
4322	0	1
4323	1	0
4324	1	0
4325	1	0
4326	1	0
4327	1	0
4328	0	1
4329	1	0
4330	0	1
4331	0	1
4332	0	1
4333	1	0
4334	1	0
4335	1	0
4336	0	1
4337	0	1
4338	0	1
4339	0	1
4340	0	1
4341	1	0
4342	1	0
4343	0	1
4344	0	1
4345	0	1
4346	0	1
4347	0	1
4348	0	1
4349	1	0
4350	0	1
4351	0	1
4352	1	0
4353	0	1
4354	1	0
4355	0	1
4356	0	1
4357	1	0
4358	0	1
4359	0	1
4360	0	1
4361	1	0
4362	1	0
4363	0	1
4364	0	1
4365	1	0
4366	1	0
4367	1	0
4368	1	0
4369	0	1
4370	1	0
4371	0	1
4372	1	0
4373	0	1
4374	1	0
4375	0	1
4376	0	1
4377	0	1
4378	0	1
4379	0	1
4380	1	0
4381	0	1
4382	1	0
4383	0	1
4384	0	1
4385	1	0
4386	1	0
4387	1	0
4388	0	1
4389	1	0
4390	0	1
4391	0	1
4392	1	0
4393	0	1
4394	0	1
4395	1	0
4396	1	0
4397	0	1
4398	0	1
4399	1	0
4400	0	1
4401	1	0
4402	1	0
4403	0	1
4404	1	0
4405	0	1
4406	1	0
4407	1	0
4408	0	1
4409	1	0
4410	1	0
4411	0	1
4412	1	0
4413	1	0
4414	1	0
4415	0	1
4416	1	0
4417	1	0
4418	0	1
4419	0	1
4420	0	1
4421	0	1
4422	1	0
4423	1	0
4424	1	0
4425	0	1
4426	0	1
4427	0	1
4428	0	1
4429	0	1
4430	0	1
4431	0	1
4432	0	1
4433	1	0
4434	0	1
4435	1	0
4436	1	0
4437	0	1
4438	0	1
4439	0	1
4440	0	1
4441	0	1
4442	0	1
4443	1	0
4444	0	1
4445	0	1
4446	1	0
4447	0	1
4448	0	1
4449	0	1
4450	0	1
4451	0	1
4452	0	1
4453	0	1
4454	1	0
4455	0	1
4456	1	0
4457	1	0
4458	0	1
4459	0	1
4460	1	0
4461	1	0
4462	0	1
4463	1	0
4464	1	0
4465	0	1
4466	0	1
4467	1	0
4468	0	1
4469	1	0
4470	0	1
4471	1	0
4472	0	1
4473	0	1
4474	1	0
4475	1	0
4476	1	0
4477	1	0
4478	0	1
4479	0	1
4480	1	0
4481	0	1
4482	1	0
4483	1	0
4484	1	0
4485	1	0
4486	0	1
4487	0	1
4488	0	1
4489	0	1
4490	1	0
4491	1	0
4492	1	0
4493	1	0
4494	0	1
4495	1	0
4496	1	0
4497	0	1
4498	0	1
4499	1	0
4500	1	0
4501	1	0
4502	0	1
4503	0	1
4504	1	0
4505	1	0
4506	1	0
4507	0	1
4508	0	1
4509	1	0
4510	1	0
4511	1	0
4512	1	0
4513	1	0
4514	0	1
4515	0	1
4516	0	1
4517	1	0
4518	1	0
4519	0	1
4520	1	0
4521	0	1
4522	0	1
4523	1	0
4524	0	1
4525	0	1
4526	0	1
4527	1	0
4528	0	1
4529	1	0
4530	0	1
4531	1	0
4532	0	1
4533	0	1
4534	1	0
4535	0	1
4536	1	0
4537	0	1
4538	0	1
4539	0	1
4540	0	1
4541	0	1
4542	1	0
4543	1	0
4544	1	0
4545	0	1
4546	0	1
4547	0	1
4548	1	0
4549	0	1
4550	0	1
4551	0	1
4552	0	1
4553	1	0
4554	0	1
4555	0	1
4556	0	1
4557	0	1
4558	1	0
4559	0	1
4560	1	0
4561	1	0
4562	0	1
4563	1	0
4564	0	1
4565	0	1
4566	1	0
4567	0	1
4568	1	0
4569	1	0
4570	1	0
4571	1	0
4572	0	1
4573	1	0
4574	0	1
4575	0	1
4576	1	0
4577	1	0
4578	0	1
4579	0	1
4580	1	0
4581	1	0
4582	0	1
4583	0	1
4584	1	0
4585	1	0
4586	1	0
4587	0	1
4588	1	0
4589	1	0
4590	0	1
4591	1	0
4592	0	1
4593	1	0
4594	1	0
4595	0	1
4596	1	0
4597	0	1
4598	0	1
4599	0	1
4600	1	0
4601	0	1
4602	1	0
4603	0	1
4604	0	1
4605	1	0
4606	1	0
4607	0	1
4608	0	1
4609	0	1
4610	1	0
4611	1	0
4612	0	1
4613	0	1
4614	0	1
4615	1	0
4616	0	1
4617	1	0
4618	1	0
4619	0	1
4620	0	1
4621	0	1
4622	0	1
4623	0	1
4624	1	0
4625	0	1
4626	0	1
4627	0	1
4628	1	0
4629	0	1
4630	1	0
4631	0	1
4632	1	0
4633	1	0
4634	1	0
4635	0	1
4636	0	1
4637	0	1
4638	1	0
4639	1	0
4640	1	0
4641	0	1
4642	1	0
4643	0	1
4644	1	0
4645	1	0
4646	0	1
4647	0	1
4648	0	1
4649	1	0
4650	0	1
4651	0	1
4652	1	0
4653	0	1
4654	1	0
4655	0	1
4656	0	1
4657	1	0
4658	1	0
4659	1	0
4660	0	1
4661	1	0
4662	1	0
4663	0	1
4664	1	0
4665	1	0
4666	0	1
4667	1	0
4668	0	1
4669	0	1
4670	0	1
4671	0	1
4672	0	1
4673	1	0
4674	1	0
4675	0	1
4676	1	0
4677	0	1
4678	1	0
4679	1	0
4680	1	0
4681	0	1
4682	0	1
4683	1	0
4684	1	0
4685	0	1
4686	0	1
4687	0	1
4688	0	1
4689	0	1
4690	1	0
4691	1	0
4692	1	0
4693	0	1
4694	1	0
4695	0	1
4696	1	0
4697	1	0
4698	1	0
4699	0	1
4700	1	0
4701	0	1
4702	1	0
4703	1	0
4704	1	0
4705	0	1
4706	1	0
4707	0	1
4708	0	1
4709	0	1
4710	1	0
4711	0	1
4712	1	0
4713	0	1
4714	0	1
4715	1	0
4716	1	0
4717	1	0
4718	1	0
4719	1	0
4720	0	1
4721	1	0
4722	1	0
4723	1	0
4724	1	0
4725	1	0
4726	0	1
4727	1	0
4728	1	0
4729	1	0
4730	1	0
4731	1	0
4732	0	1
4733	1	0
4734	0	1
4735	0	1
4736	1	0
4737	0	1
4738	0	1
4739	0	1
4740	1	0
4741	1	0
4742	1	0
4743	0	1
4744	1	0
4745	0	1
4746	0	1
4747	0	1
4748	1	0
4749	0	1
4750	1	0
4751	1	0
4752	1	0
4753	1	0
4754	1	0
4755	1	0
4756	1	0
4757	1	0
4758	0	1
4759	1	0
4760	1	0
4761	1	0
4762	0	1
4763	1	0
4764	0	1
4765	1	0
4766	1	0
4767	0	1
4768	1	0
4769	1	0
4770	0	1
4771	0	1
4772	1	0
4773	0	1
4774	1	0
4775	0	1
4776	0	1
4777	1	0
4778	0	1
4779	0	1
4780	0	1
4781	1	0
4782	0	1
4783	1	0
4784	0	1
4785	1	0
4786	0	1
4787	0	1
4788	1	0
4789	0	1
4790	1	0
4791	1	0
4792	0	1
4793	0	1
4794	1	0
4795	1	0
4796	0	1
4797	0	1
4798	0	1
4799	0	1
4800	0	1
4801	0	1
4802	1	0
4803	0	1
4804	1	0
4805	0	1
4806	1	0
4807	1	0
4808	0	1
4809	0	1
4810	1	0
4811	1	0
4812	1	0
4813	1	0
4814	1	0
4815	0	1
4816	0	1
4817	0	1
4818	1	0
4819	0	1
4820	1	0
4821	1	0
4822	1	0
4823	1	0
4824	0	1
4825	0	1
4826	1	0
4827	1	0
4828	0	1
4829	1	0
4830	0	1
4831	0	1
4832	1	0
4833	0	1
4834	1	0
4835	0	1
4836	0	1
4837	1	0
4838	1	0
4839	1	0
4840	0	1
4841	0	1
4842	0	1
4843	0	1
4844	1	0
4845	1	0
4846	1	0
4847	0	1
4848	0	1
4849	1	0
4850	0	1
4851	0	1
4852	1	0
4853	0	1
4854	1	0
4855	1	0
4856	0	1
4857	0	1
4858	1	0
4859	1	0
4860	1	0
4861	1	0
4862	0	1
4863	1	0
4864	1	0
4865	0	1
4866	0	1
4867	1	0
4868	1	0
4869	0	1
4870	1	0
4871	0	1
4872	1	0
4873	1	0
4874	0	1
4875	0	1
4876	0	1
4877	0	1
4878	1	0
4879	0	1
4880	1	0
4881	0	1
4882	1	0
4883	0	1
4884	0	1
4885	0	1
4886	0	1
4887	1	0
4888	1	0
4889	0	1
4890	1	0
4891	0	1
4892	1	0
4893	0	1
4894	1	0
4895	0	1
4896	1	0
4897	1	0
4898	0	1
4899	0	1
4900	0	1
4901	1	0
4902	0	1
4903	1	0
4904	1	0
4905	0	1
4906	1	0
4907	1	0
4908	0	1
4909	0	1
4910	1	0
4911	1	0
4912	1	0
4913	1	0
4914	1	0
4915	1	0
4916	0	1
4917	0	1
4918	0	1
4919	0	1
4920	1	0
4921	1	0
4922	1	0
4923	1	0
4924	1	0
4925	0	1
4926	0	1
4927	1	0
4928	1	0
4929	1	0
4930	0	1
4931	0	1
4932	0	1
4933	0	1
4934	0	1
4935	0	1
4936	0	1
4937	0	1
4938	1	0
4939	0	1
4940	0	1
4941	1	0
4942	1	0
4943	0	1
4944	0	1
4945	0	1
4946	1	0
4947	1	0
4948	1	0
4949	1	0
4950	0	1
4951	1	0
4952	0	1
4953	1	0
4954	0	1
4955	1	0
4956	0	1
4957	0	1
4958	1	0
4959	0	1
4960	1	0
4961	1	0
4962	0	1
4963	0	1
4964	1	0
4965	1	0
4966	0	1
4967	0	1
4968	1	0
4969	1	0
4970	0	1
4971	0	1
4972	0	1
4973	1	0
4974	0	1
4975	0	1
4976	1	0
4977	1	0
4978	1	0
4979	0	1
4980	0	1
4981	1	0
4982	0	1
4983	1	0
4984	0	1
4985	1	0
4986	1	0
4987	1	0
4988	1	0
4989	1	0
4990	0	1
4991	1	0
4992	1	0
4993	0	1
4994	1	0
4995	1	0
4996	0	1
4997	0	1
4998	0	1
4999	0	1
