0	0 0 1
1	1 0 0
2	1 0 0
3	0 1 0
4	0 0 1
5	0 1 0
6	0 0 1
7	0 0 1
8	0 0 1
9	1 0 0
10	1 0 0
11	1 0 0
12	0 0 1
13	1 0 0
14	0 0 1
15	0 1 0
16	0 0 1
17	0 0 1
18	1 0 0
19	0 0 1
20	0 1 0
21	1 0 0
22	1 0 0
23	0 1 0
24	1 0 0
25	0 1 0
26	1 0 0
27	1 0 0
28	0 0 1
29	0 0 1
30	0 0 1
31	0 0 1
32	1 0 0
33	1 0 0
34	1 0 0
35	0 1 0
36	1 0 0
37	0 1 0
38	0 1 0
39	0 0 1
40	1 0 0
41	0 0 1
42	0 0 1
43	0 0 1
44	0 0 1
45	0 1 0
46	1 0 0
47	0 1 0
48	0 0 1
49	0 1 0
50	0 1 0
51	0 0 1
52	1 0 0
53	1 0 0
54	0 0 1
55	1 0 0
56	0 0 1
57	1 0 0
58	0 0 1
59	0 1 0
60	0 1 0
61	1 0 0
62	1 0 0
63	1 0 0
64	0 0 1
65	0 1 0
66	0 0 1
67	1 0 0
68	1 0 0
69	0 0 1
70	0 0 1
71	1 0 0
72	0 1 0
73	0 1 0
74	0 1 0
75	0 0 1
76	0 0 1
77	1 0 0
78	0 0 1
79	1 0 0
80	1 0 0
81	0 0 1
82	0 0 1
83	1 0 0
84	1 0 0
85	1 0 0
86	0 0 1
87	0 1 0
88	1 0 0
89	0 0 1
90	0 1 0
91	0 0 1
92	0 1 0
93	0 0 1
94	0 0 1
95	1 0 0
96	1 0 0
97	0 0 1
98	0 0 1
99	0 0 1
100	0 0 1
101	0 0 1
102	0 1 0
103	0 1 0
104	1 0 0
105	1 0 0
106	0 0 1
107	0 0 1
108	0 1 0
109	1 0 0
110	0 1 0
111	0 0 1
112	1 0 0
113	0 1 0
114	1 0 0
115	0 1 0
116	0 0 1
117	1 0 0
118	1 0 0
119	1 0 0
120	1 0 0
121	0 0 1
122	1 0 0
123	0 1 0
124	1 0 0
125	0 1 0
126	0 1 0
127	0 1 0
128	0 1 0
129	0 1 0
130	0 0 1
131	1 0 0
132	0 1 0
133	0 0 1
134	1 0 0
135	0 1 0
136	0 1 0
137	1 0 0
138	1 0 0
139	1 0 0
140	0 0 1
141	0 0 1
142	0 0 1
143	0 0 1
144	1 0 0
145	0 0 1
146	1 0 0
147	0 0 1
148	1 0 0
149	1 0 0
150	0 0 1
151	0 0 1
152	1 0 0
153	0 0 1
154	0 1 0
155	1 0 0
156	0 0 1
157	1 0 0
158	0 0 1
159	1 0 0
160	0 1 0
161	1 0 0
162	0 1 0
163	0 0 1
164	1 0 0
165	0 0 1
166	0 0 1
167	1 0 0
168	0 1 0
169	0 1 0
170	0 0 1
171	1 0 0
172	1 0 0
173	0 0 1
174	0 0 1
175	0 1 0
176	0 0 1
177	0 1 0
178	0 1 0
179	0 0 1
180	0 1 0
181	0 0 1
182	1 0 0
183	0 0 1
184	0 1 0
185	0 1 0
186	0 0 1
187	1 0 0
188	0 1 0
189	1 0 0
190	0 0 1
191	1 0 0
192	1 0 0
193	1 0 0
194	0 0 1
195	1 0 0
196	0 0 1
197	0 0 1
198	0 1 0
199	1 0 0
200	0 0 1
201	1 0 0
202	0 0 1
203	0 1 0
204	0 0 1
205	0 0 1
206	0 0 1
207	0 0 1
208	0 0 1
209	0 1 0
210	1 0 0
211	0 0 1
212	0 0 1
213	0 0 1
214	0 0 1
215	0 1 0
216	0 0 1
217	1 0 0
218	0 1 0
219	1 0 0
220	0 1 0
221	0 0 1
222	1 0 0
223	0 1 0
224	0 1 0
225	0 0 1
226	0 1 0
227	0 0 1
228	1 0 0
229	1 0 0
230	1 0 0
231	0 0 1
232	0 1 0
233	0 0 1
234	1 0 0
235	1 0 0
236	0 0 1
237	0 1 0
238	0 1 0
239	0 1 0
240	0 0 1
241	0 0 1
242	0 1 0
243	1 0 0
244	1 0 0
245	0 0 1
246	0 0 1
247	0 0 1
248	0 0 1
249	1 0 0
250	0 1 0
251	1 0 0
252	0 1 0
253	0 0 1
254	1 0 0
255	1 0 0
256	1 0 0
257	0 0 1
258	0 0 1
259	1 0 0
260	0 0 1
261	0 0 1
262	0 0 1
263	1 0 0
264	0 0 1
265	1 0 0
266	1 0 0
267	1 0 0
268	1 0 0
269	0 0 1
270	1 0 0
271	0 0 1
272	0 0 1
273	1 0 0
274	1 0 0
275	1 0 0
276	0 0 1
277	1 0 0
278	0 1 0
279	1 0 0
280	1 0 0
281	0 1 0
282	0 0 1
283	0 1 0
284	0 1 0
285	0 1 0
286	0 0 1
287	0 1 0
288	0 0 1
289	0 0 1
290	1 0 0
291	0 1 0
292	0 1 0
293	0 1 0
294	0 0 1
295	1 0 0
296	0 0 1
297	1 0 0
298	0 0 1
299	0 1 0
300	0 0 1
301	0 1 0
302	1 0 0
303	0 1 0
304	0 0 1
305	1 0 0
306	1 0 0
307	0 0 1
308	0 1 0
309	0 1 0
310	0 0 1
311	0 1 0
312	0 1 0
313	0 1 0
314	0 1 0
315	0 0 1
316	0 1 0
317	0 1 0
318	0 0 1
319	1 0 0
320	1 0 0
321	0 0 1
322	1 0 0
323	0 0 1
324	0 1 0
325	0 1 0
326	0 0 1
327	0 1 0
328	0 0 1
329	1 0 0
330	0 0 1
331	1 0 0
332	0 0 1
333	1 0 0
334	1 0 0
335	0 0 1
336	1 0 0
337	0 1 0
338	1 0 0
339	0 0 1
340	0 0 1
341	0 1 0
342	1 0 0
343	0 1 0
344	1 0 0
345	0 1 0
346	0 1 0
347	0 0 1
348	0 0 1
349	0 0 1
350	0 0 1
351	0 0 1
352	0 0 1
353	1 0 0
354	0 0 1
355	0 0 1
356	0 0 1
357	1 0 0
358	0 0 1
359	0 0 1
360	1 0 0
361	0 1 0
362	1 0 0
363	1 0 0
364	1 0 0
365	0 0 1
366	1 0 0
367	1 0 0
368	0 0 1
369	1 0 0
370	0 1 0
371	1 0 0
372	0 1 0
373	0 0 1
374	0 1 0
375	0 1 0
376	0 0 1
377	1 0 0
378	1 0 0
379	1 0 0
380	1 0 0
381	0 1 0
382	0 0 1
383	0 1 0
384	0 0 1
385	0 1 0
386	0 0 1
387	0 0 1
388	0 0 1
389	0 0 1
390	1 0 0
391	0 0 1
392	0 0 1
393	0 1 0
394	0 1 0
395	0 0 1
396	1 0 0
397	1 0 0
398	0 1 0
399	0 0 1
400	0 1 0
401	0 0 1
402	0 0 1
403	0 1 0
404	0 0 1
405	0 0 1
406	0 0 1
407	1 0 0
408	0 0 1
409	0 1 0
410	0 1 0
411	0 1 0
412	0 0 1
413	1 0 0
414	1 0 0
415	1 0 0
416	0 1 0
417	0 0 1
418	0 0 1
419	0 0 1
420	0 1 0
421	0 0 1
422	1 0 0
423	1 0 0
424	1 0 0
425	0 1 0
426	1 0 0
427	1 0 0
428	0 0 1
429	0 1 0
430	1 0 0
431	1 0 0
432	0 1 0
433	1 0 0
434	1 0 0
435	0 0 1
436	0 0 1
437	1 0 0
438	0 1 0
439	1 0 0
440	0 0 1
441	0 0 1
442	0 0 1
443	0 1 0
444	0 0 1
445	0 1 0
446	0 0 1
447	0 0 1
448	0 0 1
449	1 0 0
450	0 1 0
451	0 1 0
452	0 0 1
453	0 1 0
454	0 0 1
455	0 0 1
456	0 0 1
457	1 0 0
458	1 0 0
459	1 0 0
460	1 0 0
461	0 0 1
462	0 1 0
463	1 0 0
464	0 0 1
465	0 0 1
466	1 0 0
467	0 1 0
468	1 0 0
469	0 0 1
470	1 0 0
471	0 0 1
472	0 0 1
473	0 0 1
474	0 0 1
475	0 0 1
476	0 1 0
477	0 1 0
478	0 0 1
479	0 0 1
480	0 1 0
481	0 1 0
482	0 0 1
483	1 0 0
484	0 0 1
485	1 0 0
486	0 0 1
487	0 0 1
488	0 1 0
489	0 1 0
490	0 1 0
491	0 1 0
492	0 0 1
493	0 0 1
494	0 1 0
495	0 1 0
496	1 0 0
497	1 0 0
498	0 0 1
499	0 1 0
500	1 0 0
501	0 0 1
502	0 1 0
503	0 1 0
504	1 0 0
505	0 0 1
506	0 1 0
507	0 0 1
508	0 0 1
509	1 0 0
510	0 0 1
511	1 0 0
512	0 0 1
513	1 0 0
514	0 0 1
515	0 1 0
516	0 0 1
517	0 1 0
518	0 1 0
519	0 0 1
520	1 0 0
521	1 0 0
522	0 0 1
523	0 0 1
524	1 0 0
525	0 1 0
526	0 1 0
527	1 0 0
528	1 0 0
529	1 0 0
530	1 0 0
531	0 1 0
532	1 0 0
533	0 0 1
534	1 0 0
535	0 1 0
536	1 0 0
537	1 0 0
538	1 0 0
539	0 1 0
540	0 0 1
541	1 0 0
542	0 0 1
543	1 0 0
544	0 1 0
545	1 0 0
546	1 0 0
547	1 0 0
548	0 1 0
549	1 0 0
550	1 0 0
551	1 0 0
552	0 1 0
553	0 1 0
554	0 1 0
555	0 0 1
556	0 1 0
557	1 0 0
558	0 1 0
559	0 0 1
560	0 1 0
561	0 0 1
562	0 1 0
563	1 0 0
564	0 1 0
565	0 1 0
566	0 0 1
567	0 1 0
568	1 0 0
569	0 1 0
570	1 0 0
571	1 0 0
572	0 1 0
573	1 0 0
574	1 0 0
575	1 0 0
576	0 1 0
577	0 1 0
578	0 0 1
579	0 0 1
580	0 1 0
581	1 0 0
582	1 0 0
583	0 1 0
584	1 0 0
585	1 0 0
586	0 0 1
587	0 1 0
588	0 1 0
589	1 0 0
590	1 0 0
591	0 1 0
592	0 0 1
593	0 0 1
594	0 1 0
595	0 1 0
596	0 1 0
597	0 0 1
598	0 1 0
599	0 0 1
600	0 0 1
601	0 1 0
602	0 0 1
603	0 0 1
604	0 0 1
605	1 0 0
606	1 0 0
607	0 0 1
608	0 0 1
609	1 0 0
610	1 0 0
611	0 1 0
612	1 0 0
613	0 1 0
614	0 1 0
615	0 0 1
616	1 0 0
617	0 1 0
618	0 1 0
619	0 0 1
620	0 1 0
621	1 0 0
622	1 0 0
623	0 1 0
624	0 0 1
625	0 1 0
626	0 0 1
627	1 0 0
628	1 0 0
629	0 1 0
630	0 0 1
631	0 0 1
632	0 0 1
633	1 0 0
634	1 0 0
635	0 1 0
636	0 0 1
637	0 1 0
638	0 1 0
639	0 1 0
640	1 0 0
641	1 0 0
642	0 1 0
643	1 0 0
644	0 1 0
645	1 0 0
646	1 0 0
647	0 1 0
648	0 1 0
649	1 0 0
650	0 1 0
651	0 1 0
652	0 0 1
653	0 1 0
654	1 0 0
655	0 1 0
656	1 0 0
657	1 0 0
658	0 1 0
659	1 0 0
660	1 0 0
661	1 0 0
662	0 1 0
663	0 0 1
664	0 0 1
665	1 0 0
666	1 0 0
667	0 0 1
668	0 1 0
669	1 0 0
670	0 0 1
671	0 1 0
672	1 0 0
673	0 0 1
674	0 1 0
675	0 0 1
676	0 0 1
677	1 0 0
678	0 0 1
679	0 0 1
680	0 0 1
681	0 1 0
682	1 0 0
683	1 0 0
684	0 1 0
685	0 0 1
686	1 0 0
687	0 1 0
688	0 1 0
689	0 0 1
690	0 0 1
691	0 1 0
692	0 1 0
693	1 0 0
694	0 1 0
695	0 1 0
696	0 0 1
697	0 0 1
698	1 0 0
699	0 0 1
700	0 0 1
701	0 0 1
702	1 0 0
703	0 0 1
704	0 1 0
705	1 0 0
706	0 0 1
707	1 0 0
708	0 1 0
709	0 0 1
710	0 1 0
711	0 0 1
712	1 0 0
713	1 0 0
714	1 0 0
715	0 0 1
716	0 1 0
717	1 0 0
718	1 0 0
719	0 0 1
720	1 0 0
721	0 1 0
722	0 0 1
723	0 0 1
724	0 1 0
725	1 0 0
726	0 0 1
727	0 0 1
728	0 0 1
729	0 1 0
730	0 0 1
731	1 0 0
732	0 0 1
733	1 0 0
734	1 0 0
735	0 1 0
736	1 0 0
737	1 0 0
738	0 1 0
739	0 1 0
740	0 1 0
741	1 0 0
742	1 0 0
743	1 0 0
744	0 0 1
745	1 0 0
746	1 0 0
747	0 0 1
748	0 1 0
749	0 0 1
750	0 0 1
751	1 0 0
752	0 0 1
753	0 1 0
754	0 0 1
755	0 0 1
756	0 1 0
757	1 0 0
758	0 0 1
759	1 0 0
760	1 0 0
761	0 0 1
762	1 0 0
763	1 0 0
764	1 0 0
765	1 0 0
766	0 0 1
767	1 0 0
768	0 1 0
769	1 0 0
770	0 0 1
771	0 0 1
772	0 1 0
773	0 0 1
774	0 0 1
775	0 0 1
776	0 1 0
777	0 0 1
778	0 1 0
779	0 0 1
780	1 0 0
781	0 0 1
782	0 0 1
783	0 0 1
784	0 0 1
785	0 0 1
786	0 1 0
787	1 0 0
788	0 0 1
789	0 1 0
790	0 0 1
791	1 0 0
792	0 1 0
793	0 1 0
794	1 0 0
795	0 1 0
796	0 1 0
797	0 0 1
798	0 1 0
799	0 0 1
800	1 0 0
801	1 0 0
802	1 0 0
803	0 0 1
804	0 1 0
805	0 1 0
806	0 0 1
807	1 0 0
808	0 1 0
809	1 0 0
810	1 0 0
811	1 0 0
812	0 1 0
813	0 1 0
814	0 1 0
815	0 0 1
816	0 0 1
817	1 0 0
818	0 1 0
819	1 0 0
820	1 0 0
821	0 1 0
822	0 0 1
823	0 1 0
824	1 0 0
825	1 0 0
826	1 0 0
827	0 1 0
828	1 0 0
829	0 0 1
830	0 1 0
831	0 0 1
832	1 0 0
833	0 1 0
834	1 0 0
835	0 1 0
836	1 0 0
837	0 1 0
838	1 0 0
839	0 1 0
840	0 0 1
841	0 1 0
842	0 0 1
843	0 0 1
844	1 0 0
845	1 0 0
846	0 0 1
847	0 1 0
848	1 0 0
849	0 1 0
850	0 1 0
851	1 0 0
852	1 0 0
853	1 0 0
854	0 0 1
855	0 1 0
856	0 0 1
857	0 0 1
858	0 1 0
859	1 0 0
860	0 0 1
861	0 0 1
862	0 0 1
863	0 1 0
864	0 0 1
865	0 0 1
866	0 1 0
867	0 1 0
868	0 1 0
869	1 0 0
870	0 0 1
871	0 1 0
872	0 0 1
873	0 1 0
874	0 1 0
875	0 0 1
876	0 1 0
877	0 0 1
878	1 0 0
879	0 0 1
880	1 0 0
881	0 1 0
882	0 0 1
883	1 0 0
884	0 1 0
885	0 1 0
886	0 0 1
887	0 1 0
888	1 0 0
889	0 1 0
890	0 1 0
891	0 1 0
892	0 0 1
893	0 0 1
894	0 0 1
895	1 0 0
896	0 1 0
897	1 0 0
898	0 1 0
899	1 0 0
900	0 1 0
901	0 1 0
902	0 1 0
903	0 1 0
904	0 1 0
905	0 0 1
906	0 0 1
907	1 0 0
908	1 0 0
909	1 0 0
910	0 1 0
911	0 0 1
912	0 1 0
913	0 0 1
914	0 0 1
915	0 1 0
916	1 0 0
917	0 1 0
918	0 0 1
919	0 0 1
920	0 1 0
921	0 0 1
922	0 0 1
923	0 1 0
924	0 1 0
925	1 0 0
926	0 0 1
927	0 0 1
928	1 0 0
929	0 1 0
930	0 1 0
931	1 0 0
932	1 0 0
933	0 1 0
934	1 0 0
935	0 0 1
936	0 1 0
937	0 1 0
938	0 0 1
939	1 0 0
940	0 1 0
941	0 1 0
942	1 0 0
943	0 1 0
944	0 0 1
945	1 0 0
946	0 0 1
947	0 0 1
948	1 0 0
949	1 0 0
950	1 0 0
951	0 1 0
952	0 0 1
953	1 0 0
954	0 0 1
955	0 0 1
956	1 0 0
957	0 1 0
958	1 0 0
959	0 1 0
960	0 1 0
961	0 1 0
962	0 0 1
963	1 0 0
964	0 0 1
965	1 0 0
966	0 0 1
967	0 0 1
968	0 0 1
969	1 0 0
970	0 0 1
971	1 0 0
972	0 0 1
973	0 1 0
974	0 1 0
975	0 0 1
976	1 0 0
977	0 1 0
978	1 0 0
979	0 1 0
980	0 1 0
981	0 0 1
982	1 0 0
983	1 0 0
984	0 0 1
985	0 0 1
986	0 1 0
987	0 0 1
988	0 0 1
989	1 0 0
990	0 1 0
991	1 0 0
992	1 0 0
993	1 0 0
994	1 0 0
995	0 1 0
996	0 0 1
997	0 1 0
998	0 1 0
999	1 0 0
1000	0 0 1
1001	1 0 0
1002	0 1 0
1003	1 0 0
1004	0 1 0
1005	1 0 0
1006	0 0 1
1007	0 1 0
1008	1 0 0
1009	0 1 0
1010	1 0 0
1011	1 0 0
1012	0 0 1
1013	1 0 0
1014	1 0 0
1015	0 1 0
1016	0 0 1
1017	0 0 1
1018	0 1 0
1019	1 0 0
1020	0 1 0
1021	1 0 0
1022	0 1 0
1023	1 0 0
1024	1 0 0
1025	0 0 1
1026	1 0 0
1027	1 0 0
1028	1 0 0
1029	0 0 1
1030	1 0 0
1031	0 1 0
1032	1 0 0
1033	0 0 1
1034	1 0 0
1035	0 1 0
1036	1 0 0
1037	1 0 0
1038	0 0 1
1039	0 0 1
1040	0 1 0
1041	1 0 0
1042	0 1 0
1043	0 0 1
1044	0 1 0
1045	0 0 1
1046	0 1 0
1047	0 1 0
1048	0 0 1
1049	0 1 0
1050	0 1 0
1051	1 0 0
1052	0 0 1
1053	1 0 0
1054	1 0 0
1055	0 1 0
1056	0 0 1
1057	0 0 1
1058	1 0 0
1059	0 0 1
1060	0 1 0
1061	1 0 0
1062	1 0 0
1063	0 0 1
1064	0 1 0
1065	0 0 1
1066	0 1 0
1067	0 1 0
1068	1 0 0
1069	0 0 1
1070	0 1 0
1071	0 1 0
1072	0 1 0
1073	0 1 0
1074	1 0 0
1075	1 0 0
1076	0 0 1
1077	1 0 0
1078	0 1 0
1079	0 1 0
1080	0 1 0
1081	0 0 1
1082	0 1 0
1083	0 0 1
1084	0 1 0
1085	0 1 0
1086	0 0 1
1087	0 0 1
1088	0 1 0
1089	0 0 1
1090	0 1 0
1091	1 0 0
1092	0 1 0
1093	0 1 0
1094	0 1 0
1095	0 1 0
1096	1 0 0
1097	0 0 1
1098	1 0 0
1099	1 0 0
1100	0 0 1
1101	0 1 0
1102	1 0 0
1103	1 0 0
1104	0 1 0
1105	1 0 0
1106	0 0 1
1107	0 0 1
1108	0 0 1
1109	0 1 0
1110	0 1 0
1111	0 1 0
1112	0 0 1
1113	1 0 0
1114	0 1 0
1115	0 0 1
1116	1 0 0
1117	0 0 1
1118	0 0 1
1119	0 0 1
1120	0 0 1
1121	0 0 1
1122	0 1 0
1123	0 1 0
1124	0 0 1
1125	0 1 0
1126	0 0 1
1127	1 0 0
1128	0 0 1
1129	1 0 0
1130	0 0 1
1131	0 0 1
1132	1 0 0
1133	1 0 0
1134	1 0 0
1135	0 1 0
1136	0 0 1
1137	0 0 1
1138	1 0 0
1139	0 0 1
1140	1 0 0
1141	1 0 0
1142	0 0 1
1143	0 1 0
1144	1 0 0
1145	0 0 1
1146	1 0 0
1147	1 0 0
1148	0 0 1
1149	1 0 0
1150	0 1 0
1151	1 0 0
1152	1 0 0
1153	0 0 1
1154	0 0 1
1155	0 0 1
1156	0 1 0
1157	0 0 1
1158	1 0 0
1159	0 1 0
1160	0 0 1
1161	0 1 0
1162	0 1 0
1163	1 0 0
1164	0 1 0
1165	0 0 1
1166	0 1 0
1167	0 0 1
1168	0 1 0
1169	0 0 1
1170	0 0 1
1171	1 0 0
1172	0 0 1
1173	1 0 0
1174	1 0 0
1175	0 1 0
1176	0 1 0
1177	0 1 0
1178	1 0 0
1179	1 0 0
1180	1 0 0
1181	0 1 0
1182	1 0 0
1183	1 0 0
1184	0 1 0
1185	0 1 0
1186	1 0 0
1187	0 1 0
1188	0 0 1
1189	1 0 0
1190	0 1 0
1191	1 0 0
1192	0 0 1
1193	0 0 1
1194	0 0 1
1195	1 0 0
1196	0 0 1
1197	1 0 0
1198	0 1 0
1199	0 0 1
1200	0 0 1
1201	0 0 1
1202	0 0 1
1203	0 0 1
1204	0 1 0
1205	1 0 0
1206	0 0 1
1207	0 1 0
1208	0 0 1
1209	1 0 0
1210	0 0 1
1211	0 0 1
1212	0 0 1
1213	0 0 1
1214	1 0 0
1215	1 0 0
1216	1 0 0
1217	1 0 0
1218	0 1 0
1219	1 0 0
1220	0 1 0
1221	0 0 1
1222	1 0 0
1223	1 0 0
1224	0 0 1
1225	0 0 1
1226	1 0 0
1227	0 0 1
1228	1 0 0
1229	1 0 0
1230	0 0 1
1231	0 1 0
1232	1 0 0
1233	0 0 1
1234	0 0 1
1235	1 0 0
1236	1 0 0
1237	1 0 0
1238	0 0 1
1239	1 0 0
1240	0 1 0
1241	1 0 0
1242	0 0 1
1243	0 1 0
1244	0 1 0
1245	1 0 0
1246	0 0 1
1247	0 1 0
1248	0 1 0
1249	0 0 1
1250	0 0 1
1251	0 0 1
1252	0 1 0
1253	1 0 0
1254	0 0 1
1255	0 0 1
1256	0 1 0
1257	0 0 1
1258	1 0 0
1259	0 1 0
1260	0 0 1
1261	0 1 0
1262	1 0 0
1263	0 1 0
1264	0 0 1
1265	1 0 0
1266	1 0 0
1267	0 1 0
1268	1 0 0
1269	0 0 1
1270	0 1 0
1271	1 0 0
1272	0 1 0
1273	0 1 0
1274	1 0 0
1275	0 0 1
1276	0 1 0
1277	0 1 0
1278	0 0 1
1279	0 1 0
1280	1 0 0
1281	1 0 0
1282	0 1 0
1283	0 1 0
1284	0 1 0
1285	0 1 0
1286	1 0 0
1287	1 0 0
1288	0 0 1
1289	1 0 0
1290	1 0 0
1291	1 0 0
1292	0 1 0
1293	1 0 0
1294	1 0 0
1295	0 0 1
1296	1 0 0
1297	1 0 0
1298	0 0 1
1299	0 1 0
1300	0 1 0
1301	1 0 0
1302	0 1 0
1303	1 0 0
1304	1 0 0
1305	0 1 0
1306	1 0 0
1307	0 1 0
1308	0 0 1
1309	0 1 0
1310	0 0 1
1311	0 0 1
1312	0 1 0
1313	0 1 0
1314	0 1 0
1315	0 0 1
1316	0 0 1
1317	1 0 0
1318	0 0 1
1319	1 0 0
1320	0 1 0
1321	0 1 0
1322	1 0 0
1323	0 0 1
1324	1 0 0
1325	0 0 1
1326	1 0 0
1327	0 0 1
1328	0 1 0
1329	0 1 0
1330	1 0 0
1331	0 0 1
1332	1 0 0
1333	1 0 0
1334	0 0 1
1335	1 0 0
1336	0 0 1
1337	1 0 0
1338	1 0 0
1339	1 0 0
1340	0 0 1
1341	0 0 1
1342	0 1 0
1343	1 0 0
1344	0 1 0
1345	1 0 0
1346	0 1 0
1347	1 0 0
1348	0 0 1
1349	0 1 0
1350	1 0 0
1351	0 1 0
1352	0 1 0
1353	0 1 0
1354	0 0 1
1355	0 0 1
1356	0 0 1
1357	1 0 0
1358	0 1 0
1359	1 0 0
1360	0 1 0
1361	1 0 0
1362	1 0 0
1363	1 0 0
1364	0 1 0
1365	1 0 0
1366	0 1 0
1367	0 0 1
1368	0 1 0
1369	1 0 0
1370	0 0 1
1371	1 0 0
1372	1 0 0
1373	1 0 0
1374	0 1 0
1375	1 0 0
1376	1 0 0
1377	1 0 0
1378	0 0 1
1379	0 0 1
1380	1 0 0
1381	0 0 1
1382	0 1 0
1383	1 0 0
1384	1 0 0
1385	0 0 1
1386	0 1 0
1387	0 0 1
1388	0 1 0
1389	1 0 0
1390	0 0 1
1391	0 0 1
1392	0 0 1
1393	1 0 0
1394	1 0 0
1395	0 1 0
1396	0 1 0
1397	1 0 0
1398	0 0 1
1399	0 0 1
1400	1 0 0
1401	0 1 0
1402	0 1 0
1403	0 1 0
1404	0 0 1
1405	0 1 0
1406	1 0 0
1407	1 0 0
1408	0 1 0
1409	0 1 0
1410	1 0 0
1411	0 1 0
1412	0 0 1
1413	1 0 0
1414	1 0 0
1415	0 1 0
1416	0 0 1
1417	0 0 1
1418	0 0 1
1419	0 1 0
1420	0 1 0
1421	1 0 0
1422	0 0 1
1423	0 0 1
1424	1 0 0
1425	1 0 0
1426	0 1 0
1427	0 0 1
1428	1 0 0
1429	0 0 1
1430	0 0 1
1431	0 1 0
1432	0 1 0
1433	0 0 1
1434	1 0 0
1435	0 0 1
1436	0 1 0
1437	0 0 1
1438	1 0 0
1439	0 1 0
1440	1 0 0
1441	0 0 1
1442	1 0 0
1443	0 1 0
1444	0 0 1
1445	0 0 1
1446	0 0 1
1447	0 0 1
1448	1 0 0
1449	0 0 1
1450	0 1 0
1451	1 0 0
1452	0 0 1
1453	0 1 0
1454	0 1 0
1455	0 0 1
1456	0 1 0
1457	1 0 0
1458	1 0 0
1459	1 0 0
1460	1 0 0
1461	1 0 0
1462	0 0 1
1463	0 1 0
1464	1 0 0
1465	0 0 1
1466	0 1 0
1467	0 0 1
1468	0 0 1
1469	0 0 1
1470	0 0 1
1471	0 0 1
1472	0 0 1
1473	1 0 0
1474	0 0 1
1475	1 0 0
1476	0 0 1
1477	1 0 0
1478	0 0 1
1479	0 0 1
1480	1 0 0
1481	0 1 0
1482	0 0 1
1483	0 1 0
1484	0 0 1
1485	0 1 0
1486	0 1 0
1487	0 1 0
1488	0 1 0
1489	0 0 1
1490	0 1 0
1491	1 0 0
1492	0 0 1
1493	0 1 0
1494	1 0 0
1495	0 1 0
1496	0 1 0
1497	1 0 0
1498	1 0 0
1499	1 0 0
1500	0 1 0
1501	0 0 1
1502	1 0 0
1503	0 1 0
1504	1 0 0
1505	0 1 0
1506	1 0 0
1507	1 0 0
1508	1 0 0
1509	0 0 1
1510	0 1 0
1511	1 0 0
1512	0 0 1
1513	0 1 0
1514	1 0 0
1515	0 0 1
1516	1 0 0
1517	0 0 1
1518	0 1 0
1519	0 0 1
1520	0 0 1
1521	1 0 0
1522	1 0 0
1523	0 0 1
1524	0 0 1
1525	0 0 1
1526	1 0 0
1527	0 0 1
1528	0 0 1
1529	0 1 0
1530	0 1 0
1531	1 0 0
1532	1 0 0
1533	0 0 1
1534	0 0 1
1535	1 0 0
1536	0 1 0
1537	0 1 0
1538	0 1 0
1539	1 0 0
1540	1 0 0
1541	0 0 1
1542	0 1 0
1543	0 1 0
1544	1 0 0
1545	0 1 0
1546	1 0 0
1547	0 1 0
1548	0 0 1
1549	1 0 0
1550	0 0 1
1551	1 0 0
1552	1 0 0
1553	0 1 0
1554	0 1 0
1555	0 0 1
1556	0 0 1
1557	1 0 0
1558	1 0 0
1559	1 0 0
1560	0 0 1
1561	1 0 0
1562	0 0 1
1563	0 0 1
1564	0 1 0
1565	0 1 0
1566	0 1 0
1567	0 1 0
1568	1 0 0
1569	0 1 0
1570	1 0 0
1571	1 0 0
1572	0 1 0
1573	0 0 1
1574	1 0 0
1575	0 0 1
1576	1 0 0
1577	0 1 0
1578	0 1 0
1579	0 1 0
1580	0 1 0
1581	0 0 1
1582	0 1 0
1583	1 0 0
1584	0 1 0
1585	0 1 0
1586	0 0 1
1587	1 0 0
1588	0 0 1
1589	0 1 0
1590	1 0 0
1591	1 0 0
1592	0 1 0
1593	0 1 0
1594	1 0 0
1595	1 0 0
1596	0 0 1
1597	0 1 0
1598	0 0 1
1599	0 1 0
1600	0 1 0
1601	1 0 0
1602	0 1 0
1603	0 1 0
1604	1 0 0
1605	1 0 0
1606	0 0 1
1607	0 1 0
1608	0 1 0
1609	0 1 0
1610	1 0 0
1611	0 1 0
1612	0 1 0
1613	0 1 0
1614	0 0 1
1615	0 1 0
1616	0 0 1
1617	1 0 0
1618	1 0 0
1619	0 1 0
1620	0 1 0
1621	0 0 1
1622	1 0 0
1623	0 0 1
1624	0 1 0
1625	1 0 0
1626	0 1 0
1627	0 0 1
1628	0 0 1
1629	0 1 0
1630	0 0 1
1631	0 1 0
1632	1 0 0
1633	0 1 0
1634	1 0 0
1635	0 1 0
1636	1 0 0
1637	1 0 0
1638	0 1 0
1639	0 1 0
1640	0 1 0
1641	0 0 1
1642	0 0 1
1643	0 1 0
1644	0 0 1
1645	0 0 1
1646	0 0 1
1647	0 0 1
1648	1 0 0
1649	0 1 0
1650	0 1 0
1651	1 0 0
1652	0 0 1
1653	0 0 1
1654	0 0 1
1655	0 1 0
1656	0 0 1
1657	0 1 0
1658	1 0 0
1659	0 1 0
1660	0 0 1
1661	0 1 0
1662	1 0 0
1663	1 0 0
1664	0 0 1
1665	0 1 0
1666	0 1 0
1667	0 1 0
1668	0 0 1
1669	0 1 0
1670	0 1 0
1671	0 0 1
1672	0 1 0
1673	1 0 0
1674	0 0 1
1675	0 1 0
1676	1 0 0
1677	1 0 0
1678	1 0 0
1679	1 0 0
1680	1 0 0
1681	0 0 1
1682	0 1 0
1683	1 0 0
1684	0 1 0
1685	1 0 0
1686	0 0 1
1687	0 1 0
1688	0 1 0
1689	0 0 1
1690	0 0 1
1691	1 0 0
1692	0 0 1
1693	1 0 0
1694	0 1 0
1695	0 0 1
1696	0 1 0
1697	0 1 0
1698	0 1 0
1699	1 0 0
1700	0 0 1
1701	0 1 0
1702	1 0 0
1703	0 0 1
1704	1 0 0
1705	1 0 0
1706	0 1 0
1707	1 0 0
1708	1 0 0
1709	0 0 1
1710	1 0 0
1711	0 0 1
1712	1 0 0
1713	0 1 0
1714	1 0 0
1715	0 0 1
1716	1 0 0
1717	1 0 0
1718	0 0 1
1719	0 1 0
1720	0 1 0
1721	1 0 0
1722	1 0 0
1723	1 0 0
1724	0 1 0
1725	0 0 1
1726	1 0 0
1727	1 0 0
1728	0 1 0
1729	0 1 0
1730	1 0 0
1731	1 0 0
1732	0 0 1
1733	1 0 0
1734	0 0 1
1735	1 0 0
1736	1 0 0
1737	0 1 0
1738	1 0 0
1739	1 0 0
1740	0 1 0
1741	0 0 1
1742	1 0 0
1743	0 0 1
1744	1 0 0
1745	0 1 0
1746	1 0 0
1747	1 0 0
1748	1 0 0
1749	0 1 0
1750	0 0 1
1751	1 0 0
1752	0 1 0
1753	0 0 1
1754	0 0 1
1755	0 1 0
1756	0 1 0
1757	0 0 1
1758	0 0 1
1759	0 0 1
1760	0 0 1
1761	1 0 0
1762	0 1 0
1763	0 0 1
1764	0 0 1
1765	1 0 0
1766	0 1 0
1767	0 1 0
1768	0 1 0
1769	1 0 0
1770	0 1 0
1771	0 1 0
1772	0 1 0
1773	1 0 0
1774	1 0 0
1775	0 0 1
1776	1 0 0
1777	0 0 1
1778	0 1 0
1779	0 1 0
1780	0 1 0
1781	1 0 0
1782	1 0 0
1783	1 0 0
1784	0 1 0
1785	1 0 0
1786	0 1 0
1787	1 0 0
1788	1 0 0
1789	0 1 0
1790	0 1 0
1791	0 1 0
1792	0 1 0
1793	1 0 0
1794	1 0 0
1795	0 1 0
1796	0 0 1
1797	0 1 0
1798	1 0 0
1799	1 0 0
1800	1 0 0
1801	0 0 1
1802	1 0 0
1803	0 0 1
1804	0 0 1
1805	0 1 0
1806	0 1 0
1807	1 0 0
1808	0 1 0
1809	0 0 1
1810	1 0 0
1811	0 1 0
1812	0 1 0
1813	0 1 0
1814	0 1 0
1815	0 0 1
1816	0 1 0
1817	1 0 0
1818	1 0 0
1819	0 1 0
1820	0 0 1
1821	0 0 1
1822	0 1 0
1823	0 0 1
1824	1 0 0
1825	1 0 0
1826	0 1 0
1827	0 1 0
1828	0 0 1
1829	0 0 1
1830	0 1 0
1831	0 0 1
1832	1 0 0
1833	0 1 0
1834	0 1 0
1835	0 1 0
1836	1 0 0
1837	0 1 0
1838	0 1 0
1839	1 0 0
1840	0 0 1
1841	0 0 1
1842	0 1 0
1843	0 0 1
1844	1 0 0
1845	0 0 1
1846	0 0 1
1847	0 1 0
1848	0 1 0
1849	1 0 0
1850	0 0 1
1851	0 0 1
1852	0 1 0
1853	1 0 0
1854	1 0 0
1855	0 0 1
1856	0 0 1
1857	0 0 1
1858	0 1 0
1859	0 0 1
1860	1 0 0
1861	0 0 1
1862	1 0 0
1863	0 0 1
1864	0 0 1
1865	1 0 0
1866	0 0 1
1867	1 0 0
1868	0 0 1
1869	0 1 0
1870	1 0 0
1871	0 0 1
1872	1 0 0
1873	0 1 0
1874	1 0 0
1875	0 0 1
1876	0 0 1
1877	0 1 0
1878	0 0 1
1879	1 0 0
1880	0 0 1
1881	0 1 0
1882	0 1 0
1883	1 0 0
1884	1 0 0
1885	0 0 1
1886	0 1 0
1887	0 1 0
1888	1 0 0
1889	0 1 0
1890	0 1 0
1891	0 1 0
1892	0 1 0
1893	1 0 0
1894	0 1 0
1895	0 0 1
1896	1 0 0
1897	0 1 0
1898	1 0 0
1899	0 1 0
1900	0 0 1
1901	0 0 1
1902	0 1 0
1903	0 0 1
1904	0 1 0
1905	0 0 1
1906	0 0 1
1907	0 0 1
1908	0 0 1
1909	1 0 0
1910	0 0 1
1911	0 1 0
1912	0 0 1
1913	0 1 0
1914	0 0 1
1915	1 0 0
1916	1 0 0
1917	1 0 0
1918	0 0 1
1919	1 0 0
1920	1 0 0
1921	0 1 0
1922	0 0 1
1923	1 0 0
1924	0 0 1
1925	0 1 0
1926	0 1 0
1927	0 0 1
1928	0 1 0
1929	0 1 0
1930	0 0 1
1931	0 0 1
1932	0 1 0
1933	0 0 1
1934	1 0 0
1935	0 0 1
1936	0 1 0
1937	0 1 0
1938	1 0 0
1939	0 0 1
1940	0 1 0
1941	1 0 0
1942	0 0 1
1943	0 1 0
1944	0 0 1
1945	1 0 0
1946	0 1 0
1947	1 0 0
1948	1 0 0
1949	0 0 1
1950	0 0 1
1951	0 1 0
1952	0 0 1
1953	0 0 1
1954	0 0 1
1955	0 1 0
1956	1 0 0
1957	0 0 1
1958	1 0 0
1959	0 0 1
1960	1 0 0
1961	1 0 0
1962	0 1 0
1963	0 0 1
1964	0 0 1
1965	0 1 0
1966	0 0 1
1967	0 1 0
1968	0 1 0
1969	1 0 0
1970	0 1 0
1971	1 0 0
1972	0 0 1
1973	1 0 0
1974	1 0 0
1975	0 0 1
1976	1 0 0
1977	0 1 0
1978	0 0 1
1979	0 0 1
1980	0 0 1
1981	1 0 0
1982	1 0 0
1983	0 0 1
1984	0 1 0
1985	0 0 1
1986	0 0 1
1987	1 0 0
1988	0 0 1
1989	1 0 0
1990	1 0 0
1991	0 1 0
1992	0 1 0
1993	0 1 0
1994	1 0 0
1995	0 0 1
1996	1 0 0
1997	0 1 0
1998	0 1 0
1999	1 0 0
2000	0 1 0
2001	1 0 0
2002	0 0 1
2003	1 0 0
2004	0 1 0
2005	1 0 0
2006	1 0 0
2007	1 0 0
2008	1 0 0
2009	0 0 1
2010	0 1 0
2011	1 0 0
2012	1 0 0
2013	0 1 0
2014	1 0 0
2015	0 1 0
2016	1 0 0
2017	1 0 0
2018	0 0 1
2019	0 1 0
2020	1 0 0
2021	0 1 0
2022	0 1 0
2023	1 0 0
2024	0 0 1
2025	0 1 0
2026	0 1 0
2027	0 0 1
2028	0 1 0
2029	1 0 0
2030	1 0 0
2031	0 1 0
2032	0 0 1
2033	1 0 0
2034	1 0 0
2035	0 1 0
2036	0 0 1
2037	1 0 0
2038	1 0 0
2039	0 0 1
2040	0 1 0
2041	0 1 0
2042	0 0 1
2043	1 0 0
2044	1 0 0
2045	1 0 0
2046	0 0 1
2047	1 0 0
2048	0 1 0
2049	0 1 0
2050	0 0 1
2051	1 0 0
2052	1 0 0
2053	1 0 0
2054	1 0 0
2055	0 0 1
2056	1 0 0
2057	1 0 0
2058	0 0 1
2059	0 0 1
2060	1 0 0
2061	0 1 0
2062	0 1 0
2063	0 1 0
2064	0 1 0
2065	1 0 0
2066	1 0 0
2067	0 0 1
2068	0 0 1
2069	1 0 0
2070	0 0 1
2071	0 0 1
2072	0 1 0
2073	1 0 0
2074	1 0 0
2075	0 0 1
2076	0 1 0
2077	0 0 1
2078	1 0 0
2079	1 0 0
2080	0 1 0
2081	0 1 0
2082	0 1 0
2083	1 0 0
2084	1 0 0
2085	1 0 0
2086	0 1 0
2087	0 1 0
2088	0 0 1
2089	1 0 0
2090	1 0 0
2091	0 1 0
2092	0 0 1
2093	0 0 1
2094	0 1 0
2095	0 1 0
2096	1 0 0
2097	0 1 0
2098	0 1 0
2099	0 1 0
2100	0 1 0
2101	1 0 0
2102	0 1 0
2103	0 1 0
2104	1 0 0
2105	0 0 1
2106	0 0 1
2107	0 1 0
2108	0 1 0
2109	0 0 1
2110	0 0 1
2111	0 1 0
2112	1 0 0
2113	0 0 1
2114	1 0 0
2115	0 0 1
2116	1 0 0
2117	0 0 1
2118	0 0 1
2119	1 0 0
2120	0 0 1
2121	0 0 1
2122	0 1 0
2123	0 0 1
2124	0 0 1
2125	0 0 1
2126	0 1 0
2127	0 0 1
2128	1 0 0
2129	0 1 0
2130	1 0 0
2131	0 0 1
2132	1 0 0
2133	1 0 0
2134	1 0 0
2135	1 0 0
2136	0 0 1
2137	0 0 1
2138	1 0 0
2139	0 0 1
2140	1 0 0
2141	1 0 0
2142	0 0 1
2143	0 0 1
2144	0 1 0
2145	0 0 1
2146	1 0 0
2147	0 1 0
2148	1 0 0
2149	0 1 0
2150	0 0 1
2151	1 0 0
2152	0 1 0
2153	0 0 1
2154	0 0 1
2155	0 1 0
2156	0 1 0
2157	1 0 0
2158	0 0 1
2159	0 0 1
2160	1 0 0
2161	1 0 0
2162	0 0 1
2163	1 0 0
2164	0 1 0
2165	0 1 0
2166	1 0 0
2167	0 0 1
2168	0 0 1
2169	1 0 0
2170	0 0 1
2171	0 0 1
2172	1 0 0
2173	0 1 0
2174	1 0 0
2175	1 0 0
2176	0 0 1
2177	1 0 0
2178	1 0 0
2179	0 1 0
2180	1 0 0
2181	0 1 0
2182	0 0 1
2183	0 0 1
2184	1 0 0
2185	0 1 0
2186	0 0 1
2187	0 1 0
2188	1 0 0
2189	1 0 0
2190	0 0 1
2191	0 1 0
2192	1 0 0
2193	0 0 1
2194	1 0 0
2195	0 0 1
2196	1 0 0
2197	0 0 1
2198	0 0 1
2199	1 0 0
2200	0 1 0
2201	1 0 0
2202	0 1 0
2203	0 0 1
2204	0 1 0
2205	0 1 0
2206	0 0 1
2207	0 1 0
2208	0 0 1
2209	1 0 0
2210	0 1 0
2211	1 0 0
2212	1 0 0
2213	1 0 0
2214	0 1 0
2215	0 1 0
2216	0 0 1
2217	1 0 0
2218	1 0 0
2219	1 0 0
2220	0 0 1
2221	1 0 0
2222	1 0 0
2223	1 0 0
2224	0 0 1
2225	0 1 0
2226	0 1 0
2227	1 0 0
2228	0 0 1
2229	1 0 0
2230	1 0 0
2231	0 0 1
2232	1 0 0
2233	1 0 0
2234	0 0 1
2235	1 0 0
2236	0 0 1
2237	1 0 0
2238	0 0 1
2239	0 1 0
2240	0 0 1
2241	0 0 1
2242	0 1 0
2243	0 1 0
2244	0 1 0
2245	0 0 1
2246	1 0 0
2247	0 0 1
2248	0 1 0
2249	0 1 0
2250	0 0 1
2251	0 1 0
2252	0 0 1
2253	1 0 0
2254	0 0 1
2255	0 0 1
2256	0 0 1
2257	0 1 0
2258	1 0 0
2259	1 0 0
2260	0 1 0
2261	0 0 1
2262	0 1 0
2263	0 0 1
2264	0 1 0
2265	0 1 0
2266	0 1 0
2267	1 0 0
2268	0 1 0
2269	1 0 0
2270	0 1 0
2271	0 1 0
2272	0 1 0
2273	1 0 0
2274	1 0 0
2275	0 1 0
2276	0 1 0
2277	0 1 0
2278	0 1 0
2279	0 0 1
2280	0 0 1
2281	0 1 0
2282	0 1 0
2283	0 0 1
2284	0 1 0
2285	1 0 0
2286	0 1 0
2287	1 0 0
2288	0 0 1
2289	1 0 0
2290	1 0 0
2291	0 0 1
2292	0 1 0
2293	1 0 0
2294	1 0 0
2295	1 0 0
2296	0 0 1
2297	0 1 0
2298	0 1 0
2299	0 1 0
2300	0 0 1
2301	1 0 0
2302	0 1 0
2303	0 1 0
2304	1 0 0
2305	0 0 1
2306	1 0 0
2307	0 0 1
2308	0 1 0
2309	0 1 0
2310	0 0 1
2311	0 0 1
2312	0 0 1
2313	1 0 0
2314	0 0 1
2315	0 0 1
2316	0 1 0
2317	0 1 0
2318	0 0 1
2319	0 1 0
2320	0 1 0
2321	0 0 1
2322	0 0 1
2323	0 0 1
2324	0 0 1
2325	0 1 0
2326	0 0 1
2327	0 0 1
2328	1 0 0
2329	0 0 1
2330	1 0 0
2331	0 1 0
2332	0 0 1
2333	1 0 0
2334	0 0 1
2335	0 1 0
2336	1 0 0
2337	0 1 0
2338	0 1 0
2339	1 0 0
2340	0 0 1
2341	0 1 0
2342	0 0 1
2343	0 1 0
2344	1 0 0
2345	0 0 1
2346	1 0 0
2347	0 0 1
2348	0 0 1
2349	0 1 0
2350	0 1 0
2351	0 0 1
2352	0 0 1
2353	1 0 0
2354	0 0 1
2355	0 0 1
2356	0 1 0
2357	0 1 0
2358	1 0 0
2359	1 0 0
2360	0 1 0
2361	0 1 0
2362	1 0 0
2363	0 0 1
2364	0 1 0
2365	1 0 0
2366	0 1 0
2367	0 1 0
2368	0 1 0
2369	0 0 1
2370	0 0 1
2371	0 1 0
2372	0 1 0
2373	0 0 1
2374	1 0 0
2375	1 0 0
2376	1 0 0
2377	0 0 1
2378	1 0 0
2379	1 0 0
2380	0 1 0
2381	0 0 1
2382	1 0 0
2383	1 0 0
2384	1 0 0
2385	0 1 0
2386	0 1 0
2387	0 0 1
2388	0 1 0
2389	0 0 1
2390	1 0 0
2391	0 1 0
2392	0 0 1
2393	1 0 0
2394	1 0 0
2395	0 0 1
2396	1 0 0
2397	0 1 0
2398	0 0 1
2399	0 0 1
2400	1 0 0
2401	0 1 0
2402	1 0 0
2403	0 0 1
2404	0 1 0
2405	0 1 0
2406	0 0 1
2407	1 0 0
2408	0 1 0
2409	1 0 0
2410	0 0 1
2411	0 1 0
2412	1 0 0
2413	0 1 0
2414	1 0 0
2415	0 0 1
2416	0 1 0
2417	0 1 0
2418	1 0 0
2419	1 0 0
2420	0 0 1
2421	0 1 0
2422	0 0 1
2423	0 1 0
2424	1 0 0
2425	1 0 0
2426	0 1 0
2427	0 0 1
2428	1 0 0
2429	0 1 0
2430	1 0 0
2431	1 0 0
2432	0 1 0
2433	0 0 1
2434	1 0 0
2435	1 0 0
2436	0 1 0
2437	0 1 0
2438	1 0 0
2439	0 1 0
2440	1 0 0
2441	0 0 1
2442	0 0 1
2443	0 1 0
2444	0 1 0
2445	0 0 1
2446	1 0 0
2447	0 1 0
2448	0 0 1
2449	0 1 0
2450	0 1 0
2451	1 0 0
2452	0 1 0
2453	0 1 0
2454	0 0 1
2455	0 1 0
2456	0 0 1
2457	0 1 0
2458	0 0 1
2459	0 1 0
2460	0 1 0
2461	0 0 1
2462	0 1 0
2463	0 1 0
2464	0 0 1
2465	0 0 1
2466	1 0 0
2467	0 1 0
2468	0 1 0
2469	0 1 0
2470	1 0 0
2471	0 1 0
2472	0 1 0
2473	0 0 1
2474	0 1 0
2475	0 0 1
2476	0 1 0
2477	0 0 1
2478	0 0 1
2479	0 1 0
2480	1 0 0
2481	1 0 0
2482	0 0 1
2483	0 1 0
2484	1 0 0
2485	1 0 0
2486	1 0 0
2487	0 0 1
2488	0 0 1
2489	1 0 0
2490	1 0 0
2491	1 0 0
2492	0 0 1
2493	1 0 0
2494	0 0 1
2495	0 1 0
2496	0 0 1
2497	0 1 0
2498	1 0 0
2499	0 1 0
2500	0 0 1
2501	1 0 0
2502	1 0 0
2503	0 0 1
2504	0 1 0
2505	0 0 1
2506	0 0 1
2507	1 0 0
2508	0 0 1
2509	1 0 0
2510	1 0 0
2511	1 0 0
2512	1 0 0
2513	0 1 0
2514	1 0 0
2515	0 0 1
2516	0 1 0
2517	0 0 1
2518	0 1 0
2519	0 0 1
2520	0 0 1
2521	0 0 1
2522	0 0 1
2523	1 0 0
2524	0 1 0
2525	0 1 0
2526	1 0 0
2527	1 0 0
2528	0 1 0
2529	0 0 1
2530	0 0 1
2531	0 1 0
2532	0 1 0
2533	1 0 0
2534	0 0 1
2535	0 0 1
2536	1 0 0
2537	0 0 1
2538	1 0 0
2539	0 1 0
2540	0 1 0
2541	0 0 1
2542	1 0 0
2543	0 0 1
2544	0 1 0
2545	0 0 1
2546	1 0 0
2547	0 1 0
2548	0 1 0
2549	0 0 1
2550	0 1 0
2551	0 0 1
2552	1 0 0
2553	0 0 1
2554	1 0 0
2555	1 0 0
2556	1 0 0
2557	1 0 0
2558	1 0 0
2559	0 0 1
2560	0 1 0
2561	0 0 1
2562	0 0 1
2563	1 0 0
2564	1 0 0
2565	1 0 0
2566	1 0 0
2567	0 0 1
2568	0 0 1
2569	0 1 0
2570	0 1 0
2571	1 0 0
2572	0 1 0
2573	0 0 1
2574	0 0 1
2575	0 0 1
2576	0 1 0
2577	0 0 1
2578	0 0 1
2579	0 0 1
2580	0 0 1
2581	0 1 0
2582	1 0 0
2583	0 0 1
2584	0 1 0
2585	0 0 1
2586	1 0 0
2587	0 0 1
2588	1 0 0
2589	0 1 0
2590	0 1 0
2591	0 1 0
2592	0 1 0
2593	1 0 0
2594	1 0 0
2595	0 1 0
2596	0 0 1
2597	0 0 1
2598	0 0 1
2599	0 1 0
2600	0 1 0
2601	0 1 0
2602	0 0 1
2603	0 1 0
2604	1 0 0
2605	1 0 0
2606	0 1 0
2607	0 1 0
2608	1 0 0
2609	0 1 0
2610	0 1 0
2611	0 0 1
2612	0 1 0
2613	0 1 0
2614	0 1 0
2615	0 0 1
2616	0 0 1
2617	1 0 0
2618	0 0 1
2619	0 1 0
2620	0 1 0
2621	0 1 0
2622	1 0 0
2623	0 0 1
2624	0 1 0
2625	0 0 1
2626	0 1 0
2627	0 1 0
2628	0 0 1
2629	0 1 0
2630	1 0 0
2631	0 0 1
2632	1 0 0
2633	1 0 0
2634	1 0 0
2635	0 1 0
2636	1 0 0
2637	0 1 0
2638	0 1 0
2639	1 0 0
2640	0 1 0
2641	1 0 0
2642	1 0 0
2643	1 0 0
2644	1 0 0
2645	0 0 1
2646	0 1 0
2647	0 0 1
2648	0 1 0
2649	1 0 0
2650	0 0 1
2651	0 1 0
2652	0 1 0
2653	0 1 0
2654	1 0 0
2655	0 0 1
2656	0 0 1
2657	0 0 1
2658	1 0 0
2659	0 1 0
2660	1 0 0
2661	1 0 0
2662	0 0 1
2663	1 0 0
2664	1 0 0
2665	0 1 0
2666	0 1 0
2667	1 0 0
2668	1 0 0
2669	0 0 1
2670	0 0 1
2671	0 1 0
2672	0 1 0
2673	0 0 1
2674	1 0 0
2675	0 1 0
2676	0 1 0
2677	0 0 1
2678	0 0 1
2679	0 1 0
2680	0 1 0
2681	1 0 0
2682	0 1 0
2683	0 1 0
2684	0 0 1
2685	0 1 0
2686	0 1 0
2687	0 0 1
2688	1 0 0
2689	1 0 0
2690	0 1 0
2691	1 0 0
2692	1 0 0
2693	0 1 0
2694	0 1 0
2695	0 0 1
2696	0 0 1
2697	1 0 0
2698	1 0 0
2699	0 1 0
2700	0 1 0
2701	0 0 1
2702	0 1 0
2703	0 0 1
2704	0 0 1
2705	0 0 1
2706	1 0 0
2707	0 1 0
2708	0 1 0
2709	0 1 0
2710	0 0 1
2711	0 1 0
2712	0 0 1
2713	0 1 0
2714	0 1 0
2715	1 0 0
2716	0 0 1
2717	0 1 0
2718	0 0 1
2719	0 1 0
2720	0 0 1
2721	0 0 1
2722	0 1 0
2723	0 1 0
2724	0 1 0
2725	1 0 0
2726	1 0 0
2727	0 1 0
2728	0 0 1
2729	0 0 1
2730	0 1 0
2731	1 0 0
2732	0 0 1
2733	1 0 0
2734	0 0 1
2735	0 0 1
2736	1 0 0
2737	0 1 0
2738	0 0 1
2739	1 0 0
2740	0 0 1
2741	1 0 0
2742	1 0 0
2743	0 1 0
2744	0 1 0
2745	0 0 1
2746	0 1 0
2747	1 0 0
2748	0 0 1
2749	1 0 0
2750	0 0 1
2751	0 1 0
2752	1 0 0
2753	1 0 0
2754	0 1 0
2755	1 0 0
2756	0 1 0
2757	0 0 1
2758	0 0 1
2759	0 0 1
2760	0 0 1
2761	1 0 0
2762	1 0 0
2763	0 1 0
2764	1 0 0
2765	0 1 0
2766	0 1 0
2767	1 0 0
2768	0 0 1
2769	0 0 1
2770	0 1 0
2771	0 0 1
2772	0 1 0
2773	0 0 1
2774	0 0 1
2775	0 0 1
2776	0 1 0
2777	0 1 0
2778	1 0 0
2779	0 0 1
2780	1 0 0
2781	1 0 0
2782	0 0 1
2783	1 0 0
2784	0 1 0
2785	1 0 0
2786	1 0 0
2787	0 1 0
2788	0 0 1
2789	1 0 0
2790	1 0 0
2791	0 1 0
2792	0 0 1
2793	0 0 1
2794	0 0 1
2795	1 0 0
2796	0 1 0
2797	0 0 1
2798	1 0 0
2799	0 0 1
2800	1 0 0
2801	0 0 1
2802	1 0 0
2803	0 0 1
2804	0 0 1
2805	0 0 1
2806	1 0 0
2807	0 0 1
2808	0 1 0
2809	1 0 0
2810	0 0 1
2811	0 0 1
2812	0 1 0
2813	0 0 1
2814	1 0 0
2815	0 0 1
2816	1 0 0
2817	0 1 0
2818	1 0 0
2819	0 1 0
2820	1 0 0
2821	1 0 0
2822	0 1 0
2823	0 0 1
2824	0 1 0
2825	0 0 1
2826	1 0 0
2827	0 0 1
2828	0 1 0
2829	1 0 0
2830	0 1 0
2831	0 0 1
2832	0 1 0
2833	1 0 0
2834	0 1 0
2835	0 0 1
2836	0 1 0
2837	0 1 0
2838	0 1 0
2839	0 0 1
2840	1 0 0
2841	0 0 1
2842	1 0 0
2843	0 1 0
2844	0 0 1
2845	0 0 1
2846	0 0 1
2847	0 0 1
2848	1 0 0
2849	1 0 0
2850	0 1 0
2851	0 1 0
2852	0 0 1
2853	0 0 1
2854	0 0 1
2855	1 0 0
2856	0 1 0
2857	1 0 0
2858	0 1 0
2859	0 0 1
2860	0 1 0
2861	0 0 1
2862	1 0 0
2863	0 0 1
2864	0 1 0
2865	1 0 0
2866	0 1 0
2867	0 0 1
2868	0 1 0
2869	0 1 0
2870	0 1 0
2871	0 1 0
2872	0 0 1
2873	0 1 0
2874	0 0 1
2875	1 0 0
2876	1 0 0
2877	0 0 1
2878	0 1 0
2879	1 0 0
2880	0 0 1
2881	0 1 0
2882	0 0 1
2883	1 0 0
2884	1 0 0
2885	1 0 0
2886	0 0 1
2887	1 0 0
2888	0 0 1
2889	1 0 0
2890	0 0 1
2891	0 0 1
2892	1 0 0
2893	0 1 0
2894	1 0 0
2895	1 0 0
2896	1 0 0
2897	0 0 1
2898	0 1 0
2899	0 0 1
2900	0 0 1
2901	0 1 0
2902	0 0 1
2903	0 0 1
2904	0 1 0
2905	0 0 1
2906	1 0 0
2907	1 0 0
2908	0 1 0
2909	0 1 0
2910	0 1 0
2911	0 1 0
2912	1 0 0
2913	1 0 0
2914	0 1 0
2915	0 0 1
2916	0 1 0
2917	0 0 1
2918	0 0 1
2919	1 0 0
2920	0 0 1
2921	0 0 1
2922	0 1 0
2923	0 1 0
2924	0 1 0
2925	0 1 0
2926	1 0 0
2927	0 0 1
2928	1 0 0
2929	0 0 1
2930	0 1 0
2931	0 0 1
2932	1 0 0
2933	1 0 0
2934	0 0 1
2935	0 1 0
2936	0 0 1
2937	0 0 1
2938	1 0 0
2939	0 1 0
2940	0 0 1
2941	0 0 1
2942	1 0 0
2943	1 0 0
2944	0 0 1
2945	0 0 1
2946	1 0 0
2947	1 0 0
2948	0 0 1
2949	0 0 1
2950	0 1 0
2951	1 0 0
2952	0 1 0
2953	0 0 1
2954	1 0 0
2955	1 0 0
2956	1 0 0
2957	1 0 0
2958	0 0 1
2959	1 0 0
2960	0 0 1
2961	1 0 0
2962	0 0 1
2963	0 0 1
2964	0 0 1
2965	0 1 0
2966	0 0 1
2967	0 1 0
2968	0 1 0
2969	0 0 1
2970	0 1 0
2971	0 1 0
2972	0 1 0
2973	0 0 1
2974	0 0 1
2975	0 1 0
2976	0 0 1
2977	0 0 1
2978	0 0 1
2979	0 0 1
2980	0 0 1
2981	0 1 0
2982	0 0 1
2983	1 0 0
2984	1 0 0
2985	1 0 0
2986	0 0 1
2987	0 1 0
2988	1 0 0
2989	1 0 0
2990	1 0 0
2991	1 0 0
2992	1 0 0
2993	1 0 0
2994	0 0 1
2995	1 0 0
2996	0 0 1
2997	0 1 0
2998	0 0 1
2999	1 0 0
3000	0 1 0
3001	1 0 0
3002	1 0 0
3003	0 1 0
3004	0 1 0
3005	0 0 1
3006	1 0 0
3007	0 1 0
3008	0 1 0
3009	0 0 1
3010	0 0 1
3011	0 1 0
3012	0 1 0
3013	0 1 0
3014	1 0 0
3015	1 0 0
3016	0 0 1
3017	0 1 0
3018	0 0 1
3019	0 1 0
3020	1 0 0
3021	1 0 0
3022	0 1 0
3023	0 1 0
3024	0 0 1
3025	0 0 1
3026	1 0 0
3027	1 0 0
3028	1 0 0
3029	0 0 1
3030	1 0 0
3031	1 0 0
3032	0 1 0
3033	0 0 1
3034	0 1 0
3035	1 0 0
3036	0 1 0
3037	0 1 0
3038	0 1 0
3039	0 1 0
3040	0 1 0
3041	0 1 0
3042	0 1 0
3043	1 0 0
3044	0 0 1
3045	0 0 1
3046	0 0 1
3047	0 0 1
3048	1 0 0
3049	0 0 1
3050	0 0 1
3051	1 0 0
3052	1 0 0
3053	1 0 0
3054	0 1 0
3055	0 0 1
3056	0 0 1
3057	0 0 1
3058	0 0 1
3059	0 1 0
3060	1 0 0
3061	0 0 1
3062	0 1 0
3063	1 0 0
3064	0 1 0
3065	1 0 0
3066	1 0 0
3067	0 0 1
3068	0 1 0
3069	1 0 0
3070	1 0 0
3071	0 0 1
3072	0 1 0
3073	0 0 1
3074	0 0 1
3075	0 0 1
3076	1 0 0
3077	1 0 0
3078	1 0 0
3079	1 0 0
3080	1 0 0
3081	0 1 0
3082	1 0 0
3083	0 0 1
3084	0 0 1
3085	0 0 1
3086	1 0 0
3087	0 1 0
3088	1 0 0
3089	0 0 1
3090	0 1 0
3091	0 1 0
3092	0 1 0
3093	0 1 0
3094	1 0 0
3095	0 0 1
3096	1 0 0
3097	0 0 1
3098	0 0 1
3099	0 1 0
3100	1 0 0
3101	1 0 0
3102	0 1 0
3103	0 0 1
3104	0 0 1
3105	1 0 0
3106	0 1 0
3107	1 0 0
3108	0 0 1
3109	0 0 1
3110	0 0 1
3111	0 1 0
3112	0 0 1
3113	0 0 1
3114	0 1 0
3115	1 0 0
3116	0 0 1
3117	0 1 0
3118	1 0 0
3119	0 0 1
3120	1 0 0
3121	1 0 0
3122	0 1 0
3123	0 0 1
3124	1 0 0
3125	1 0 0
3126	0 0 1
3127	1 0 0
3128	1 0 0
3129	0 1 0
3130	0 1 0
3131	0 1 0
3132	0 1 0
3133	1 0 0
3134	0 1 0
3135	0 0 1
3136	1 0 0
3137	0 1 0
3138	0 0 1
3139	0 0 1
3140	0 0 1
3141	0 1 0
3142	0 1 0
3143	0 0 1
3144	1 0 0
3145	1 0 0
3146	0 1 0
3147	0 0 1
3148	0 1 0
3149	1 0 0
3150	0 0 1
3151	0 1 0
3152	0 1 0
3153	0 1 0
3154	1 0 0
3155	0 1 0
3156	0 1 0
3157	0 0 1
3158	1 0 0
3159	0 0 1
3160	1 0 0
3161	0 0 1
3162	1 0 0
3163	0 1 0
3164	0 0 1
3165	0 0 1
3166	0 1 0
3167	1 0 0
3168	0 1 0
3169	0 0 1
3170	0 1 0
3171	0 0 1
3172	0 0 1
3173	0 1 0
3174	1 0 0
3175	0 1 0
3176	1 0 0
3177	0 1 0
3178	1 0 0
3179	1 0 0
3180	1 0 0
3181	1 0 0
3182	1 0 0
3183	1 0 0
3184	1 0 0
3185	0 0 1
3186	0 1 0
3187	0 0 1
3188	0 1 0
3189	0 1 0
3190	0 1 0
3191	1 0 0
3192	0 1 0
3193	0 1 0
3194	0 0 1
3195	0 1 0
3196	0 0 1
3197	0 0 1
3198	0 0 1
3199	0 0 1
3200	1 0 0
3201	0 0 1
3202	1 0 0
3203	1 0 0
3204	0 0 1
3205	0 1 0
3206	0 1 0
3207	0 1 0
3208	0 0 1
3209	0 1 0
3210	0 0 1
3211	0 0 1
3212	0 1 0
3213	0 1 0
3214	1 0 0
3215	1 0 0
3216	1 0 0
3217	0 1 0
3218	1 0 0
3219	0 1 0
3220	0 1 0
3221	1 0 0
3222	1 0 0
3223	0 1 0
3224	0 0 1
3225	1 0 0
3226	0 0 1
3227	0 1 0
3228	0 0 1
3229	1 0 0
3230	0 1 0
3231	1 0 0
3232	1 0 0
3233	0 0 1
3234	1 0 0
3235	0 1 0
3236	0 0 1
3237	1 0 0
3238	0 1 0
3239	0 1 0
3240	0 0 1
3241	1 0 0
3242	0 1 0
3243	1 0 0
3244	0 0 1
3245	0 0 1
3246	1 0 0
3247	1 0 0
3248	0 0 1
3249	1 0 0
3250	1 0 0
3251	1 0 0
3252	0 0 1
3253	1 0 0
3254	0 0 1
3255	0 0 1
3256	0 0 1
3257	0 1 0
3258	0 0 1
3259	1 0 0
3260	0 0 1
3261	0 0 1
3262	0 1 0
3263	0 0 1
3264	0 1 0
3265	0 1 0
3266	1 0 0
3267	0 1 0
3268	0 1 0
3269	0 1 0
3270	1 0 0
3271	0 0 1
3272	0 0 1
3273	1 0 0
3274	0 0 1
3275	1 0 0
3276	0 1 0
3277	0 0 1
3278	0 0 1
3279	1 0 0
3280	0 1 0
3281	1 0 0
3282	1 0 0
3283	0 1 0
3284	1 0 0
3285	0 1 0
3286	0 1 0
3287	1 0 0
3288	0 0 1
3289	1 0 0
3290	0 0 1
3291	1 0 0
3292	1 0 0
3293	1 0 0
3294	1 0 0
3295	0 0 1
3296	0 0 1
3297	0 1 0
3298	0 1 0
3299	0 1 0
3300	0 1 0
3301	0 0 1
3302	1 0 0
3303	0 1 0
3304	0 1 0
3305	0 1 0
3306	0 1 0
3307	0 1 0
3308	0 0 1
3309	1 0 0
3310	1 0 0
3311	0 1 0
3312	0 0 1
3313	0 1 0
3314	1 0 0
3315	1 0 0
3316	0 1 0
3317	0 1 0
3318	0 0 1
3319	0 0 1
3320	0 1 0
3321	1 0 0
3322	1 0 0
3323	0 1 0
3324	1 0 0
3325	0 0 1
3326	0 0 1
3327	1 0 0
3328	0 1 0
3329	0 1 0
3330	1 0 0
3331	0 0 1
3332	1 0 0
3333	1 0 0
3334	0 0 1
3335	0 0 1
3336	1 0 0
3337	1 0 0
3338	0 0 1
3339	0 0 1
3340	0 0 1
3341	1 0 0
3342	1 0 0
3343	0 0 1
3344	0 1 0
3345	0 1 0
3346	0 0 1
3347	1 0 0
3348	0 0 1
3349	1 0 0
3350	0 1 0
3351	0 1 0
3352	1 0 0
3353	1 0 0
3354	0 0 1
3355	1 0 0
3356	0 1 0
3357	1 0 0
3358	1 0 0
3359	0 0 1
3360	1 0 0
3361	0 1 0
3362	1 0 0
3363	1 0 0
3364	0 0 1
3365	0 1 0
3366	0 1 0
3367	0 1 0
3368	1 0 0
3369	0 1 0
3370	0 0 1
3371	0 1 0
3372	0 0 1
3373	0 1 0
3374	0 0 1
3375	0 0 1
3376	1 0 0
3377	1 0 0
3378	1 0 0
3379	0 1 0
3380	0 0 1
3381	0 0 1
3382	0 0 1
3383	1 0 0
3384	1 0 0
3385	0 0 1
3386	0 0 1
3387	0 1 0
3388	0 1 0
3389	1 0 0
3390	0 0 1
3391	0 0 1
3392	0 1 0
3393	1 0 0
3394	1 0 0
3395	1 0 0
3396	1 0 0
3397	0 0 1
3398	0 0 1
3399	1 0 0
3400	1 0 0
3401	1 0 0
3402	1 0 0
3403	0 1 0
3404	1 0 0
3405	0 1 0
3406	0 1 0
3407	0 0 1
3408	0 0 1
3409	1 0 0
3410	0 0 1
3411	0 1 0
3412	1 0 0
3413	1 0 0
3414	0 0 1
3415	1 0 0
3416	0 0 1
3417	0 1 0
3418	1 0 0
3419	0 1 0
3420	0 1 0
3421	0 0 1
3422	0 1 0
3423	1 0 0
3424	1 0 0
3425	0 0 1
3426	0 1 0
3427	1 0 0
3428	0 1 0
3429	0 0 1
3430	1 0 0
3431	0 1 0
3432	0 1 0
3433	1 0 0
3434	1 0 0
3435	1 0 0
3436	0 0 1
3437	0 0 1
3438	0 0 1
3439	0 1 0
3440	0 1 0
3441	0 1 0
3442	1 0 0
3443	0 1 0
3444	0 1 0
3445	1 0 0
3446	0 0 1
3447	1 0 0
3448	0 1 0
3449	0 1 0
3450	1 0 0
3451	0 1 0
3452	0 0 1
3453	0 0 1
3454	0 0 1
3455	0 1 0
3456	0 1 0
3457	1 0 0
3458	1 0 0
3459	1 0 0
3460	0 0 1
3461	0 0 1
3462	0 1 0
3463	0 1 0
3464	0 0 1
3465	0 1 0
3466	0 1 0
3467	1 0 0
3468	0 1 0
3469	0 1 0
3470	0 0 1
3471	1 0 0
3472	1 0 0
3473	1 0 0
3474	0 0 1
3475	0 1 0
3476	1 0 0
3477	0 0 1
3478	0 1 0
3479	0 1 0
3480	0 0 1
3481	0 0 1
3482	0 1 0
3483	1 0 0
3484	1 0 0
3485	0 0 1
3486	0 1 0
3487	1 0 0
3488	0 0 1
3489	1 0 0
3490	1 0 0
3491	1 0 0
3492	0 0 1
3493	0 0 1
3494	0 1 0
3495	1 0 0
3496	0 0 1
3497	0 1 0
3498	0 1 0
3499	0 1 0
3500	1 0 0
3501	0 0 1
3502	1 0 0
3503	0 0 1
3504	0 0 1
3505	0 0 1
3506	1 0 0
3507	0 0 1
3508	0 0 1
3509	1 0 0
3510	0 1 0
3511	0 1 0
3512	0 1 0
3513	0 0 1
3514	0 1 0
3515	0 1 0
3516	1 0 0
3517	0 1 0
3518	1 0 0
3519	0 1 0
3520	0 0 1
3521	0 0 1
3522	0 1 0
3523	1 0 0
3524	1 0 0
3525	0 0 1
3526	0 1 0
3527	0 1 0
3528	0 1 0
3529	1 0 0
3530	0 0 1
3531	1 0 0
3532	0 0 1
3533	0 1 0
3534	1 0 0
3535	1 0 0
3536	0 1 0
3537	0 0 1
3538	0 1 0
3539	0 0 1
3540	0 1 0
3541	0 1 0
3542	0 1 0
3543	0 0 1
3544	1 0 0
3545	1 0 0
3546	0 1 0
3547	0 1 0
3548	0 0 1
3549	0 1 0
3550	1 0 0
3551	0 0 1
3552	0 1 0
3553	0 1 0
3554	1 0 0
3555	0 1 0
3556	0 1 0
3557	0 0 1
3558	0 0 1
3559	0 0 1
3560	0 1 0
3561	1 0 0
3562	1 0 0
3563	1 0 0
3564	0 1 0
3565	0 1 0
3566	0 0 1
3567	0 1 0
3568	0 1 0
3569	0 1 0
3570	1 0 0
3571	1 0 0
3572	0 0 1
3573	0 1 0
3574	0 1 0
3575	0 0 1
3576	1 0 0
3577	0 1 0
3578	1 0 0
3579	0 1 0
3580	0 0 1
3581	0 1 0
3582	1 0 0
3583	0 1 0
3584	0 1 0
3585	0 0 1
3586	0 0 1
3587	0 0 1
3588	0 0 1
3589	0 0 1
3590	0 1 0
3591	0 1 0
3592	1 0 0
3593	1 0 0
3594	0 1 0
3595	1 0 0
3596	1 0 0
3597	1 0 0
3598	1 0 0
3599	0 0 1
3600	1 0 0
3601	0 0 1
3602	1 0 0
3603	0 1 0
3604	0 1 0
3605	0 1 0
3606	0 1 0
3607	0 1 0
3608	0 0 1
3609	1 0 0
3610	0 0 1
3611	1 0 0
3612	0 1 0
3613	1 0 0
3614	0 1 0
3615	0 0 1
3616	0 1 0
3617	0 0 1
3618	0 0 1
3619	0 1 0
3620	0 0 1
3621	1 0 0
3622	0 1 0
3623	0 0 1
3624	1 0 0
3625	0 0 1
3626	0 0 1
3627	0 0 1
3628	1 0 0
3629	0 0 1
3630	1 0 0
3631	0 1 0
3632	1 0 0
3633	1 0 0
3634	1 0 0
3635	0 1 0
3636	1 0 0
3637	0 0 1
3638	0 0 1
3639	1 0 0
3640	0 1 0
3641	0 0 1
3642	0 1 0
3643	0 0 1
3644	1 0 0
3645	0 1 0
3646	0 0 1
3647	0 1 0
3648	1 0 0
3649	0 1 0
3650	0 1 0
3651	1 0 0
3652	1 0 0
3653	0 1 0
3654	0 1 0
3655	1 0 0
3656	0 0 1
3657	0 1 0
3658	0 0 1
3659	1 0 0
3660	0 0 1
3661	0 0 1
3662	0 1 0
3663	1 0 0
3664	1 0 0
3665	0 0 1
3666	0 1 0
3667	1 0 0
3668	0 0 1
3669	0 0 1
3670	0 1 0
3671	0 0 1
3672	0 1 0
3673	0 1 0
3674	0 0 1
3675	0 1 0
3676	1 0 0
3677	0 1 0
3678	0 0 1
3679	0 1 0
3680	0 0 1
3681	1 0 0
3682	0 1 0
3683	0 1 0
3684	0 1 0
3685	0 0 1
3686	0 0 1
3687	0 0 1
3688	0 1 0
3689	0 0 1
3690	0 0 1
3691	0 0 1
3692	0 0 1
3693	0 0 1
3694	0 0 1
3695	0 0 1
3696	0 0 1
3697	1 0 0
3698	0 0 1
3699	0 1 0
3700	0 0 1
3701	0 0 1
3702	1 0 0
3703	0 1 0
3704	0 0 1
3705	0 0 1
3706	1 0 0
3707	0 1 0
3708	0 1 0
3709	0 0 1
3710	1 0 0
3711	1 0 0
3712	0 0 1
3713	0 0 1
3714	0 1 0
3715	0 1 0
3716	1 0 0
3717	1 0 0
3718	0 1 0
3719	1 0 0
3720	0 1 0
3721	1 0 0
3722	1 0 0
3723	1 0 0
3724	1 0 0
3725	1 0 0
3726	0 0 1
3727	0 1 0
3728	1 0 0
3729	0 1 0
3730	0 1 0
3731	0 1 0
3732	0 0 1
3733	0 0 1
3734	0 0 1
3735	0 0 1
3736	1 0 0
3737	0 0 1
3738	0 0 1
3739	1 0 0
3740	0 1 0
3741	0 0 1
3742	0 0 1
3743	0 1 0
3744	1 0 0
3745	1 0 0
3746	0 0 1
3747	1 0 0
3748	0 1 0
3749	1 0 0
3750	0 0 1
3751	1 0 0
3752	0 0 1
3753	0 1 0
3754	0 0 1
3755	0 0 1
3756	0 0 1
3757	0 0 1
3758	1 0 0
3759	0 0 1
3760	0 1 0
3761	0 1 0
3762	0 1 0
3763	0 1 0
3764	1 0 0
3765	1 0 0
3766	0 0 1
3767	0 1 0
3768	1 0 0
3769	0 1 0
3770	0 1 0
3771	0 0 1
3772	0 0 1
3773	0 0 1
3774	0 1 0
3775	0 1 0
3776	1 0 0
3777	0 0 1
3778	1 0 0
3779	1 0 0
3780	1 0 0
3781	1 0 0
3782	0 1 0
3783	1 0 0
3784	1 0 0
3785	0 0 1
3786	1 0 0
3787	0 0 1
3788	1 0 0
3789	1 0 0
3790	0 1 0
3791	0 0 1
3792	0 0 1
3793	1 0 0
3794	0 0 1
3795	0 1 0
3796	0 1 0
3797	0 1 0
3798	0 0 1
3799	0 1 0
3800	0 1 0
3801	0 1 0
3802	0 0 1
3803	0 0 1
3804	1 0 0
3805	1 0 0
3806	0 0 1
3807	1 0 0
3808	0 0 1
3809	1 0 0
3810	0 0 1
3811	0 1 0
3812	0 0 1
3813	0 1 0
3814	1 0 0
3815	0 0 1
3816	0 1 0
3817	1 0 0
3818	0 1 0
3819	0 1 0
3820	0 1 0
3821	1 0 0
3822	0 1 0
3823	1 0 0
3824	1 0 0
3825	0 0 1
3826	0 1 0
3827	0 0 1
3828	0 1 0
3829	0 1 0
3830	0 1 0
3831	0 0 1
3832	0 0 1
3833	0 0 1
3834	0 0 1
3835	0 0 1
3836	0 1 0
3837	1 0 0
3838	1 0 0
3839	0 0 1
3840	0 1 0
3841	1 0 0
3842	1 0 0
3843	0 0 1
3844	0 0 1
3845	1 0 0
3846	0 0 1
3847	1 0 0
3848	0 1 0
3849	1 0 0
3850	0 1 0
3851	1 0 0
3852	0 1 0
3853	0 0 1
3854	0 0 1
3855	0 1 0
3856	0 0 1
3857	0 0 1
3858	1 0 0
3859	1 0 0
3860	1 0 0
3861	0 1 0
3862	0 0 1
3863	1 0 0
3864	0 0 1
3865	1 0 0
3866	0 1 0
3867	0 1 0
3868	1 0 0
3869	1 0 0
3870	1 0 0
3871	1 0 0
3872	1 0 0
3873	0 1 0
3874	1 0 0
3875	0 0 1
3876	0 1 0
3877	0 0 1
3878	0 0 1
3879	0 0 1
3880	0 1 0
3881	1 0 0
3882	0 0 1
3883	1 0 0
3884	0 0 1
3885	0 0 1
3886	1 0 0
3887	0 1 0
3888	1 0 0
3889	0 0 1
3890	0 0 1
3891	0 0 1
3892	0 1 0
3893	1 0 0
3894	0 0 1
3895	0 1 0
3896	1 0 0
3897	0 0 1
3898	1 0 0
3899	0 0 1
3900	0 0 1
3901	0 1 0
3902	0 1 0
3903	0 0 1
3904	1 0 0
3905	1 0 0
3906	0 0 1
3907	0 0 1
3908	0 1 0
3909	0 1 0
3910	0 1 0
3911	0 1 0
3912	1 0 0
3913	0 1 0
3914	0 1 0
3915	1 0 0
3916	1 0 0
3917	0 1 0
3918	1 0 0
3919	1 0 0
3920	1 0 0
3921	0 0 1
3922	1 0 0
3923	0 0 1
3924	0 1 0
3925	1 0 0
3926	0 1 0
3927	1 0 0
3928	0 0 1
3929	1 0 0
3930	1 0 0
3931	0 1 0
3932	0 0 1
3933	1 0 0
3934	0 1 0
3935	0 1 0
3936	1 0 0
3937	0 1 0
3938	0 1 0
3939	0 1 0
3940	0 0 1
3941	0 1 0
3942	0 0 1
3943	0 1 0
3944	0 0 1
3945	0 1 0
3946	1 0 0
3947	0 0 1
3948	0 1 0
3949	1 0 0
3950	0 0 1
3951	1 0 0
3952	0 1 0
3953	0 1 0
3954	0 1 0
3955	0 1 0
3956	0 0 1
3957	1 0 0
3958	0 1 0
3959	0 1 0
3960	0 1 0
3961	0 0 1
3962	0 1 0
3963	0 0 1
3964	0 0 1
3965	0 1 0
3966	0 0 1
3967	0 0 1
3968	0 1 0
3969	0 1 0
3970	0 0 1
3971	0 0 1
3972	0 1 0
3973	0 1 0
3974	1 0 0
3975	1 0 0
3976	1 0 0
3977	0 1 0
3978	1 0 0
3979	1 0 0
3980	1 0 0
3981	0 1 0
3982	1 0 0
3983	0 0 1
3984	1 0 0
3985	0 1 0
3986	1 0 0
3987	1 0 0
3988	0 0 1
3989	0 0 1
3990	1 0 0
3991	1 0 0
3992	0 0 1
3993	0 1 0
3994	0 1 0
3995	0 1 0
3996	1 0 0
3997	0 0 1
3998	0 0 1
3999	0 0 1
4000	0 0 1
4001	0 1 0
4002	0 1 0
4003	1 0 0
4004	0 0 1
4005	0 0 1
4006	0 0 1
4007	1 0 0
4008	1 0 0
4009	1 0 0
4010	0 0 1
4011	0 0 1
4012	0 0 1
4013	0 0 1
4014	0 1 0
4015	1 0 0
4016	0 1 0
4017	1 0 0
4018	1 0 0
4019	0 0 1
4020	0 0 1
4021	1 0 0
4022	0 1 0
4023	0 0 1
4024	0 0 1
4025	0 1 0
4026	0 1 0
4027	0 0 1
4028	1 0 0
4029	0 0 1
4030	0 1 0
4031	1 0 0
4032	0 0 1
4033	1 0 0
4034	0 1 0
4035	0 0 1
4036	0 0 1
4037	1 0 0
4038	1 0 0
4039	1 0 0
4040	0 0 1
4041	1 0 0
4042	0 1 0
4043	0 0 1
4044	0 1 0
4045	1 0 0
4046	1 0 0
4047	1 0 0
4048	0 0 1
4049	0 1 0
4050	1 0 0
4051	1 0 0
4052	0 0 1
4053	0 1 0
4054	1 0 0
4055	0 1 0
4056	0 0 1
4057	0 1 0
4058	1 0 0
4059	1 0 0
4060	0 0 1
4061	0 1 0
4062	0 0 1
4063	0 0 1
4064	0 1 0
4065	1 0 0
4066	0 1 0
4067	0 1 0
4068	1 0 0
4069	0 0 1
4070	1 0 0
4071	1 0 0
4072	1 0 0
4073	1 0 0
4074	0 1 0
4075	0 0 1
4076	0 0 1
4077	0 1 0
4078	0 1 0
4079	1 0 0
4080	0 0 1
4081	1 0 0
4082	1 0 0
4083	0 0 1
4084	0 0 1
4085	0 1 0
4086	0 1 0
4087	0 0 1
4088	0 1 0
4089	0 1 0
4090	0 0 1
4091	0 1 0
4092	1 0 0
4093	1 0 0
4094	1 0 0
4095	1 0 0
4096	0 1 0
4097	1 0 0
4098	0 0 1
4099	1 0 0
4100	0 1 0
4101	0 0 1
4102	0 1 0
4103	1 0 0
4104	0 0 1
4105	0 0 1
4106	0 1 0
4107	1 0 0
4108	0 0 1
4109	0 0 1
4110	1 0 0
4111	1 0 0
4112	0 1 0
4113	0 1 0
4114	0 1 0
4115	0 1 0
4116	0 1 0
4117	1 0 0
4118	1 0 0
4119	0 1 0
4120	0 0 1
4121	0 0 1
4122	0 0 1
4123	0 0 1
4124	0 1 0
4125	0 0 1
4126	0 0 1
4127	1 0 0
4128	1 0 0
4129	0 0 1
4130	0 1 0
4131	0 1 0
4132	0 0 1
4133	0 0 1
4134	0 0 1
4135	1 0 0
4136	0 0 1
4137	0 0 1
4138	1 0 0
4139	1 0 0
4140	1 0 0
4141	0 0 1
4142	1 0 0
4143	0 0 1
4144	1 0 0
4145	1 0 0
4146	0 0 1
4147	0 1 0
4148	0 0 1
4149	0 1 0
4150	0 1 0
4151	1 0 0
4152	0 0 1
4153	0 0 1
4154	1 0 0
4155	0 0 1
4156	0 0 1
4157	1 0 0
4158	0 1 0
4159	0 0 1
4160	0 0 1
4161	1 0 0
4162	0 1 0
4163	0 0 1
4164	1 0 0
4165	0 0 1
4166	0 0 1
4167	0 1 0
4168	1 0 0
4169	1 0 0
4170	0 0 1
4171	0 1 0
4172	1 0 0
4173	0 0 1
4174	0 0 1
4175	0 1 0
4176	1 0 0
4177	0 1 0
4178	0 1 0
4179	1 0 0
4180	0 1 0
4181	1 0 0
4182	0 0 1
4183	0 1 0
4184	0 1 0
4185	1 0 0
4186	0 0 1
4187	1 0 0
4188	1 0 0
4189	1 0 0
4190	0 0 1
4191	0 1 0
4192	0 0 1
4193	0 0 1
4194	0 1 0
4195	1 0 0
4196	1 0 0
4197	0 0 1
4198	1 0 0
4199	1 0 0
4200	0 1 0
4201	0 1 0
4202	0 1 0
4203	0 0 1
4204	0 0 1
4205	1 0 0
4206	0 0 1
4207	0 1 0
4208	1 0 0
4209	1 0 0
4210	1 0 0
4211	0 1 0
4212	0 0 1
4213	1 0 0
4214	0 1 0
4215	0 0 1
4216	0 0 1
4217	0 1 0
4218	1 0 0
4219	0 1 0
4220	0 0 1
4221	0 1 0
4222	0 1 0
4223	0 1 0
4224	0 1 0
4225	0 1 0
4226	0 1 0
4227	1 0 0
4228	1 0 0
4229	0 1 0
4230	0 1 0
4231	1 0 0
4232	1 0 0
4233	0 0 1
4234	0 0 1
4235	1 0 0
4236	0 1 0
4237	0 0 1
4238	0 1 0
4239	0 1 0
4240	0 1 0
4241	1 0 0
4242	1 0 0
4243	1 0 0
4244	1 0 0
4245	0 0 1
4246	0 1 0
4247	0 1 0
4248	1 0 0
4249	1 0 0
4250	0 0 1
4251	1 0 0
4252	0 0 1
4253	1 0 0
4254	0 1 0
4255	0 0 1
4256	0 1 0
4257	0 0 1
4258	0 0 1
4259	0 1 0
4260	1 0 0
4261	0 0 1
4262	1 0 0
4263	0 1 0
4264	0 1 0
4265	0 0 1
4266	0 1 0
4267	0 0 1
4268	1 0 0
4269	1 0 0
4270	1 0 0
4271	1 0 0
4272	0 0 1
4273	0 0 1
4274	0 0 1
4275	1 0 0
4276	1 0 0
4277	1 0 0
4278	0 0 1
4279	0 0 1
4280	1 0 0
4281	1 0 0
4282	1 0 0
4283	1 0 0
4284	0 1 0
4285	1 0 0
4286	1 0 0
4287	1 0 0
4288	1 0 0
4289	0 0 1
4290	0 0 1
4291	1 0 0
4292	0 0 1
4293	0 1 0
4294	0 0 1
4295	1 0 0
4296	0 0 1
4297	1 0 0
4298	0 0 1
4299	0 0 1
4300	1 0 0
4301	0 1 0
4302	0 0 1
4303	1 0 0
4304	1 0 0
4305	1 0 0
4306	0 0 1
4307	1 0 0
4308	0 1 0
4309	0 1 0
4310	1 0 0
4311	0 0 1
4312	1 0 0
4313	0 0 1
4314	0 0 1
4315	0 1 0
4316	0 0 1
4317	1 0 0
4318	0 1 0
4319	0 0 1
4320	1 0 0
4321	0 0 1
4322	0 0 1
4323	1 0 0
4324	0 0 1
4325	0 0 1
4326	0 0 1
4327	0 1 0
4328	0 1 0
4329	1 0 0
4330	0 1 0
4331	0 1 0
4332	1 0 0
4333	0 1 0
4334	0 1 0
4335	0 1 0
4336	0 0 1
4337	0 0 1
4338	1 0 0
4339	1 0 0
4340	0 1 0
4341	0 1 0
4342	0 1 0
4343	0 0 1
4344	1 0 0
4345	1 0 0
4346	1 0 0
4347	0 0 1
4348	0 0 1
4349	1 0 0
4350	0 1 0
4351	0 1 0
4352	1 0 0
4353	1 0 0
4354	1 0 0
4355	1 0 0
4356	1 0 0
4357	0 1 0
4358	0 0 1
4359	0 0 1
4360	0 0 1
4361	1 0 0
4362	1 0 0
4363	0 1 0
4364	0 0 1
4365	0 1 0
4366	1 0 0
4367	0 0 1
4368	1 0 0
4369	0 1 0
4370	0 1 0
4371	1 0 0
4372	0 1 0
4373	1 0 0
4374	1 0 0
4375	0 0 1
4376	1 0 0
4377	0 0 1
4378	0 0 1
4379	0 1 0
4380	1 0 0
4381	1 0 0
4382	0 0 1
4383	1 0 0
4384	1 0 0
4385	0 1 0
4386	0 0 1
4387	0 1 0
4388	0 0 1
4389	1 0 0
4390	0 0 1
4391	1 0 0
4392	0 0 1
4393	0 1 0
4394	1 0 0
4395	0 0 1
4396	0 0 1
4397	0 0 1
4398	0 0 1
4399	0 1 0
4400	0 1 0
4401	0 1 0
4402	0 0 1
4403	0 0 1
4404	1 0 0
4405	0 1 0
4406	1 0 0
4407	1 0 0
4408	0 0 1
4409	1 0 0
4410	0 0 1
4411	0 1 0
4412	0 1 0
4413	0 1 0
4414	1 0 0
4415	1 0 0
4416	0 0 1
4417	0 0 1
4418	0 0 1
4419	0 0 1
4420	0 1 0
4421	0 0 1
4422	0 1 0
4423	0 1 0
4424	0 0 1
4425	1 0 0
4426	0 1 0
4427	0 0 1
4428	1 0 0
4429	0 0 1
4430	1 0 0
4431	0 1 0
4432	0 0 1
4433	0 0 1
4434	0 0 1
4435	0 1 0
4436	1 0 0
4437	0 0 1
4438	0 0 1
4439	1 0 0
4440	1 0 0
4441	0 1 0
4442	0 0 1
4443	0 1 0
4444	1 0 0
4445	0 1 0
4446	0 0 1
4447	1 0 0
4448	1 0 0
4449	1 0 0
4450	0 1 0
4451	1 0 0
4452	0 0 1
4453	0 0 1
4454	0 1 0
4455	0 1 0
4456	1 0 0
4457	0 0 1
4458	1 0 0
4459	0 0 1
4460	0 0 1
4461	0 1 0
4462	1 0 0
4463	1 0 0
4464	0 1 0
4465	0 0 1
4466	0 1 0
4467	0 0 1
4468	0 1 0
4469	1 0 0
4470	0 0 1
4471	0 1 0
4472	1 0 0
4473	0 0 1
4474	0 1 0
4475	0 1 0
4476	0 1 0
4477	0 1 0
4478	0 1 0
4479	1 0 0
4480	0 0 1
4481	0 1 0
4482	0 0 1
4483	0 0 1
4484	1 0 0
4485	0 0 1
4486	0 0 1
4487	1 0 0
4488	0 0 1
4489	0 0 1
4490	0 0 1
4491	0 0 1
4492	0 1 0
4493	0 0 1
4494	1 0 0
4495	1 0 0
4496	1 0 0
4497	0 0 1
4498	0 1 0
4499	0 0 1
4500	0 1 0
4501	0 1 0
4502	0 1 0
4503	0 0 1
4504	0 0 1
4505	0 1 0
4506	0 0 1
4507	1 0 0
4508	1 0 0
4509	0 1 0
4510	0 1 0
4511	0 0 1
4512	0 0 1
4513	1 0 0
4514	1 0 0
4515	0 0 1
4516	1 0 0
4517	0 0 1
4518	0 1 0
4519	0 1 0
4520	0 1 0
4521	1 0 0
4522	0 1 0
4523	1 0 0
4524	0 0 1
4525	1 0 0
4526	1 0 0
4527	1 0 0
4528	1 0 0
4529	0 0 1
4530	0 0 1
4531	0 1 0
4532	0 0 1
4533	0 0 1
4534	1 0 0
4535	0 0 1
4536	0 1 0
4537	1 0 0
4538	0 1 0
4539	0 0 1
4540	0 0 1
4541	0 0 1
4542	0 1 0
4543	0 1 0
4544	1 0 0
4545	1 0 0
4546	0 0 1
4547	1 0 0
4548	0 1 0
4549	1 0 0
4550	0 1 0
4551	1 0 0
4552	1 0 0
4553	0 1 0
4554	1 0 0
4555	0 1 0
4556	0 0 1
4557	1 0 0
4558	1 0 0
4559	1 0 0
4560	0 1 0
4561	1 0 0
4562	0 0 1
4563	1 0 0
4564	1 0 0
4565	1 0 0
4566	0 0 1
4567	0 0 1
4568	1 0 0
4569	1 0 0
4570	1 0 0
4571	1 0 0
4572	0 0 1
4573	1 0 0
4574	0 0 1
4575	1 0 0
4576	1 0 0
4577	0 0 1
4578	1 0 0
4579	0 1 0
4580	0 1 0
4581	0 1 0
4582	0 0 1
4583	0 0 1
4584	1 0 0
4585	0 1 0
4586	1 0 0
4587	1 0 0
4588	1 0 0
4589	0 1 0
4590	0 0 1
4591	0 1 0
4592	1 0 0
4593	0 1 0
4594	0 1 0
4595	1 0 0
4596	0 0 1
4597	0 0 1
4598	0 1 0
4599	1 0 0
4600	1 0 0
4601	0 1 0
4602	0 1 0
4603	1 0 0
4604	0 1 0
4605	1 0 0
4606	0 0 1
4607	0 0 1
4608	1 0 0
4609	1 0 0
4610	1 0 0
4611	0 1 0
4612	0 1 0
4613	0 0 1
4614	1 0 0
4615	0 0 1
4616	0 1 0
4617	1 0 0
4618	0 0 1
4619	0 0 1
4620	0 1 0
4621	1 0 0
4622	0 0 1
4623	1 0 0
4624	0 1 0
4625	0 1 0
4626	0 0 1
4627	0 0 1
4628	0 0 1
4629	0 1 0
4630	1 0 0
4631	0 1 0
4632	1 0 0
4633	0 0 1
4634	0 0 1
4635	0 1 0
4636	1 0 0
4637	0 0 1
4638	0 1 0
4639	1 0 0
4640	1 0 0
4641	0 1 0
4642	0 1 0
4643	0 0 1
4644	0 1 0
4645	0 1 0
4646	0 0 1
4647	0 1 0
4648	0 1 0
4649	0 0 1
4650	0 1 0
4651	1 0 0
4652	0 1 0
4653	1 0 0
4654	0 0 1
4655	0 0 1
4656	1 0 0
4657	0 0 1
4658	1 0 0
4659	1 0 0
4660	0 1 0
4661	0 1 0
4662	1 0 0
4663	0 0 1
4664	1 0 0
4665	0 0 1
4666	1 0 0
4667	0 1 0
4668	0 1 0
4669	0 0 1
4670	1 0 0
4671	0 1 0
4672	1 0 0
4673	0 0 1
4674	0 1 0
4675	1 0 0
4676	0 1 0
4677	0 0 1
4678	0 1 0
4679	1 0 0
4680	0 1 0
4681	0 1 0
4682	0 0 1
4683	1 0 0
4684	1 0 0
4685	0 0 1
4686	0 0 1
4687	0 0 1
4688	1 0 0
4689	1 0 0
4690	0 0 1
4691	0 1 0
4692	1 0 0
4693	0 0 1
4694	0 1 0
4695	0 0 1
4696	0 1 0
4697	0 1 0
4698	0 1 0
4699	0 1 0
4700	0 1 0
4701	0 0 1
4702	0 0 1
4703	0 1 0
4704	0 0 1
4705	0 1 0
4706	1 0 0
4707	0 1 0
4708	1 0 0
4709	1 0 0
4710	0 0 1
4711	0 1 0
4712	1 0 0
4713	1 0 0
4714	0 0 1
4715	0 0 1
4716	1 0 0
4717	0 1 0
4718	0 1 0
4719	0 1 0
4720	1 0 0
4721	1 0 0
4722	1 0 0
4723	1 0 0
4724	0 1 0
4725	0 1 0
4726	0 1 0
4727	0 1 0
4728	0 0 1
4729	1 0 0
4730	0 0 1
4731	1 0 0
4732	1 0 0
4733	0 0 1
4734	0 1 0
4735	0 1 0
4736	0 0 1
4737	1 0 0
4738	0 1 0
4739	0 0 1
4740	0 1 0
4741	0 0 1
4742	0 1 0
4743	0 0 1
4744	0 1 0
4745	1 0 0
4746	0 1 0
4747	0 1 0
4748	0 0 1
4749	1 0 0
4750	0 1 0
4751	0 1 0
4752	0 0 1
4753	0 0 1
4754	0 1 0
4755	0 1 0
4756	1 0 0
4757	0 0 1
4758	0 1 0
4759	0 0 1
4760	0 0 1
4761	1 0 0
4762	1 0 0
4763	1 0 0
4764	1 0 0
4765	0 0 1
4766	0 1 0
4767	0 1 0
4768	1 0 0
4769	0 0 1
4770	0 0 1
4771	0 0 1
4772	0 0 1
4773	0 0 1
4774	1 0 0
4775	0 1 0
4776	0 0 1
4777	0 0 1
4778	0 1 0
4779	0 0 1
4780	1 0 0
4781	0 0 1
4782	0 1 0
4783	0 1 0
4784	0 1 0
4785	1 0 0
4786	1 0 0
4787	1 0 0
4788	1 0 0
4789	0 1 0
4790	0 1 0
4791	1 0 0
4792	0 1 0
4793	0 0 1
4794	1 0 0
4795	0 1 0
4796	1 0 0
4797	0 0 1
4798	0 1 0
4799	0 1 0
4800	0 0 1
4801	0 1 0
4802	0 0 1
4803	1 0 0
4804	0 1 0
4805	1 0 0
4806	1 0 0
4807	0 1 0
4808	1 0 0
4809	1 0 0
4810	0 0 1
4811	0 0 1
4812	1 0 0
4813	1 0 0
4814	0 1 0
4815	1 0 0
4816	0 0 1
4817	0 0 1
4818	0 1 0
4819	0 1 0
4820	1 0 0
4821	1 0 0
4822	0 0 1
4823	1 0 0
4824	0 0 1
4825	0 1 0
4826	0 1 0
4827	1 0 0
4828	0 0 1
4829	1 0 0
4830	0 1 0
4831	0 0 1
4832	0 1 0
4833	0 0 1
4834	1 0 0
4835	1 0 0
4836	1 0 0
4837	1 0 0
4838	0 0 1
4839	0 1 0
4840	0 0 1
4841	0 1 0
4842	0 0 1
4843	1 0 0
4844	0 0 1
4845	0 0 1
4846	0 1 0
4847	0 1 0
4848	0 1 0
4849	0 1 0
4850	1 0 0
4851	0 1 0
4852	1 0 0
4853	0 0 1
4854	0 0 1
4855	1 0 0
4856	0 0 1
4857	1 0 0
4858	1 0 0
4859	0 1 0
4860	1 0 0
4861	0 1 0
4862	1 0 0
4863	0 0 1
4864	1 0 0
4865	1 0 0
4866	0 1 0
4867	0 1 0
4868	0 0 1
4869	0 1 0
4870	1 0 0
4871	0 0 1
4872	0 1 0
4873	1 0 0
4874	1 0 0
4875	0 0 1
4876	0 0 1
4877	0 0 1
4878	0 1 0
4879	0 1 0
4880	0 0 1
4881	1 0 0
4882	0 0 1
4883	0 1 0
4884	1 0 0
4885	1 0 0
4886	0 1 0
4887	1 0 0
4888	0 0 1
4889	0 0 1
4890	0 1 0
4891	0 0 1
4892	0 0 1
4893	0 0 1
4894	0 0 1
4895	1 0 0
4896	0 1 0
4897	0 0 1
4898	0 1 0
4899	0 1 0
4900	0 1 0
4901	0 1 0
4902	1 0 0
4903	0 0 1
4904	1 0 0
4905	1 0 0
4906	1 0 0
4907	0 1 0
4908	0 1 0
4909	1 0 0
4910	1 0 0
4911	0 0 1
4912	0 1 0
4913	0 1 0
4914	0 1 0
4915	1 0 0
4916	0 0 1
4917	0 0 1
4918	1 0 0
4919	0 1 0
4920	1 0 0
4921	0 1 0
4922	0 0 1
4923	0 1 0
4924	0 0 1
4925	0 0 1
4926	1 0 0
4927	1 0 0
4928	1 0 0
4929	0 0 1
4930	0 1 0
4931	1 0 0
4932	0 1 0
4933	0 1 0
4934	0 1 0
4935	1 0 0
4936	0 0 1
4937	0 0 1
4938	0 1 0
4939	0 0 1
4940	1 0 0
4941	0 0 1
4942	0 1 0
4943	0 1 0
4944	1 0 0
4945	0 0 1
4946	1 0 0
4947	0 0 1
4948	0 1 0
4949	0 1 0
4950	1 0 0
4951	1 0 0
4952	1 0 0
4953	0 0 1
4954	0 0 1
4955	1 0 0
4956	0 0 1
4957	0 0 1
4958	0 1 0
4959	0 0 1
4960	1 0 0
4961	0 0 1
4962	1 0 0
4963	0 0 1
4964	1 0 0
4965	0 0 1
4966	0 0 1
4967	0 0 1
4968	1 0 0
4969	0 1 0
4970	1 0 0
4971	0 0 1
4972	0 1 0
4973	1 0 0
4974	1 0 0
4975	0 0 1
4976	1 0 0
4977	0 0 1
4978	0 1 0
4979	1 0 0
4980	0 1 0
4981	1 0 0
4982	1 0 0
4983	0 1 0
4984	0 1 0
4985	0 1 0
4986	1 0 0
4987	0 0 1
4988	0 0 1
4989	1 0 0
4990	0 1 0
4991	0 0 1
4992	0 1 0
4993	0 1 0
4994	0 0 1
4995	0 0 1
4996	1 0 0
4997	0 0 1
4998	0 0 1
4999	0 0 1
