0	0
1	1
2	0
3	1
4	1
5	0
6	0
7	0
8	0
9	1
10	0
11	1
12	0
13	1
14	0
15	0
16	0
17	0
18	0
19	0
20	0
21	1
22	0
23	1
24	1
25	0
26	1
27	0
28	0
29	0
30	0
31	1
32	0
33	0
34	0
35	1
36	0
37	0
38	0
39	0
40	0
41	1
42	0
43	1
44	0
45	0
46	0
47	0
48	1
49	1
50	1
51	1
52	1
53	0
54	1
55	0
56	0
57	0
58	0
59	0
60	0
61	0
62	0
63	1
64	0
65	0
66	0
67	0
68	0
69	1
70	1
71	0
72	0
73	0
74	0
75	0
76	0
77	0
78	0
79	0
80	0
81	0
82	0
83	0
84	0
85	0
86	0
87	0
88	0
89	0
90	0
91	0
92	0
93	0
94	0
95	1
96	1
97	0
98	0
99	0
100	0
101	1
102	1
103	0
104	0
105	0
106	0
107	1
108	0
109	0
110	1
111	0
112	0
113	0
114	0
115	1
116	0
117	1
118	0
119	0
120	0
121	1
122	1
123	0
124	1
125	0
126	0
127	0
128	1
129	1
130	0
131	1
132	0
133	1
134	0
135	1
136	1
137	0
138	0
139	0
140	0
141	1
142	1
143	0
144	0
145	0
146	1
147	0
148	0
149	0
150	0
151	0
152	1
153	0
154	0
155	0
156	1
157	1
158	0
159	1
160	0
161	0
162	0
163	1
164	0
165	0
166	1
167	0
168	0
169	0
170	0
171	0
172	1
173	0
174	1
175	0
176	1
177	0
178	1
179	0
180	0
181	0
182	1
183	0
184	0
185	0
186	0
187	0
188	0
189	1
190	0
191	0
192	0
193	1
194	0
195	0
196	0
197	0
198	0
199	0
200	0
201	0
202	0
203	0
204	1
205	0
206	1
207	0
208	0
209	0
210	0
211	0
212	0
213	0
214	0
215	0
216	0
217	0
218	0
219	0
220	0
221	0
222	1
223	1
224	0
225	0
226	0
227	0
228	0
229	0
230	1
231	1
232	0
233	1
234	0
235	1
236	0
237	0
238	0
239	0
240	0
241	0
242	0
243	0
244	0
245	0
246	1
247	0
248	1
249	0
250	0
251	0
252	0
253	0
254	0
255	1
256	1
257	1
258	1
259	0
260	0
261	1
262	0
263	0
264	0
265	1
266	1
267	0
268	1
269	1
270	0
271	0
272	0
273	0
274	0
275	0
276	0
277	1
278	0
279	0
280	1
281	0
282	1
283	0
284	0
285	0
286	0
287	1
288	0
289	0
290	1
291	0
292	0
293	1
294	0
295	0
296	1
297	0
298	0
299	0
300	1
301	1
302	0
303	1
304	0
305	0
306	0
307	0
308	1
309	1
310	0
311	0
312	0
313	0
314	0
315	1
316	0
317	0
318	0
319	0
320	0
321	1
322	1
323	0
324	0
325	0
326	0
327	1
328	0
329	1
330	0
331	0
332	1
333	1
334	0
335	1
336	0
337	0
338	1
339	1
340	0
341	0
342	1
343	1
344	0
345	0
346	1
347	0
348	0
349	1
350	0
351	0
352	1
353	0
354	0
355	0
356	0
357	0
358	0
359	0
360	0
361	1
362	0
363	0
364	1
365	1
366	1
367	0
368	0
369	0
370	0
371	1
372	0
373	1
374	0
375	0
376	0
377	0
378	1
379	0
380	1
381	0
382	1
383	1
384	0
385	0
386	0
387	0
388	0
389	1
390	0
391	1
392	0
393	0
394	1
395	0
396	1
397	1
398	0
399	0
400	0
401	0
402	0
403	0
404	0
405	0
406	0
407	1
408	1
409	0
410	0
411	0
412	0
413	0
414	1
415	1
416	0
417	0
418	0
419	0
420	0
421	0
422	0
423	0
424	0
425	0
426	0
427	0
428	1
429	1
430	1
431	1
432	0
433	1
434	0
435	1
436	1
437	0
438	0
439	0
440	0
441	1
442	0
443	0
444	0
445	1
446	0
447	1
448	0
449	1
450	0
451	0
452	0
453	0
454	0
455	0
456	0
457	0
458	0
459	0
460	0
461	0
462	0
463	0
464	0
465	0
466	1
467	1
468	0
469	0
470	0
471	0
472	0
473	1
474	0
475	0
476	0
477	0
478	0
479	0
480	0
481	1
482	0
483	1
484	0
485	0
486	1
487	0
488	1
489	0
490	0
491	0
492	0
493	0
494	0
495	0
496	0
497	0
498	0
499	0
500	0
501	1
502	1
503	0
504	0
505	0
506	1
507	1
508	0
509	0
510	0
511	1
512	0
513	0
514	0
515	0
516	0
517	0
518	0
519	0
520	1
521	0
522	0
523	0
524	0
525	1
526	1
527	0
528	0
529	1
530	0
531	1
532	0
533	1
534	0
535	0
536	0
537	1
538	1
539	1
540	0
541	0
542	0
543	0
544	0
545	1
546	0
547	1
548	0
549	0
550	0
551	0
552	0
553	1
554	1
555	0
556	0
557	1
558	0
559	0
560	1
561	0
562	1
563	0
564	1
565	0
566	0
567	1
568	0
569	0
570	0
571	1
572	0
573	0
574	1
575	0
576	0
577	1
578	1
579	1
580	0
581	0
582	1
583	1
584	1
585	1
586	0
587	0
588	1
589	1
590	0
591	1
592	0
593	0
594	1
595	0
596	1
597	0
598	1
599	0
600	0
601	0
602	1
603	1
604	0
605	0
606	1
607	0
608	0
609	0
610	0
611	0
612	0
613	0
614	0
615	0
616	0
617	0
618	0
619	0
620	0
621	0
622	1
623	0
624	0
625	0
626	0
627	0
628	0
629	0
630	0
631	0
632	1
633	0
634	0
635	0
636	1
637	1
638	1
639	0
640	0
641	1
642	0
643	0
644	0
645	1
646	0
647	1
648	0
649	1
650	0
651	0
652	1
653	0
654	0
655	1
656	1
657	1
658	0
659	1
660	0
661	1
662	1
663	0
664	0
665	0
666	1
667	0
668	0
669	0
670	0
671	1
672	1
673	0
674	1
675	0
676	0
677	0
678	0
679	0
680	0
681	0
682	0
683	0
684	0
685	1
686	0
687	1
688	0
689	0
690	0
691	0
692	0
693	0
694	0
695	0
696	1
697	1
698	0
699	0
700	0
701	0
702	0
703	0
704	0
705	0
706	0
707	1
708	0
709	0
710	1
711	0
712	0
713	0
714	0
715	0
716	1
717	0
718	0
719	0
720	1
721	1
722	0
723	1
724	0
725	1
726	0
727	0
728	0
729	0
730	0
731	1
732	0
733	1
734	0
735	0
736	0
737	0
738	1
739	0
740	1
741	0
742	0
743	0
744	0
745	0
746	0
747	0
748	1
749	0
750	0
751	1
752	0
753	0
754	1
755	0
756	1
757	0
758	0
759	0
760	0
761	0
762	0
763	0
764	0
765	1
766	1
767	1
768	1
769	0
770	0
771	1
772	0
773	1
774	0
775	0
776	0
777	1
778	0
779	0
780	0
781	0
782	1
783	0
784	0
785	0
786	0
787	1
788	0
789	0
790	0
791	0
792	0
793	1
794	0
795	0
796	0
797	0
798	0
799	1
800	0
801	0
802	1
803	1
804	0
805	1
806	0
807	0
808	0
809	1
810	1
811	1
812	1
813	1
814	0
815	0
816	0
817	0
818	0
819	1
820	0
821	0
822	0
823	0
824	0
825	0
826	1
827	0
828	0
829	1
830	0
831	0
832	0
833	0
834	0
835	0
836	0
837	0
838	0
839	1
840	0
841	1
842	1
843	0
844	1
845	1
846	1
847	1
848	1
849	0
850	1
851	1
852	0
853	0
854	1
855	0
856	0
857	0
858	1
859	1
860	0
861	1
862	1
863	0
864	0
865	1
866	1
867	0
868	1
869	0
870	0
871	0
872	0
873	1
874	0
875	0
876	0
877	1
878	0
879	0
880	0
881	0
882	0
883	0
884	0
885	1
886	1
887	0
888	0
889	1
890	0
891	0
892	0
893	1
894	0
895	0
896	0
897	0
898	0
899	0
900	0
901	0
902	0
903	0
904	0
905	0
906	0
907	0
908	1
909	0
910	1
911	0
912	1
913	0
914	0
915	1
916	0
917	0
918	0
919	0
920	1
921	0
922	1
923	0
924	0
925	0
926	0
927	0
928	1
929	0
930	0
931	1
932	0
933	1
934	0
935	0
936	1
937	0
938	0
939	0
940	0
941	0
942	0
943	0
944	0
945	1
946	0
947	0
948	0
949	0
950	0
951	0
952	1
953	0
954	0
955	0
956	0
957	0
958	0
959	0
960	0
961	0
962	1
963	0
964	0
965	0
966	0
967	1
968	0
969	1
970	0
971	0
972	1
973	0
974	1
975	0
976	0
977	0
978	0
979	0
980	1
981	0
982	1
983	0
984	0
985	1
986	0
987	1
988	0
989	0
990	1
991	1
992	0
993	0
994	1
995	0
996	0
997	0
998	1
999	1
1000	0
1001	0
1002	0
1003	0
1004	1
1005	1
1006	0
1007	0
1008	0
1009	0
1010	0
1011	0
1012	1
1013	0
1014	0
1015	1
1016	0
1017	1
1018	0
1019	1
1020	1
1021	1
1022	1
1023	0
1024	0
1025	1
1026	0
1027	1
1028	1
1029	0
1030	1
1031	0
1032	0
1033	0
1034	0
1035	0
1036	0
1037	0
1038	0
1039	0
1040	1
1041	0
1042	0
1043	0
1044	0
1045	0
1046	1
1047	0
1048	0
1049	0
1050	1
1051	0
1052	0
1053	0
1054	1
1055	0
1056	0
1057	1
1058	1
1059	1
1060	0
1061	0
1062	0
1063	0
1064	1
1065	1
1066	1
1067	1
1068	0
1069	1
1070	0
1071	0
1072	0
1073	1
1074	0
1075	1
1076	0
1077	0
1078	0
1079	1
1080	1
1081	1
1082	0
1083	0
1084	1
1085	0
1086	1
1087	0
1088	0
1089	0
1090	0
1091	1
1092	0
1093	1
1094	0
1095	0
1096	0
1097	0
1098	1
1099	0
1100	0
1101	1
1102	0
1103	1
1104	0
1105	0
1106	0
1107	0
1108	0
1109	0
1110	0
1111	1
1112	0
1113	0
1114	0
1115	0
1116	0
1117	0
1118	0
1119	0
1120	0
1121	0
1122	1
1123	0
1124	0
1125	0
1126	0
1127	0
1128	0
1129	0
1130	0
1131	0
1132	0
1133	0
1134	0
1135	0
1136	0
1137	1
1138	1
1139	1
1140	0
1141	1
1142	0
1143	0
1144	0
1145	0
1146	1
1147	0
1148	1
1149	0
1150	0
1151	0
1152	0
1153	1
1154	0
1155	0
1156	0
1157	1
1158	0
1159	0
1160	0
1161	0
1162	1
1163	1
1164	0
1165	0
1166	1
1167	0
1168	1
1169	0
1170	0
1171	1
1172	0
1173	1
1174	0
1175	0
1176	1
1177	1
1178	0
1179	1
1180	0
1181	1
1182	1
1183	0
1184	0
1185	0
1186	1
1187	0
1188	0
1189	0
1190	0
1191	0
1192	0
1193	0
1194	0
1195	1
1196	0
1197	0
1198	1
1199	1
1200	1
1201	1
1202	0
1203	0
1204	1
1205	0
1206	0
1207	1
1208	0
1209	0
1210	0
1211	1
1212	0
1213	1
1214	0
1215	0
1216	0
1217	0
1218	0
1219	1
1220	1
1221	1
1222	0
1223	0
1224	0
1225	0
1226	0
1227	0
1228	1
1229	1
1230	0
1231	0
1232	0
1233	0
1234	0
1235	0
1236	0
1237	0
1238	0
1239	0
1240	0
1241	0
1242	1
1243	1
1244	0
1245	0
1246	1
1247	0
1248	0
1249	1
1250	0
1251	1
1252	0
1253	1
1254	1
1255	0
1256	1
1257	0
1258	0
1259	1
1260	1
1261	1
1262	0
1263	0
1264	0
1265	1
1266	1
1267	0
1268	0
1269	1
1270	0
1271	1
1272	1
1273	0
1274	1
1275	1
1276	0
1277	0
1278	1
1279	1
1280	0
1281	1
1282	0
1283	1
1284	0
1285	1
1286	0
1287	0
1288	0
1289	0
1290	0
1291	1
1292	0
1293	1
1294	0
1295	0
1296	1
1297	1
1298	0
1299	0
1300	0
1301	0
1302	0
1303	0
1304	0
1305	0
1306	0
1307	0
1308	0
1309	0
1310	1
1311	1
1312	1
1313	0
1314	0
1315	0
1316	0
1317	0
1318	0
1319	0
1320	0
1321	0
1322	1
1323	0
1324	0
1325	1
1326	0
1327	0
1328	0
1329	0
1330	0
1331	0
1332	0
1333	1
1334	0
1335	0
1336	1
1337	1
1338	0
1339	0
1340	0
1341	0
1342	0
1343	1
1344	1
1345	1
1346	0
1347	0
1348	1
1349	1
1350	1
1351	0
1352	0
1353	0
1354	1
1355	0
1356	0
1357	0
1358	1
1359	0
1360	0
1361	0
1362	0
1363	0
1364	1
1365	0
1366	0
1367	0
1368	0
1369	0
1370	0
1371	1
1372	1
1373	0
1374	0
1375	0
1376	0
1377	0
1378	1
1379	1
1380	0
1381	0
1382	0
1383	0
1384	1
1385	1
1386	0
1387	0
1388	1
1389	0
1390	0
1391	1
1392	0
1393	0
1394	0
1395	1
1396	0
1397	0
1398	0
1399	0
1400	0
1401	0
1402	1
1403	0
1404	1
1405	1
1406	1
1407	0
1408	0
1409	0
1410	1
1411	0
1412	1
1413	1
1414	1
1415	0
1416	1
1417	0
1418	0
1419	0
1420	0
1421	0
1422	0
1423	0
1424	0
1425	0
1426	1
1427	0
1428	0
1429	0
1430	0
1431	1
1432	0
1433	0
1434	0
1435	0
1436	0
1437	1
1438	0
1439	0
1440	0
1441	1
1442	1
1443	0
1444	0
1445	0
1446	0
1447	1
1448	0
1449	1
1450	0
1451	0
1452	0
1453	0
1454	0
1455	1
1456	1
1457	0
1458	1
1459	1
1460	0
1461	0
1462	0
1463	1
1464	0
1465	0
1466	0
1467	0
1468	0
1469	0
1470	0
1471	0
1472	0
1473	0
1474	0
1475	1
1476	1
1477	1
1478	0
1479	0
1480	1
1481	0
1482	1
1483	0
1484	0
1485	0
1486	0
1487	1
1488	0
1489	0
1490	0
1491	0
1492	0
1493	0
1494	0
1495	0
1496	0
1497	0
1498	1
1499	0
1500	1
1501	0
1502	0
1503	1
1504	0
1505	1
1506	1
1507	0
1508	0
1509	0
1510	1
1511	0
1512	0
1513	0
1514	1
1515	0
1516	0
1517	0
1518	0
1519	0
1520	1
1521	1
1522	0
1523	1
1524	1
1525	0
1526	0
1527	0
1528	0
1529	0
1530	0
1531	0
1532	0
1533	0
1534	0
1535	1
1536	1
1537	0
1538	0
1539	1
1540	1
1541	0
1542	0
1543	0
1544	0
1545	1
1546	0
1547	0
1548	1
1549	0
1550	1
1551	1
1552	0
1553	0
1554	0
1555	0
1556	0
1557	0
1558	1
1559	0
1560	0
1561	0
1562	1
1563	0
1564	0
1565	1
1566	0
1567	1
1568	0
1569	0
1570	1
1571	1
1572	0
1573	0
1574	0
1575	0
1576	0
1577	0
1578	0
1579	0
1580	0
1581	0
1582	1
1583	0
1584	0
1585	0
1586	0
1587	0
1588	1
1589	0
1590	0
1591	1
1592	1
1593	0
1594	1
1595	0
1596	0
1597	0
1598	1
1599	0
1600	0
1601	0
1602	1
1603	0
1604	1
1605	1
1606	1
1607	0
1608	0
1609	0
1610	1
1611	0
1612	0
1613	1
1614	0
1615	0
1616	1
1617	1
1618	0
1619	1
1620	0
1621	0
1622	0
1623	0
1624	0
1625	0
1626	0
1627	1
1628	1
1629	0
1630	0
1631	1
1632	0
1633	0
1634	1
1635	0
1636	1
1637	1
1638	0
1639	1
1640	0
1641	0
1642	0
1643	1
1644	0
1645	0
1646	0
1647	1
1648	1
1649	0
1650	0
1651	1
1652	1
1653	0
1654	1
1655	0
1656	1
1657	1
1658	1
1659	1
1660	1
1661	1
1662	0
1663	0
1664	1
1665	0
1666	1
1667	1
1668	0
1669	1
1670	0
1671	1
1672	0
1673	1
1674	0
1675	1
1676	0
1677	1
1678	0
1679	1
1680	0
1681	0
1682	0
1683	0
1684	1
1685	0
1686	0
1687	0
1688	1
1689	0
1690	1
1691	0
1692	0
1693	1
1694	0
1695	0
1696	0
1697	0
1698	0
1699	0
1700	0
1701	0
1702	1
1703	1
1704	0
1705	0
1706	0
1707	1
1708	1
1709	1
1710	0
1711	0
1712	0
1713	0
1714	0
1715	1
1716	0
1717	0
1718	1
1719	0
1720	1
1721	0
1722	0
1723	1
1724	0
1725	0
1726	0
1727	0
1728	1
1729	1
1730	0
1731	1
1732	0
1733	1
1734	0
1735	1
1736	0
1737	0
1738	1
1739	0
1740	0
1741	0
1742	0
1743	0
1744	0
1745	0
1746	1
1747	0
1748	1
1749	1
1750	1
1751	1
1752	1
1753	0
1754	0
1755	1
1756	0
1757	0
1758	1
1759	1
1760	0
1761	0
1762	0
1763	0
1764	1
1765	0
1766	0
1767	0
1768	0
1769	0
1770	1
1771	0
1772	0
1773	0
1774	0
1775	1
1776	0
1777	0
1778	0
1779	1
1780	0
1781	0
1782	0
1783	1
1784	0
1785	0
1786	0
1787	0
1788	1
1789	1
1790	0
1791	0
1792	0
1793	0
1794	1
1795	0
1796	1
1797	0
1798	0
1799	0
1800	1
1801	0
1802	0
1803	0
1804	0
1805	0
1806	0
1807	1
1808	1
1809	1
1810	1
1811	1
1812	1
1813	0
1814	0
1815	0
1816	0
1817	0
1818	1
1819	1
1820	0
1821	1
1822	1
1823	0
1824	1
1825	0
1826	0
1827	0
1828	0
1829	0
1830	0
1831	0
1832	0
1833	0
1834	0
1835	0
1836	0
1837	1
1838	0
1839	0
1840	0
1841	0
1842	0
1843	0
1844	0
1845	1
1846	1
1847	0
1848	0
1849	0
1850	1
1851	0
1852	1
1853	0
1854	0
1855	1
1856	0
1857	0
1858	0
1859	0
1860	0
1861	0
1862	0
1863	1
1864	1
1865	1
1866	1
1867	0
1868	1
1869	0
1870	0
1871	0
1872	0
1873	0
1874	0
1875	0
1876	1
1877	0
1878	0
1879	0
1880	0
1881	0
1882	0
1883	0
1884	0
1885	1
1886	1
1887	0
1888	1
1889	0
1890	1
1891	0
1892	1
1893	0
1894	0
1895	1
1896	1
1897	0
1898	0
1899	0
1900	0
1901	0
1902	1
1903	1
1904	0
1905	0
1906	0
1907	1
1908	0
1909	1
1910	0
1911	0
1912	0
1913	0
1914	1
1915	0
1916	0
1917	0
1918	0
1919	0
1920	0
1921	1
1922	1
1923	0
1924	0
1925	0
1926	1
1927	0
1928	0
1929	0
1930	1
1931	1
1932	0
1933	0
1934	0
1935	0
1936	1
1937	0
1938	0
1939	0
1940	0
1941	0
1942	1
1943	0
1944	1
1945	1
1946	0
1947	0
1948	0
1949	1
1950	1
1951	1
1952	0
1953	1
1954	0
1955	1
1956	1
1957	0
1958	1
1959	0
1960	0
1961	0
1962	0
1963	0
1964	1
1965	0
1966	1
1967	1
1968	1
1969	0
1970	0
1971	1
1972	1
1973	1
1974	1
1975	1
1976	0
1977	0
1978	1
1979	0
1980	1
1981	0
1982	1
1983	1
1984	0
1985	1
1986	0
1987	0
1988	1
1989	1
1990	0
1991	1
1992	0
1993	0
1994	0
1995	1
1996	0
1997	0
1998	0
1999	0
2000	1
2001	0
2002	1
2003	0
2004	1
2005	1
2006	0
2007	1
2008	1
2009	1
2010	1
2011	0
2012	1
2013	0
2014	0
2015	0
2016	1
2017	0
2018	0
2019	0
2020	0
2021	1
2022	0
2023	0
2024	1
2025	0
2026	1
2027	1
2028	0
2029	1
2030	0
2031	1
2032	0
2033	1
2034	0
2035	0
2036	1
2037	0
2038	1
2039	0
2040	1
2041	0
2042	0
2043	0
2044	0
2045	0
2046	1
2047	0
2048	0
2049	1
2050	0
2051	1
2052	0
2053	0
2054	0
2055	0
2056	0
2057	1
2058	0
2059	0
2060	0
2061	0
2062	0
2063	1
2064	0
2065	1
2066	1
2067	0
2068	0
2069	0
2070	0
2071	0
2072	1
2073	1
2074	0
2075	0
2076	0
2077	1
2078	0
2079	0
2080	1
2081	0
2082	0
2083	0
2084	0
2085	1
2086	0
2087	1
2088	0
2089	0
2090	0
2091	0
2092	1
2093	0
2094	0
2095	0
2096	0
2097	0
2098	0
2099	0
2100	0
2101	1
2102	0
2103	0
2104	0
2105	0
2106	0
2107	1
2108	0
2109	0
2110	1
2111	1
2112	0
2113	0
2114	0
2115	1
2116	1
2117	1
2118	0
2119	0
2120	0
2121	0
2122	1
2123	1
2124	0
2125	0
2126	1
2127	1
2128	0
2129	0
2130	1
2131	0
2132	0
2133	0
2134	0
2135	0
2136	0
2137	0
2138	0
2139	1
2140	0
2141	0
2142	0
2143	0
2144	0
2145	0
2146	1
2147	0
2148	0
2149	0
2150	1
2151	0
2152	0
2153	1
2154	1
2155	0
2156	0
2157	0
2158	0
2159	0
2160	0
2161	0
2162	1
2163	1
2164	0
2165	0
2166	0
2167	0
2168	1
2169	0
2170	0
2171	1
2172	0
2173	0
2174	0
2175	1
2176	0
2177	0
2178	1
2179	0
2180	0
2181	1
2182	1
2183	1
2184	0
2185	1
2186	1
2187	0
2188	1
2189	0
2190	0
2191	0
2192	1
2193	0
2194	0
2195	0
2196	1
2197	1
2198	0
2199	0
2200	1
2201	1
2202	0
2203	1
2204	0
2205	0
2206	0
2207	0
2208	0
2209	1
2210	0
2211	0
2212	0
2213	0
2214	0
2215	0
2216	0
2217	0
2218	1
2219	1
2220	0
2221	1
2222	0
2223	0
2224	0
2225	1
2226	1
2227	1
2228	0
2229	1
2230	0
2231	1
2232	1
2233	1
2234	0
2235	1
2236	0
2237	0
2238	1
2239	0
2240	1
2241	1
2242	1
2243	0
2244	0
2245	0
2246	0
2247	1
2248	0
2249	0
2250	0
2251	0
2252	0
2253	0
2254	1
2255	0
2256	1
2257	1
2258	0
2259	0
2260	0
2261	0
2262	1
2263	0
2264	0
2265	0
2266	0
2267	0
2268	0
2269	0
2270	0
2271	1
2272	1
2273	1
2274	1
2275	0
2276	0
2277	0
2278	0
2279	1
2280	1
2281	1
2282	0
2283	1
2284	0
2285	1
2286	1
2287	0
2288	1
2289	1
2290	1
2291	0
2292	0
2293	0
2294	0
2295	0
2296	1
2297	0
2298	0
2299	1
2300	0
2301	0
2302	0
2303	0
2304	0
2305	0
2306	0
2307	1
2308	1
2309	1
2310	0
2311	0
2312	1
2313	0
2314	1
2315	0
2316	0
2317	0
2318	1
2319	0
2320	0
2321	1
2322	1
2323	1
2324	0
2325	0
2326	0
2327	0
2328	0
2329	0
2330	0
2331	0
2332	0
2333	0
2334	0
2335	0
2336	0
2337	0
2338	1
2339	0
2340	0
2341	0
2342	0
2343	1
2344	1
2345	0
2346	0
2347	0
2348	1
2349	0
2350	1
2351	0
2352	0
2353	0
2354	1
2355	0
2356	0
2357	0
2358	1
2359	0
2360	1
2361	0
2362	0
2363	0
2364	1
2365	0
2366	1
2367	1
2368	1
2369	1
2370	0
2371	1
2372	0
2373	0
2374	0
2375	1
2376	1
2377	0
2378	0
2379	0
2380	0
2381	0
2382	1
2383	0
2384	0
2385	0
2386	1
2387	1
2388	0
2389	1
2390	0
2391	1
2392	1
2393	1
2394	1
2395	0
2396	1
2397	0
2398	0
2399	1
2400	0
2401	0
2402	0
2403	1
2404	0
2405	0
2406	0
2407	0
2408	0
2409	0
2410	0
2411	1
2412	1
2413	0
2414	0
2415	0
2416	0
2417	1
2418	0
2419	0
2420	1
2421	1
2422	0
2423	1
2424	1
2425	0
2426	0
2427	0
2428	1
2429	1
2430	0
2431	0
2432	0
2433	1
2434	0
2435	0
2436	1
2437	0
2438	0
2439	1
2440	0
2441	1
2442	0
2443	0
2444	0
2445	1
2446	0
2447	0
2448	0
2449	0
2450	0
2451	0
2452	0
2453	0
2454	1
2455	0
2456	0
2457	0
2458	0
2459	0
2460	0
2461	0
2462	0
2463	0
2464	0
2465	1
2466	0
2467	0
2468	0
2469	1
2470	1
2471	1
2472	0
2473	0
2474	0
2475	1
2476	0
2477	1
2478	0
2479	0
2480	0
2481	0
2482	0
2483	0
2484	0
2485	1
2486	1
2487	0
2488	0
2489	0
2490	0
2491	0
2492	1
2493	0
2494	1
2495	0
2496	0
2497	1
2498	0
2499	0
2500	0
2501	1
2502	1
2503	1
2504	0
2505	0
2506	0
2507	0
2508	0
2509	1
2510	0
2511	0
2512	0
2513	1
2514	0
2515	0
2516	0
2517	1
2518	0
2519	1
2520	0
2521	0
2522	1
2523	1
2524	0
2525	0
2526	1
2527	0
2528	0
2529	0
2530	0
2531	0
2532	1
2533	0
2534	1
2535	0
2536	0
2537	0
2538	0
2539	0
2540	0
2541	1
2542	0
2543	0
2544	0
2545	0
2546	0
2547	1
2548	0
2549	0
2550	0
2551	0
2552	0
2553	0
2554	0
2555	1
2556	0
2557	0
2558	0
2559	1
2560	0
2561	0
2562	0
2563	1
2564	0
2565	0
2566	0
2567	1
2568	0
2569	1
2570	0
2571	0
2572	0
2573	0
2574	0
2575	1
2576	0
2577	0
2578	0
2579	0
2580	0
2581	0
2582	0
2583	0
2584	0
2585	0
2586	1
2587	1
2588	0
2589	0
2590	0
2591	0
2592	0
2593	0
2594	0
2595	1
2596	0
2597	0
2598	0
2599	0
2600	1
2601	1
2602	0
2603	0
2604	0
2605	1
2606	0
2607	0
2608	0
2609	0
2610	1
2611	0
2612	0
2613	1
2614	1
2615	1
2616	0
2617	0
2618	0
2619	0
2620	0
2621	1
2622	0
2623	0
2624	1
2625	0
2626	0
2627	1
2628	0
2629	1
2630	0
2631	0
2632	0
2633	0
2634	0
2635	0
2636	1
2637	1
2638	0
2639	0
2640	0
2641	0
2642	1
2643	0
2644	1
2645	0
2646	0
2647	0
2648	0
2649	0
2650	1
2651	0
2652	0
2653	0
2654	1
2655	0
2656	0
2657	0
2658	0
2659	0
2660	0
2661	1
2662	0
2663	0
2664	0
2665	0
2666	0
2667	0
2668	1
2669	0
2670	0
2671	1
2672	1
2673	0
2674	0
2675	1
2676	1
2677	0
2678	1
2679	1
2680	1
2681	0
2682	0
2683	0
2684	1
2685	0
2686	0
2687	1
2688	0
2689	0
2690	0
2691	0
2692	0
2693	0
2694	1
2695	0
2696	1
2697	0
2698	0
2699	0
2700	0
2701	0
2702	0
2703	0
2704	0
2705	0
2706	0
2707	0
2708	0
2709	1
2710	0
2711	0
2712	0
2713	0
2714	0
2715	1
2716	0
2717	0
2718	1
2719	1
2720	0
2721	1
2722	0
2723	0
2724	1
2725	0
2726	1
2727	1
2728	0
2729	1
2730	0
2731	0
2732	0
2733	0
2734	0
2735	1
2736	0
2737	0
2738	1
2739	0
2740	0
2741	0
2742	0
2743	1
2744	0
2745	0
2746	0
2747	1
2748	0
2749	0
2750	1
2751	0
2752	0
2753	0
2754	0
2755	0
2756	0
2757	1
2758	0
2759	1
2760	1
2761	0
2762	0
2763	0
2764	0
2765	0
2766	0
2767	0
2768	0
2769	0
2770	1
2771	1
2772	0
2773	0
2774	1
2775	1
2776	0
2777	1
2778	0
2779	0
2780	0
2781	0
2782	0
2783	0
2784	0
2785	0
2786	0
2787	1
2788	1
2789	0
2790	0
2791	1
2792	1
2793	0
2794	1
2795	0
2796	0
2797	0
2798	0
2799	0
2800	1
2801	1
2802	0
2803	1
2804	0
2805	0
2806	0
2807	1
2808	1
2809	0
2810	0
2811	0
2812	0
2813	0
2814	1
2815	0
2816	0
2817	1
2818	1
2819	0
2820	1
2821	1
2822	0
2823	0
2824	1
2825	1
2826	1
2827	1
2828	0
2829	0
2830	0
2831	1
2832	0
2833	0
2834	1
2835	0
2836	0
2837	1
2838	1
2839	0
2840	0
2841	0
2842	1
2843	0
2844	0
2845	0
2846	0
2847	0
2848	0
2849	0
2850	0
2851	0
2852	0
2853	0
2854	1
2855	0
2856	0
2857	0
2858	0
2859	1
2860	1
2861	0
2862	0
2863	0
2864	1
2865	0
2866	0
2867	0
2868	0
2869	0
2870	0
2871	0
2872	0
2873	0
2874	0
2875	0
2876	0
2877	1
2878	0
2879	0
2880	0
2881	0
2882	0
2883	0
2884	1
2885	0
2886	1
2887	0
2888	0
2889	0
2890	0
2891	1
2892	0
2893	0
2894	0
2895	1
2896	0
2897	0
2898	0
2899	0
2900	0
2901	0
2902	0
2903	0
2904	0
2905	0
2906	1
2907	1
2908	0
2909	1
2910	0
2911	0
2912	1
2913	0
2914	0
2915	0
2916	1
2917	1
2918	0
2919	0
2920	0
2921	1
2922	1
2923	1
2924	0
2925	1
2926	0
2927	0
2928	1
2929	1
2930	1
2931	1
2932	0
2933	0
2934	0
2935	0
2936	0
2937	1
2938	0
2939	1
2940	0
2941	1
2942	1
2943	1
2944	1
2945	0
2946	0
2947	1
2948	1
2949	0
2950	0
2951	0
2952	0
2953	1
2954	0
2955	0
2956	0
2957	0
2958	0
2959	1
2960	0
2961	0
2962	0
2963	0
2964	0
2965	0
2966	0
2967	0
2968	1
2969	0
2970	1
2971	0
2972	1
2973	0
2974	0
2975	0
2976	1
2977	0
2978	0
2979	0
2980	1
2981	1
2982	0
2983	1
2984	0
2985	0
2986	1
2987	0
2988	0
2989	0
2990	0
2991	0
2992	1
2993	1
2994	0
2995	0
2996	0
2997	1
2998	1
2999	1
3000	1
3001	0
3002	0
3003	0
3004	1
3005	0
3006	1
3007	1
3008	1
3009	1
3010	0
3011	0
3012	0
3013	0
3014	0
3015	0
3016	1
3017	0
3018	0
3019	0
3020	0
3021	0
3022	0
3023	0
3024	0
3025	0
3026	0
3027	0
3028	1
3029	1
3030	0
3031	0
3032	0
3033	1
3034	0
3035	0
3036	0
3037	0
3038	0
3039	0
3040	0
3041	1
3042	1
3043	0
3044	1
3045	1
3046	1
3047	0
3048	1
3049	0
3050	0
3051	0
3052	1
3053	0
3054	1
3055	0
3056	0
3057	0
3058	0
3059	0
3060	0
3061	0
3062	1
3063	0
3064	0
3065	0
3066	1
3067	0
3068	0
3069	0
3070	0
3071	1
3072	1
3073	0
3074	0
3075	1
3076	0
3077	1
3078	0
3079	0
3080	0
3081	0
3082	0
3083	1
3084	0
3085	0
3086	0
3087	0
3088	1
3089	0
3090	0
3091	0
3092	1
3093	0
3094	0
3095	0
3096	1
3097	0
3098	1
3099	1
3100	0
3101	0
3102	0
3103	0
3104	1
3105	1
3106	1
3107	0
3108	1
3109	0
3110	0
3111	0
3112	1
3113	0
3114	0
3115	0
3116	0
3117	0
3118	1
3119	0
3120	0
3121	0
3122	0
3123	0
3124	0
3125	0
3126	0
3127	1
3128	0
3129	1
3130	1
3131	0
3132	1
3133	0
3134	0
3135	0
3136	0
3137	0
3138	1
3139	0
3140	1
3141	1
3142	0
3143	1
3144	1
3145	1
3146	0
3147	1
3148	0
3149	0
3150	0
3151	1
3152	0
3153	0
3154	0
3155	1
3156	0
3157	0
3158	1
3159	1
3160	0
3161	0
3162	1
3163	0
3164	0
3165	0
3166	0
3167	0
3168	0
3169	1
3170	0
3171	1
3172	0
3173	1
3174	1
3175	0
3176	1
3177	1
3178	1
3179	0
3180	0
3181	0
3182	1
3183	0
3184	1
3185	0
3186	0
3187	0
3188	1
3189	0
3190	0
3191	0
3192	1
3193	0
3194	0
3195	0
3196	1
3197	1
3198	0
3199	0
3200	1
3201	0
3202	1
3203	1
3204	0
3205	0
3206	0
3207	0
3208	1
3209	0
3210	1
3211	0
3212	0
3213	0
3214	0
3215	1
3216	0
3217	0
3218	0
3219	1
3220	0
3221	0
3222	0
3223	0
3224	0
3225	0
3226	0
3227	0
3228	0
3229	0
3230	1
3231	0
3232	1
3233	0
3234	1
3235	0
3236	0
3237	1
3238	0
3239	0
3240	0
3241	0
3242	1
3243	1
3244	1
3245	0
3246	0
3247	0
3248	0
3249	0
3250	0
3251	0
3252	1
3253	1
3254	0
3255	0
3256	0
3257	0
3258	1
3259	1
3260	0
3261	0
3262	0
3263	0
3264	0
3265	1
3266	1
3267	0
3268	1
3269	1
3270	0
3271	1
3272	0
3273	0
3274	1
3275	0
3276	1
3277	0
3278	0
3279	0
3280	0
3281	1
3282	0
3283	1
3284	1
3285	0
3286	1
3287	0
3288	0
3289	0
3290	0
3291	0
3292	0
3293	0
3294	0
3295	0
3296	1
3297	0
3298	0
3299	0
3300	0
3301	0
3302	0
3303	1
3304	0
3305	0
3306	0
3307	0
3308	1
3309	0
3310	1
3311	0
3312	1
3313	0
3314	0
3315	1
3316	0
3317	0
3318	1
3319	0
3320	0
3321	0
3322	1
3323	0
3324	0
3325	0
3326	1
3327	0
3328	0
3329	0
3330	0
3331	0
3332	0
3333	0
3334	0
3335	0
3336	0
3337	1
3338	0
3339	0
3340	0
3341	0
3342	1
3343	0
3344	1
3345	0
3346	1
3347	1
3348	1
3349	1
3350	0
3351	1
3352	0
3353	0
3354	0
3355	0
3356	0
3357	0
3358	0
3359	0
3360	0
3361	0
3362	0
3363	1
3364	0
3365	0
3366	1
3367	0
3368	0
3369	0
3370	0
3371	0
3372	1
3373	1
3374	0
3375	1
3376	0
3377	0
3378	1
3379	0
3380	0
3381	0
3382	1
3383	0
3384	1
3385	1
3386	0
3387	1
3388	1
3389	1
3390	0
3391	1
3392	0
3393	0
3394	0
3395	0
3396	0
3397	0
3398	1
3399	0
3400	1
3401	0
3402	0
3403	1
3404	0
3405	1
3406	0
3407	0
3408	0
3409	1
3410	0
3411	1
3412	0
3413	1
3414	1
3415	1
3416	0
3417	0
3418	0
3419	1
3420	0
3421	0
3422	0
3423	1
3424	0
3425	0
3426	0
3427	0
3428	0
3429	0
3430	0
3431	0
3432	0
3433	1
3434	0
3435	0
3436	1
3437	0
3438	0
3439	1
3440	0
3441	0
3442	0
3443	0
3444	0
3445	0
3446	0
3447	0
3448	0
3449	0
3450	0
3451	0
3452	0
3453	0
3454	0
3455	1
3456	1
3457	1
3458	1
3459	0
3460	1
3461	0
3462	0
3463	0
3464	1
3465	0
3466	0
3467	0
3468	0
3469	0
3470	1
3471	1
3472	0
3473	0
3474	1
3475	0
3476	1
3477	1
3478	1
3479	0
3480	0
3481	0
3482	0
3483	0
3484	1
3485	1
3486	0
3487	1
3488	1
3489	0
3490	0
3491	1
3492	1
3493	0
3494	0
3495	0
3496	0
3497	0
3498	0
3499	0
3500	0
3501	1
3502	1
3503	1
3504	0
3505	1
3506	1
3507	1
3508	0
3509	0
3510	1
3511	1
3512	1
3513	0
3514	1
3515	0
3516	0
3517	0
3518	1
3519	0
3520	0
3521	1
3522	1
3523	1
3524	1
3525	0
3526	0
3527	1
3528	0
3529	0
3530	0
3531	1
3532	0
3533	1
3534	0
3535	1
3536	0
3537	1
3538	0
3539	1
3540	0
3541	1
3542	0
3543	0
3544	0
3545	0
3546	0
3547	1
3548	0
3549	0
3550	0
3551	0
3552	1
3553	1
3554	1
3555	0
3556	0
3557	1
3558	0
3559	0
3560	0
3561	1
3562	0
3563	1
3564	1
3565	1
3566	0
3567	0
3568	1
3569	1
3570	0
3571	0
3572	0
3573	0
3574	0
3575	0
3576	0
3577	0
3578	0
3579	1
3580	1
3581	1
3582	1
3583	1
3584	1
3585	0
3586	1
3587	0
3588	0
3589	1
3590	0
3591	0
3592	0
3593	0
3594	0
3595	0
3596	0
3597	0
3598	1
3599	0
3600	1
3601	0
3602	0
3603	0
3604	1
3605	1
3606	0
3607	0
3608	0
3609	1
3610	1
3611	1
3612	0
3613	0
3614	1
3615	1
3616	0
3617	0
3618	0
3619	0
3620	0
3621	0
3622	0
3623	0
3624	0
3625	0
3626	0
3627	1
3628	0
3629	0
3630	0
3631	0
3632	0
3633	0
3634	0
3635	0
3636	1
3637	1
3638	0
3639	0
3640	1
3641	0
3642	0
3643	1
3644	0
3645	1
3646	1
3647	1
3648	1
3649	1
3650	1
3651	1
3652	1
3653	1
3654	0
3655	0
3656	0
3657	0
3658	1
3659	0
3660	0
3661	0
3662	1
3663	1
3664	0
3665	0
3666	1
3667	0
3668	1
3669	0
3670	0
3671	0
3672	1
3673	0
3674	1
3675	0
3676	0
3677	0
3678	0
3679	1
3680	0
3681	1
3682	0
3683	0
3684	1
3685	0
3686	0
3687	1
3688	0
3689	0
3690	0
3691	0
3692	1
3693	0
3694	0
3695	1
3696	0
3697	0
3698	0
3699	0
3700	0
3701	0
3702	0
3703	0
3704	0
3705	0
3706	0
3707	0
3708	0
3709	0
3710	1
3711	0
3712	0
3713	1
3714	0
3715	0
3716	0
3717	0
3718	0
3719	0
3720	0
3721	0
3722	0
3723	0
3724	0
3725	0
3726	0
3727	0
3728	0
3729	0
3730	1
3731	0
3732	0
3733	1
3734	0
3735	0
3736	0
3737	0
3738	0
3739	0
3740	0
3741	0
3742	1
3743	1
3744	0
3745	0
3746	0
3747	0
3748	1
3749	0
3750	0
3751	0
3752	0
3753	1
3754	1
3755	0
3756	1
3757	0
3758	0
3759	1
3760	0
3761	0
3762	0
3763	0
3764	0
3765	0
3766	0
3767	0
3768	0
3769	0
3770	0
3771	1
3772	0
3773	0
3774	1
3775	1
3776	0
3777	1
3778	0
3779	1
3780	0
3781	1
3782	1
3783	0
3784	0
3785	1
3786	0
3787	0
3788	0
3789	0
3790	1
3791	0
3792	0
3793	0
3794	0
3795	0
3796	0
3797	0
3798	1
3799	1
3800	0
3801	0
3802	0
3803	0
3804	1
3805	1
3806	0
3807	0
3808	1
3809	1
3810	1
3811	1
3812	0
3813	1
3814	1
3815	0
3816	0
3817	0
3818	1
3819	0
3820	0
3821	1
3822	0
3823	0
3824	0
3825	1
3826	1
3827	1
3828	0
3829	1
3830	0
3831	0
3832	0
3833	0
3834	0
3835	0
3836	0
3837	1
3838	0
3839	1
3840	0
3841	0
3842	0
3843	0
3844	0
3845	0
3846	0
3847	0
3848	0
3849	1
3850	0
3851	1
3852	0
3853	0
3854	1
3855	0
3856	0
3857	0
3858	0
3859	0
3860	0
3861	0
3862	0
3863	0
3864	0
3865	0
3866	0
3867	0
3868	0
3869	0
3870	0
3871	0
3872	1
3873	1
3874	0
3875	0
3876	0
3877	0
3878	1
3879	1
3880	1
3881	0
3882	0
3883	0
3884	0
3885	1
3886	0
3887	0
3888	1
3889	0
3890	0
3891	0
3892	1
3893	0
3894	0
3895	0
3896	0
3897	0
3898	1
3899	1
3900	1
3901	0
3902	1
3903	0
3904	0
3905	0
3906	0
3907	0
3908	0
3909	1
3910	0
3911	0
3912	0
3913	1
3914	1
3915	0
3916	0
3917	0
3918	0
3919	1
3920	1
3921	0
3922	0
3923	0
3924	0
3925	1
3926	0
3927	0
3928	0
3929	1
3930	1
3931	1
3932	1
3933	1
3934	0
3935	1
3936	0
3937	1
3938	0
3939	1
3940	1
3941	1
3942	1
3943	0
3944	1
3945	1
3946	0
3947	0
3948	1
3949	0
3950	0
3951	0
3952	0
3953	1
3954	0
3955	0
3956	0
3957	1
3958	1
3959	1
3960	0
3961	0
3962	1
3963	0
3964	1
3965	0
3966	0
3967	1
3968	0
3969	0
3970	0
3971	0
3972	0
3973	0
3974	1
3975	1
3976	0
3977	0
3978	0
3979	1
3980	0
3981	0
3982	0
3983	0
3984	1
3985	1
3986	0
3987	0
3988	0
3989	0
3990	0
3991	0
3992	0
3993	0
3994	1
3995	1
3996	0
3997	0
3998	0
3999	1
4000	0
4001	0
4002	0
4003	1
4004	1
4005	0
4006	0
4007	1
4008	0
4009	0
4010	0
4011	0
4012	1
4013	1
4014	0
4015	0
4016	1
4017	0
4018	0
4019	0
4020	0
4021	0
4022	0
4023	1
4024	0
4025	0
4026	0
4027	0
4028	0
4029	0
4030	0
4031	1
4032	1
4033	0
4034	0
4035	1
4036	0
4037	0
4038	0
4039	0
4040	0
4041	1
4042	0
4043	0
4044	1
4045	1
4046	0
4047	0
4048	0
4049	0
4050	1
4051	0
4052	1
4053	0
4054	1
4055	0
4056	0
4057	1
4058	0
4059	1
4060	1
4061	1
4062	0
4063	0
4064	1
4065	0
4066	0
4067	0
4068	0
4069	1
4070	1
4071	1
4072	0
4073	0
4074	0
4075	0
4076	0
4077	0
4078	0
4079	0
4080	0
4081	0
4082	1
4083	0
4084	0
4085	0
4086	0
4087	0
4088	0
4089	1
4090	0
4091	0
4092	0
4093	1
4094	1
4095	1
4096	0
4097	1
4098	0
4099	1
4100	0
4101	0
4102	0
4103	1
4104	0
4105	0
4106	0
4107	0
4108	0
4109	0
4110	0
4111	0
4112	1
4113	0
4114	1
4115	0
4116	0
4117	0
4118	0
4119	0
4120	1
4121	0
4122	1
4123	0
4124	0
4125	0
4126	1
4127	0
4128	0
4129	0
4130	0
4131	1
4132	1
4133	1
4134	1
4135	0
4136	0
4137	0
4138	1
4139	0
4140	0
4141	0
4142	0
4143	0
4144	0
4145	0
4146	0
4147	0
4148	0
4149	0
4150	0
4151	0
4152	1
4153	0
4154	0
4155	0
4156	1
4157	1
4158	0
4159	0
4160	0
4161	0
4162	0
4163	1
4164	0
4165	1
4166	0
4167	0
4168	0
4169	1
4170	0
4171	0
4172	1
4173	0
4174	1
4175	0
4176	0
4177	0
4178	0
4179	0
4180	0
4181	0
4182	1
4183	1
4184	0
4185	1
4186	0
4187	0
4188	0
4189	0
4190	1
4191	0
4192	0
4193	1
4194	0
4195	1
4196	1
4197	0
4198	1
4199	1
4200	0
4201	0
4202	0
4203	0
4204	0
4205	0
4206	1
4207	0
4208	0
4209	0
4210	0
4211	1
4212	0
4213	1
4214	1
4215	0
4216	0
4217	1
4218	0
4219	0
4220	0
4221	0
4222	0
4223	0
4224	0
4225	0
4226	0
4227	0
4228	1
4229	1
4230	0
4231	0
4232	1
4233	0
4234	0
4235	0
4236	0
4237	0
4238	0
4239	1
4240	0
4241	0
4242	0
4243	0
4244	1
4245	0
4246	0
4247	0
4248	1
4249	1
4250	0
4251	0
4252	1
4253	0
4254	0
4255	1
4256	1
4257	0
4258	0
4259	1
4260	0
4261	1
4262	0
4263	0
4264	0
4265	0
4266	0
4267	0
4268	0
4269	0
4270	1
4271	0
4272	0
4273	1
4274	1
4275	1
4276	0
4277	0
4278	0
4279	0
4280	0
4281	0
4282	1
4283	0
4284	0
4285	0
4286	0
4287	1
4288	1
4289	1
4290	1
4291	0
4292	0
4293	1
4294	0
4295	1
4296	0
4297	1
4298	0
4299	0
4300	1
4301	0
4302	0
4303	1
4304	0
4305	0
4306	1
4307	1
4308	0
4309	1
4310	1
4311	0
4312	1
4313	0
4314	1
4315	0
4316	0
4317	0
4318	1
4319	0
4320	0
4321	0
4322	0
4323	0
4324	1
4325	0
4326	0
4327	1
4328	0
4329	1
4330	0
4331	0
4332	1
4333	0
4334	1
4335	0
4336	0
4337	1
4338	0
4339	0
4340	0
4341	1
4342	1
4343	1
4344	0
4345	0
4346	1
4347	1
4348	0
4349	0
4350	0
4351	0
4352	0
4353	1
4354	0
4355	0
4356	0
4357	0
4358	0
4359	0
4360	0
4361	0
4362	0
4363	0
4364	0
4365	0
4366	0
4367	0
4368	1
4369	1
4370	0
4371	1
4372	0
4373	1
4374	0
4375	0
4376	1
4377	1
4378	1
4379	0
4380	0
4381	0
4382	0
4383	0
4384	0
4385	1
4386	1
4387	1
4388	1
4389	0
4390	0
4391	0
4392	0
4393	1
4394	0
4395	0
4396	0
4397	0
4398	0
4399	1
4400	0
4401	1
4402	1
4403	0
4404	1
4405	0
4406	0
4407	1
4408	1
4409	1
4410	1
4411	1
4412	0
4413	0
4414	0
4415	0
4416	0
4417	0
4418	0
4419	0
4420	0
4421	0
4422	1
4423	1
4424	1
4425	1
4426	0
4427	1
4428	0
4429	0
4430	1
4431	0
4432	0
4433	1
4434	1
4435	1
4436	0
4437	0
4438	1
4439	0
4440	0
4441	1
4442	1
4443	0
4444	0
4445	1
4446	0
4447	0
4448	0
4449	0
4450	0
4451	1
4452	0
4453	0
4454	1
4455	0
4456	0
4457	0
4458	0
4459	0
4460	1
4461	1
4462	0
4463	0
4464	0
4465	0
4466	0
4467	1
4468	0
4469	0
4470	0
4471	0
4472	0
4473	0
4474	0
4475	0
4476	0
4477	0
4478	1
4479	0
4480	1
4481	1
4482	1
4483	0
4484	0
4485	1
4486	0
4487	1
4488	0
4489	1
4490	0
4491	0
4492	1
4493	0
4494	1
4495	0
4496	0
4497	0
4498	1
4499	0
4500	1
4501	0
4502	0
4503	0
4504	1
4505	0
4506	0
4507	0
4508	0
4509	0
4510	0
4511	1
4512	1
4513	1
4514	0
4515	1
4516	1
4517	1
4518	1
4519	0
4520	0
4521	0
4522	0
4523	1
4524	1
4525	0
4526	0
4527	1
4528	1
4529	0
4530	1
4531	1
4532	0
4533	0
4534	0
4535	0
4536	0
4537	0
4538	0
4539	1
4540	0
4541	1
4542	0
4543	0
4544	0
4545	1
4546	0
4547	0
4548	0
4549	0
4550	0
4551	0
4552	1
4553	0
4554	1
4555	1
4556	1
4557	0
4558	0
4559	1
4560	0
4561	0
4562	1
4563	0
4564	0
4565	0
4566	0
4567	0
4568	0
4569	1
4570	0
4571	0
4572	0
4573	1
4574	0
4575	1
4576	0
4577	0
4578	0
4579	0
4580	0
4581	0
4582	1
4583	0
4584	0
4585	1
4586	1
4587	0
4588	1
4589	1
4590	1
4591	1
4592	1
4593	0
4594	1
4595	0
4596	1
4597	0
4598	1
4599	0
4600	0
4601	0
4602	0
4603	0
4604	1
4605	0
4606	1
4607	1
4608	1
4609	1
4610	0
4611	0
4612	0
4613	1
4614	0
4615	0
4616	0
4617	0
4618	0
4619	0
4620	1
4621	0
4622	0
4623	0
4624	0
4625	0
4626	0
4627	0
4628	0
4629	0
4630	0
4631	0
4632	0
4633	1
4634	0
4635	0
4636	1
4637	1
4638	0
4639	0
4640	0
4641	1
4642	0
4643	0
4644	0
4645	1
4646	0
4647	0
4648	0
4649	0
4650	0
4651	0
4652	0
4653	0
4654	0
4655	0
4656	0
4657	1
4658	1
4659	0
4660	0
4661	0
4662	0
4663	0
4664	0
4665	0
4666	0
4667	0
4668	0
4669	0
4670	0
4671	0
4672	1
4673	0
4674	0
4675	0
4676	0
4677	0
4678	0
4679	0
4680	0
4681	0
4682	1
4683	0
4684	0
4685	0
4686	1
4687	1
4688	0
4689	1
4690	0
4691	0
4692	0
4693	0
4694	0
4695	1
4696	1
4697	0
4698	1
4699	0
4700	0
4701	0
4702	0
4703	1
4704	1
4705	1
4706	0
4707	1
4708	1
4709	0
4710	0
4711	0
4712	0
4713	0
4714	0
4715	0
4716	1
4717	0
4718	0
4719	0
4720	1
4721	0
4722	0
4723	0
4724	0
4725	0
4726	0
4727	0
4728	0
4729	1
4730	1
4731	0
4732	0
4733	0
4734	1
4735	0
4736	0
4737	0
4738	1
4739	0
4740	0
4741	0
4742	1
4743	0
4744	0
4745	0
4746	0
4747	0
4748	0
4749	0
4750	0
4751	1
4752	1
4753	0
4754	1
4755	0
4756	1
4757	0
4758	0
4759	0
4760	1
4761	0
4762	1
4763	1
4764	1
4765	1
4766	0
4767	0
4768	1
4769	1
4770	0
4771	0
4772	0
4773	0
4774	0
4775	0
4776	0
4777	0
4778	1
4779	1
4780	0
4781	0
4782	1
4783	0
4784	0
4785	1
4786	0
4787	0
4788	0
4789	0
4790	1
4791	1
4792	0
4793	0
4794	0
4795	1
4796	0
4797	0
4798	0
4799	0
4800	0
4801	0
4802	1
4803	1
4804	1
4805	0
4806	0
4807	0
4808	1
4809	0
4810	0
4811	1
4812	1
4813	0
4814	0
4815	0
4816	1
4817	0
4818	1
4819	0
4820	0
4821	0
4822	0
4823	1
4824	1
4825	0
4826	1
4827	1
4828	1
4829	1
4830	0
4831	0
4832	0
4833	0
4834	1
4835	1
4836	1
4837	0
4838	0
4839	0
4840	0
4841	0
4842	0
4843	0
4844	0
4845	0
4846	0
4847	0
4848	0
4849	1
4850	1
4851	0
4852	0
4853	0
4854	1
4855	0
4856	1
4857	0
4858	0
4859	0
4860	1
4861	1
4862	1
4863	1
4864	0
4865	0
4866	1
4867	1
4868	1
4869	0
4870	1
4871	0
4872	0
4873	0
4874	0
4875	1
4876	0
4877	0
4878	0
4879	0
4880	0
4881	0
4882	0
4883	0
4884	1
4885	0
4886	1
4887	1
4888	1
4889	0
4890	1
4891	0
4892	0
4893	0
4894	0
4895	1
4896	0
4897	0
4898	0
4899	0
4900	0
4901	0
4902	1
4903	0
4904	0
4905	1
4906	0
4907	0
4908	0
4909	1
4910	0
4911	0
4912	0
4913	1
4914	0
4915	0
4916	0
4917	1
4918	0
4919	0
4920	0
4921	0
4922	0
4923	1
4924	1
4925	0
4926	0
4927	0
4928	0
4929	0
4930	0
4931	0
4932	1
4933	0
4934	0
4935	1
4936	0
4937	0
4938	0
4939	1
4940	0
4941	1
4942	0
4943	0
4944	0
4945	0
4946	0
4947	1
4948	0
4949	0
4950	1
4951	0
4952	0
4953	0
4954	0
4955	0
4956	0
4957	0
4958	0
4959	0
4960	0
4961	1
4962	1
4963	0
4964	0
4965	0
4966	0
4967	0
4968	0
4969	0
4970	0
4971	0
4972	1
4973	0
4974	0
4975	0
4976	1
4977	0
4978	0
4979	0
4980	0
4981	0
4982	1
4983	1
4984	1
4985	1
4986	0
4987	0
4988	0
4989	1
4990	0
4991	0
4992	0
4993	0
4994	1
4995	0
4996	0
4997	1
4998	0
4999	0
