0	0 1 0
1	1 0 0
2	0 0 1
3	0 1 0
4	1 0 0
5	1 0 0
6	1 0 0
7	0 0 1
8	0 0 1
9	0 1 0
10	0 0 1
11	1 0 0
12	1 0 0
13	0 1 0
14	1 0 0
15	1 0 0
16	0 1 0
17	0 0 1
18	1 0 0
19	0 1 0
20	0 1 0
21	0 1 0
22	0 0 1
23	0 1 0
24	0 0 1
25	1 0 0
26	1 0 0
27	0 0 1
28	1 0 0
29	0 1 0
30	0 1 0
31	0 1 0
32	0 1 0
33	1 0 0
34	0 1 0
35	0 1 0
36	0 0 1
37	0 1 0
38	0 1 0
39	0 0 1
40	0 0 1
41	1 0 0
42	0 0 1
43	0 0 1
44	0 0 1
45	0 1 0
46	0 0 1
47	0 1 0
48	0 1 0
49	1 0 0
50	1 0 0
51	0 0 1
52	1 0 0
53	0 1 0
54	0 0 1
55	1 0 0
56	1 0 0
57	0 0 1
58	1 0 0
59	1 0 0
60	0 1 0
61	0 1 0
62	0 1 0
63	0 0 1
64	0 1 0
65	1 0 0
66	1 0 0
67	0 1 0
68	0 1 0
69	0 0 1
70	1 0 0
71	0 1 0
72	1 0 0
73	1 0 0
74	0 1 0
75	1 0 0
76	0 1 0
77	0 1 0
78	0 1 0
79	0 0 1
80	0 1 0
81	1 0 0
82	1 0 0
83	0 0 1
84	1 0 0
85	0 0 1
86	0 0 1
87	0 0 1
88	0 0 1
89	1 0 0
90	0 1 0
91	1 0 0
92	1 0 0
93	1 0 0
94	0 0 1
95	1 0 0
96	0 1 0
97	0 1 0
98	0 0 1
99	1 0 0
100	0 1 0
101	1 0 0
102	0 1 0
103	0 0 1
104	0 0 1
105	0 0 1
106	1 0 0
107	0 1 0
108	1 0 0
109	0 0 1
110	0 1 0
111	1 0 0
112	0 1 0
113	0 0 1
114	0 0 1
115	0 1 0
116	1 0 0
117	1 0 0
118	1 0 0
119	1 0 0
120	0 0 1
121	0 0 1
122	1 0 0
123	1 0 0
124	0 1 0
125	0 1 0
126	0 1 0
127	0 0 1
128	0 1 0
129	1 0 0
130	0 1 0
131	1 0 0
132	0 0 1
133	1 0 0
134	0 1 0
135	0 1 0
136	0 1 0
137	0 0 1
138	0 1 0
139	0 1 0
140	0 0 1
141	1 0 0
142	1 0 0
143	1 0 0
144	0 0 1
145	0 0 1
146	1 0 0
147	0 0 1
148	0 1 0
149	1 0 0
150	1 0 0
151	0 1 0
152	0 0 1
153	0 0 1
154	1 0 0
155	0 1 0
156	0 0 1
157	0 0 1
158	0 1 0
159	1 0 0
160	0 1 0
161	0 1 0
162	0 0 1
163	0 0 1
164	0 1 0
165	0 1 0
166	1 0 0
167	0 1 0
168	1 0 0
169	1 0 0
170	1 0 0
171	0 0 1
172	1 0 0
173	0 0 1
174	0 1 0
175	1 0 0
176	0 1 0
177	0 0 1
178	1 0 0
179	1 0 0
180	0 1 0
181	0 1 0
182	1 0 0
183	0 1 0
184	0 1 0
185	1 0 0
186	0 1 0
187	0 0 1
188	0 0 1
189	0 0 1
190	0 1 0
191	0 0 1
192	0 1 0
193	0 0 1
194	0 1 0
195	0 0 1
196	1 0 0
197	0 1 0
198	1 0 0
199	0 1 0
200	0 1 0
201	1 0 0
202	0 0 1
203	1 0 0
204	0 1 0
205	0 0 1
206	1 0 0
207	0 0 1
208	1 0 0
209	0 1 0
210	0 0 1
211	1 0 0
212	0 1 0
213	1 0 0
214	1 0 0
215	1 0 0
216	0 0 1
217	0 0 1
218	1 0 0
219	0 1 0
220	0 0 1
221	0 0 1
222	1 0 0
223	0 0 1
224	1 0 0
225	0 1 0
226	0 1 0
227	0 1 0
228	0 1 0
229	1 0 0
230	1 0 0
231	0 0 1
232	0 0 1
233	1 0 0
234	1 0 0
235	1 0 0
236	0 1 0
237	1 0 0
238	0 0 1
239	1 0 0
240	1 0 0
241	0 1 0
242	0 0 1
243	1 0 0
244	1 0 0
245	0 1 0
246	0 0 1
247	1 0 0
248	1 0 0
249	0 1 0
250	1 0 0
251	1 0 0
252	0 1 0
253	1 0 0
254	1 0 0
255	1 0 0
256	0 1 0
257	0 1 0
258	0 0 1
259	0 1 0
260	1 0 0
261	0 1 0
262	0 0 1
263	0 1 0
264	0 0 1
265	0 0 1
266	0 0 1
267	0 1 0
268	1 0 0
269	1 0 0
270	1 0 0
271	0 1 0
272	1 0 0
273	0 0 1
274	1 0 0
275	1 0 0
276	0 0 1
277	0 1 0
278	0 0 1
279	1 0 0
280	1 0 0
281	0 1 0
282	0 1 0
283	0 1 0
284	0 0 1
285	0 0 1
286	0 0 1
287	0 1 0
288	0 1 0
289	0 1 0
290	1 0 0
291	0 0 1
292	1 0 0
293	1 0 0
294	0 0 1
295	1 0 0
296	0 1 0
297	0 0 1
298	0 1 0
299	0 0 1
300	0 1 0
301	0 1 0
302	0 0 1
303	0 1 0
304	0 0 1
305	0 1 0
306	1 0 0
307	0 1 0
308	0 1 0
309	1 0 0
310	1 0 0
311	1 0 0
312	0 1 0
313	0 1 0
314	0 1 0
315	1 0 0
316	0 0 1
317	0 1 0
318	0 0 1
319	0 0 1
320	1 0 0
321	1 0 0
322	0 0 1
323	0 0 1
324	0 1 0
325	1 0 0
326	0 0 1
327	1 0 0
328	0 1 0
329	0 1 0
330	0 1 0
331	0 1 0
332	1 0 0
333	1 0 0
334	1 0 0
335	0 1 0
336	0 1 0
337	0 1 0
338	1 0 0
339	0 0 1
340	0 1 0
341	0 0 1
342	1 0 0
343	1 0 0
344	1 0 0
345	1 0 0
346	1 0 0
347	1 0 0
348	0 0 1
349	0 1 0
350	1 0 0
351	0 0 1
352	0 1 0
353	0 1 0
354	0 0 1
355	0 1 0
356	0 1 0
357	0 0 1
358	0 0 1
359	1 0 0
360	0 1 0
361	1 0 0
362	0 1 0
363	1 0 0
364	0 1 0
365	1 0 0
366	0 1 0
367	1 0 0
368	1 0 0
369	1 0 0
370	1 0 0
371	0 1 0
372	0 0 1
373	0 1 0
374	0 0 1
375	0 1 0
376	0 1 0
377	1 0 0
378	0 1 0
379	1 0 0
380	1 0 0
381	1 0 0
382	1 0 0
383	0 1 0
384	0 0 1
385	0 0 1
386	0 1 0
387	0 1 0
388	1 0 0
389	0 1 0
390	1 0 0
391	1 0 0
392	0 1 0
393	0 0 1
394	1 0 0
395	1 0 0
396	1 0 0
397	0 0 1
398	0 0 1
399	0 0 1
400	0 1 0
401	0 0 1
402	1 0 0
403	1 0 0
404	0 0 1
405	0 0 1
406	0 0 1
407	1 0 0
408	1 0 0
409	0 0 1
410	1 0 0
411	0 0 1
412	1 0 0
413	0 1 0
414	1 0 0
415	0 1 0
416	1 0 0
417	1 0 0
418	1 0 0
419	0 1 0
420	0 0 1
421	0 1 0
422	0 0 1
423	0 0 1
424	1 0 0
425	1 0 0
426	0 0 1
427	0 1 0
428	0 0 1
429	1 0 0
430	0 0 1
431	1 0 0
432	0 1 0
433	0 1 0
434	0 1 0
435	0 1 0
436	1 0 0
437	0 1 0
438	0 0 1
439	1 0 0
440	0 1 0
441	0 0 1
442	0 0 1
443	1 0 0
444	0 0 1
445	0 0 1
446	1 0 0
447	0 1 0
448	0 0 1
449	1 0 0
450	0 0 1
451	1 0 0
452	0 1 0
453	0 0 1
454	1 0 0
455	0 1 0
456	0 0 1
457	0 0 1
458	0 0 1
459	0 1 0
460	1 0 0
461	1 0 0
462	1 0 0
463	0 1 0
464	0 0 1
465	0 0 1
466	0 1 0
467	0 0 1
468	1 0 0
469	1 0 0
470	0 1 0
471	0 1 0
472	1 0 0
473	0 1 0
474	0 1 0
475	1 0 0
476	1 0 0
477	1 0 0
478	0 1 0
479	0 0 1
480	1 0 0
481	0 1 0
482	0 1 0
483	1 0 0
484	1 0 0
485	1 0 0
486	0 0 1
487	1 0 0
488	1 0 0
489	0 0 1
490	1 0 0
491	0 0 1
492	0 0 1
493	1 0 0
494	0 0 1
495	1 0 0
496	1 0 0
497	0 0 1
498	1 0 0
499	0 1 0
500	0 1 0
501	0 1 0
502	0 1 0
503	1 0 0
504	1 0 0
505	0 1 0
506	1 0 0
507	1 0 0
508	0 0 1
509	0 0 1
510	0 0 1
511	1 0 0
512	1 0 0
513	1 0 0
514	0 1 0
515	1 0 0
516	0 1 0
517	0 0 1
518	1 0 0
519	0 0 1
520	1 0 0
521	0 1 0
522	0 1 0
523	0 1 0
524	0 1 0
525	1 0 0
526	1 0 0
527	1 0 0
528	1 0 0
529	1 0 0
530	1 0 0
531	1 0 0
532	0 0 1
533	1 0 0
534	0 1 0
535	0 1 0
536	1 0 0
537	0 0 1
538	1 0 0
539	1 0 0
540	0 0 1
541	0 1 0
542	0 1 0
543	0 0 1
544	0 1 0
545	1 0 0
546	0 1 0
547	0 0 1
548	0 1 0
549	1 0 0
550	0 1 0
551	1 0 0
552	0 0 1
553	0 1 0
554	0 0 1
555	1 0 0
556	0 1 0
557	0 1 0
558	0 1 0
559	0 1 0
560	1 0 0
561	0 0 1
562	1 0 0
563	0 1 0
564	1 0 0
565	0 1 0
566	1 0 0
567	0 1 0
568	0 0 1
569	0 1 0
570	0 0 1
571	0 1 0
572	0 1 0
573	0 1 0
574	0 0 1
575	1 0 0
576	0 1 0
577	0 1 0
578	0 1 0
579	0 1 0
580	0 1 0
581	0 1 0
582	0 0 1
583	0 1 0
584	0 1 0
585	1 0 0
586	0 0 1
587	0 0 1
588	0 1 0
589	0 1 0
590	0 1 0
591	0 1 0
592	0 1 0
593	0 1 0
594	0 0 1
595	1 0 0
596	1 0 0
597	1 0 0
598	0 0 1
599	0 1 0
600	0 1 0
601	0 1 0
602	0 0 1
603	1 0 0
604	1 0 0
605	0 1 0
606	0 1 0
607	1 0 0
608	0 1 0
609	0 0 1
610	0 1 0
611	0 1 0
612	0 0 1
613	1 0 0
614	1 0 0
615	0 0 1
616	0 0 1
617	0 0 1
618	0 1 0
619	0 1 0
620	0 1 0
621	0 0 1
622	0 1 0
623	0 0 1
624	0 0 1
625	0 0 1
626	1 0 0
627	1 0 0
628	0 0 1
629	0 0 1
630	0 0 1
631	1 0 0
632	1 0 0
633	1 0 0
634	0 1 0
635	1 0 0
636	1 0 0
637	1 0 0
638	1 0 0
639	0 1 0
640	0 0 1
641	0 0 1
642	0 0 1
643	0 1 0
644	1 0 0
645	0 0 1
646	1 0 0
647	1 0 0
648	0 1 0
649	1 0 0
650	0 1 0
651	0 0 1
652	1 0 0
653	1 0 0
654	0 1 0
655	0 0 1
656	0 1 0
657	1 0 0
658	0 1 0
659	1 0 0
660	1 0 0
661	0 0 1
662	1 0 0
663	0 0 1
664	0 1 0
665	0 1 0
666	1 0 0
667	1 0 0
668	1 0 0
669	0 1 0
670	0 1 0
671	0 1 0
672	0 0 1
673	0 0 1
674	0 1 0
675	0 1 0
676	0 1 0
677	0 1 0
678	0 0 1
679	1 0 0
680	0 0 1
681	0 0 1
682	1 0 0
683	0 1 0
684	0 0 1
685	0 0 1
686	0 0 1
687	0 1 0
688	0 0 1
689	1 0 0
690	1 0 0
691	0 1 0
692	0 1 0
693	0 1 0
694	0 1 0
695	0 0 1
696	1 0 0
697	1 0 0
698	1 0 0
699	1 0 0
700	0 1 0
701	0 0 1
702	0 0 1
703	1 0 0
704	1 0 0
705	0 1 0
706	1 0 0
707	1 0 0
708	0 1 0
709	1 0 0
710	0 0 1
711	0 1 0
712	0 1 0
713	0 1 0
714	1 0 0
715	1 0 0
716	0 1 0
717	0 0 1
718	0 1 0
719	0 1 0
720	0 1 0
721	0 0 1
722	0 1 0
723	1 0 0
724	0 0 1
725	1 0 0
726	0 0 1
727	1 0 0
728	1 0 0
729	0 1 0
730	1 0 0
731	0 1 0
732	0 0 1
733	0 0 1
734	0 0 1
735	0 0 1
736	1 0 0
737	0 0 1
738	0 1 0
739	0 0 1
740	0 1 0
741	1 0 0
742	1 0 0
743	1 0 0
744	0 0 1
745	0 0 1
746	1 0 0
747	0 1 0
748	0 0 1
749	1 0 0
750	1 0 0
751	1 0 0
752	0 1 0
753	1 0 0
754	0 1 0
755	1 0 0
756	0 0 1
757	0 1 0
758	0 0 1
759	0 1 0
760	1 0 0
761	0 0 1
762	1 0 0
763	0 0 1
764	0 0 1
765	0 0 1
766	1 0 0
767	0 1 0
768	0 0 1
769	0 1 0
770	0 0 1
771	1 0 0
772	1 0 0
773	0 0 1
774	0 0 1
775	0 0 1
776	1 0 0
777	0 1 0
778	1 0 0
779	1 0 0
780	1 0 0
781	1 0 0
782	0 0 1
783	0 1 0
784	0 0 1
785	0 1 0
786	0 0 1
787	1 0 0
788	0 1 0
789	1 0 0
790	0 0 1
791	0 1 0
792	1 0 0
793	0 1 0
794	0 1 0
795	0 0 1
796	0 0 1
797	1 0 0
798	0 1 0
799	0 0 1
800	1 0 0
801	1 0 0
802	0 1 0
803	0 1 0
804	0 1 0
805	0 0 1
806	0 0 1
807	1 0 0
808	0 0 1
809	1 0 0
810	1 0 0
811	0 0 1
812	0 1 0
813	0 1 0
814	0 0 1
815	0 0 1
816	0 0 1
817	1 0 0
818	1 0 0
819	1 0 0
820	0 1 0
821	1 0 0
822	0 0 1
823	0 1 0
824	0 1 0
825	1 0 0
826	0 0 1
827	1 0 0
828	0 1 0
829	0 0 1
830	0 0 1
831	1 0 0
832	1 0 0
833	1 0 0
834	0 1 0
835	0 1 0
836	0 1 0
837	0 1 0
838	0 0 1
839	0 1 0
840	0 0 1
841	1 0 0
842	0 1 0
843	0 0 1
844	0 0 1
845	0 0 1
846	1 0 0
847	0 1 0
848	0 0 1
849	0 0 1
850	0 0 1
851	1 0 0
852	0 0 1
853	0 0 1
854	0 1 0
855	1 0 0
856	1 0 0
857	1 0 0
858	0 0 1
859	1 0 0
860	0 1 0
861	0 1 0
862	0 0 1
863	1 0 0
864	0 0 1
865	1 0 0
866	1 0 0
867	0 1 0
868	1 0 0
869	0 1 0
870	0 1 0
871	1 0 0
872	0 0 1
873	0 1 0
874	1 0 0
875	1 0 0
876	0 0 1
877	1 0 0
878	0 0 1
879	0 1 0
880	0 1 0
881	0 1 0
882	0 1 0
883	0 1 0
884	1 0 0
885	1 0 0
886	1 0 0
887	1 0 0
888	0 1 0
889	0 1 0
890	0 0 1
891	1 0 0
892	0 1 0
893	0 0 1
894	0 1 0
895	0 0 1
896	0 1 0
897	1 0 0
898	0 0 1
899	0 1 0
900	1 0 0
901	0 0 1
902	1 0 0
903	0 0 1
904	0 1 0
905	0 0 1
906	1 0 0
907	1 0 0
908	1 0 0
909	1 0 0
910	0 1 0
911	0 0 1
912	0 1 0
913	0 1 0
914	1 0 0
915	0 1 0
916	0 1 0
917	1 0 0
918	0 1 0
919	0 1 0
920	1 0 0
921	1 0 0
922	0 0 1
923	1 0 0
924	1 0 0
925	0 1 0
926	1 0 0
927	0 0 1
928	0 1 0
929	0 1 0
930	1 0 0
931	0 1 0
932	1 0 0
933	1 0 0
934	0 0 1
935	0 1 0
936	0 0 1
937	0 1 0
938	0 1 0
939	0 0 1
940	1 0 0
941	0 1 0
942	0 0 1
943	0 0 1
944	1 0 0
945	0 1 0
946	0 1 0
947	1 0 0
948	0 1 0
949	1 0 0
950	0 0 1
951	0 0 1
952	1 0 0
953	1 0 0
954	0 1 0
955	1 0 0
956	0 0 1
957	0 0 1
958	0 0 1
959	0 1 0
960	0 1 0
961	0 1 0
962	0 0 1
963	1 0 0
964	0 1 0
965	0 0 1
966	0 1 0
967	0 0 1
968	0 1 0
969	0 1 0
970	0 0 1
971	0 0 1
972	1 0 0
973	0 1 0
974	0 0 1
975	0 1 0
976	0 0 1
977	0 1 0
978	0 1 0
979	1 0 0
980	0 1 0
981	0 0 1
982	0 0 1
983	0 1 0
984	1 0 0
985	1 0 0
986	0 0 1
987	0 0 1
988	1 0 0
989	1 0 0
990	0 0 1
991	0 0 1
992	1 0 0
993	0 0 1
994	0 1 0
995	0 1 0
996	0 1 0
997	0 1 0
998	0 0 1
999	1 0 0
1000	0 1 0
1001	1 0 0
1002	0 0 1
1003	0 1 0
1004	0 0 1
1005	1 0 0
1006	1 0 0
1007	0 0 1
1008	0 0 1
1009	0 0 1
1010	0 0 1
1011	0 0 1
1012	1 0 0
1013	1 0 0
1014	1 0 0
1015	0 0 1
1016	1 0 0
1017	0 0 1
1018	0 0 1
1019	0 0 1
1020	0 1 0
1021	0 1 0
1022	0 1 0
1023	0 0 1
1024	0 1 0
1025	0 0 1
1026	0 1 0
1027	0 0 1
1028	0 0 1
1029	0 1 0
1030	1 0 0
1031	0 0 1
1032	0 0 1
1033	0 1 0
1034	1 0 0
1035	0 1 0
1036	0 1 0
1037	0 0 1
1038	1 0 0
1039	0 0 1
1040	0 1 0
1041	1 0 0
1042	0 0 1
1043	0 1 0
1044	0 1 0
1045	0 1 0
1046	0 1 0
1047	0 0 1
1048	1 0 0
1049	0 0 1
1050	0 1 0
1051	0 1 0
1052	0 0 1
1053	1 0 0
1054	0 0 1
1055	0 1 0
1056	0 0 1
1057	0 0 1
1058	0 1 0
1059	0 1 0
1060	0 0 1
1061	0 0 1
1062	0 1 0
1063	0 0 1
1064	1 0 0
1065	0 0 1
1066	0 0 1
1067	0 0 1
1068	0 1 0
1069	0 0 1
1070	1 0 0
1071	0 0 1
1072	0 1 0
1073	0 0 1
1074	0 1 0
1075	0 1 0
1076	0 1 0
1077	0 0 1
1078	0 0 1
1079	1 0 0
1080	0 1 0
1081	0 1 0
1082	1 0 0
1083	0 0 1
1084	0 0 1
1085	1 0 0
1086	0 0 1
1087	0 0 1
1088	1 0 0
1089	0 0 1
1090	0 1 0
1091	0 1 0
1092	0 0 1
1093	0 0 1
1094	1 0 0
1095	1 0 0
1096	0 1 0
1097	0 0 1
1098	0 1 0
1099	1 0 0
1100	1 0 0
1101	1 0 0
1102	0 1 0
1103	0 0 1
1104	0 1 0
1105	1 0 0
1106	0 1 0
1107	1 0 0
1108	0 0 1
1109	1 0 0
1110	0 1 0
1111	0 1 0
1112	0 0 1
1113	0 1 0
1114	1 0 0
1115	1 0 0
1116	0 0 1
1117	0 1 0
1118	1 0 0
1119	0 0 1
1120	0 1 0
1121	0 0 1
1122	0 1 0
1123	0 1 0
1124	1 0 0
1125	0 1 0
1126	1 0 0
1127	1 0 0
1128	0 1 0
1129	1 0 0
1130	0 1 0
1131	0 0 1
1132	0 1 0
1133	0 0 1
1134	1 0 0
1135	0 0 1
1136	0 1 0
1137	0 0 1
1138	1 0 0
1139	1 0 0
1140	0 0 1
1141	0 1 0
1142	0 1 0
1143	0 0 1
1144	1 0 0
1145	0 1 0
1146	0 0 1
1147	1 0 0
1148	1 0 0
1149	0 1 0
1150	0 1 0
1151	0 1 0
1152	0 0 1
1153	0 0 1
1154	0 0 1
1155	0 1 0
1156	1 0 0
1157	0 0 1
1158	1 0 0
1159	1 0 0
1160	0 0 1
1161	0 1 0
1162	1 0 0
1163	0 1 0
1164	0 1 0
1165	1 0 0
1166	1 0 0
1167	0 0 1
1168	0 1 0
1169	0 1 0
1170	1 0 0
1171	0 0 1
1172	0 0 1
1173	0 1 0
1174	0 1 0
1175	0 0 1
1176	1 0 0
1177	0 0 1
1178	0 0 1
1179	0 0 1
1180	0 1 0
1181	0 0 1
1182	0 1 0
1183	1 0 0
1184	0 1 0
1185	0 1 0
1186	0 1 0
1187	0 1 0
1188	0 0 1
1189	0 1 0
1190	1 0 0
1191	1 0 0
1192	1 0 0
1193	0 0 1
1194	1 0 0
1195	0 0 1
1196	0 0 1
1197	1 0 0
1198	1 0 0
1199	1 0 0
1200	1 0 0
1201	0 1 0
1202	0 1 0
1203	0 0 1
1204	1 0 0
1205	1 0 0
1206	0 1 0
1207	0 1 0
1208	0 1 0
1209	0 0 1
1210	0 1 0
1211	0 1 0
1212	1 0 0
1213	0 0 1
1214	1 0 0
1215	0 0 1
1216	0 1 0
1217	0 1 0
1218	1 0 0
1219	0 0 1
1220	0 1 0
1221	1 0 0
1222	0 1 0
1223	0 1 0
1224	0 1 0
1225	1 0 0
1226	1 0 0
1227	1 0 0
1228	1 0 0
1229	0 0 1
1230	1 0 0
1231	0 1 0
1232	0 0 1
1233	0 0 1
1234	0 0 1
1235	0 0 1
1236	0 0 1
1237	0 1 0
1238	1 0 0
1239	0 1 0
1240	1 0 0
1241	1 0 0
1242	0 1 0
1243	0 1 0
1244	1 0 0
1245	0 0 1
1246	1 0 0
1247	0 0 1
1248	0 1 0
1249	1 0 0
1250	1 0 0
1251	0 1 0
1252	0 0 1
1253	0 0 1
1254	0 0 1
1255	0 0 1
1256	0 1 0
1257	1 0 0
1258	1 0 0
1259	1 0 0
1260	0 1 0
1261	0 1 0
1262	0 1 0
1263	1 0 0
1264	0 0 1
1265	1 0 0
1266	0 1 0
1267	0 1 0
1268	0 0 1
1269	0 0 1
1270	0 1 0
1271	0 1 0
1272	1 0 0
1273	0 1 0
1274	0 1 0
1275	0 0 1
1276	0 1 0
1277	0 1 0
1278	1 0 0
1279	0 1 0
1280	0 1 0
1281	0 1 0
1282	0 1 0
1283	0 0 1
1284	0 0 1
1285	0 0 1
1286	0 0 1
1287	0 0 1
1288	0 1 0
1289	0 1 0
1290	1 0 0
1291	0 1 0
1292	1 0 0
1293	0 0 1
1294	0 0 1
1295	0 1 0
1296	0 1 0
1297	0 1 0
1298	1 0 0
1299	1 0 0
1300	1 0 0
1301	1 0 0
1302	0 0 1
1303	0 0 1
1304	0 0 1
1305	1 0 0
1306	0 0 1
1307	1 0 0
1308	1 0 0
1309	0 0 1
1310	0 0 1
1311	0 0 1
1312	0 1 0
1313	1 0 0
1314	0 0 1
1315	0 1 0
1316	0 1 0
1317	0 0 1
1318	0 1 0
1319	0 1 0
1320	0 1 0
1321	1 0 0
1322	1 0 0
1323	0 1 0
1324	0 1 0
1325	0 1 0
1326	1 0 0
1327	1 0 0
1328	1 0 0
1329	0 1 0
1330	0 0 1
1331	0 1 0
1332	0 1 0
1333	0 0 1
1334	0 0 1
1335	0 0 1
1336	0 1 0
1337	0 0 1
1338	1 0 0
1339	1 0 0
1340	0 0 1
1341	1 0 0
1342	0 0 1
1343	1 0 0
1344	0 0 1
1345	1 0 0
1346	0 1 0
1347	0 1 0
1348	0 0 1
1349	0 0 1
1350	1 0 0
1351	0 1 0
1352	0 0 1
1353	0 1 0
1354	1 0 0
1355	0 0 1
1356	0 1 0
1357	0 1 0
1358	0 0 1
1359	0 1 0
1360	0 1 0
1361	0 1 0
1362	1 0 0
1363	1 0 0
1364	0 1 0
1365	0 0 1
1366	1 0 0
1367	1 0 0
1368	0 1 0
1369	0 1 0
1370	1 0 0
1371	0 1 0
1372	1 0 0
1373	0 0 1
1374	1 0 0
1375	0 0 1
1376	1 0 0
1377	0 0 1
1378	0 0 1
1379	0 0 1
1380	0 1 0
1381	0 1 0
1382	0 0 1
1383	0 0 1
1384	0 1 0
1385	1 0 0
1386	0 1 0
1387	0 1 0
1388	1 0 0
1389	0 1 0
1390	0 1 0
1391	0 1 0
1392	0 0 1
1393	0 0 1
1394	0 0 1
1395	0 1 0
1396	0 0 1
1397	0 1 0
1398	1 0 0
1399	0 0 1
1400	0 0 1
1401	0 1 0
1402	0 0 1
1403	1 0 0
1404	1 0 0
1405	1 0 0
1406	0 1 0
1407	0 1 0
1408	0 1 0
1409	0 1 0
1410	0 0 1
1411	1 0 0
1412	1 0 0
1413	0 1 0
1414	0 1 0
1415	1 0 0
1416	0 0 1
1417	0 0 1
1418	0 1 0
1419	0 1 0
1420	0 0 1
1421	1 0 0
1422	0 1 0
1423	1 0 0
1424	0 0 1
1425	0 1 0
1426	0 1 0
1427	0 0 1
1428	1 0 0
1429	0 1 0
1430	1 0 0
1431	0 0 1
1432	0 0 1
1433	0 1 0
1434	0 0 1
1435	1 0 0
1436	0 0 1
1437	0 0 1
1438	1 0 0
1439	1 0 0
1440	1 0 0
1441	1 0 0
1442	1 0 0
1443	0 0 1
1444	0 1 0
1445	0 0 1
1446	1 0 0
1447	0 0 1
1448	1 0 0
1449	0 1 0
1450	1 0 0
1451	0 1 0
1452	1 0 0
1453	1 0 0
1454	0 1 0
1455	0 0 1
1456	0 0 1
1457	1 0 0
1458	1 0 0
1459	0 0 1
1460	0 0 1
1461	0 0 1
1462	1 0 0
1463	0 1 0
1464	0 0 1
1465	1 0 0
1466	0 0 1
1467	1 0 0
1468	1 0 0
1469	1 0 0
1470	0 1 0
1471	1 0 0
1472	1 0 0
1473	1 0 0
1474	1 0 0
1475	1 0 0
1476	0 0 1
1477	0 0 1
1478	0 1 0
1479	1 0 0
1480	0 1 0
1481	0 1 0
1482	0 1 0
1483	1 0 0
1484	0 0 1
1485	0 0 1
1486	1 0 0
1487	0 1 0
1488	1 0 0
1489	0 1 0
1490	0 1 0
1491	0 1 0
1492	1 0 0
1493	1 0 0
1494	0 1 0
1495	0 0 1
1496	1 0 0
1497	1 0 0
1498	1 0 0
1499	1 0 0
1500	0 0 1
1501	0 1 0
1502	0 1 0
1503	1 0 0
1504	0 0 1
1505	0 0 1
1506	0 0 1
1507	0 0 1
1508	0 0 1
1509	1 0 0
1510	0 1 0
1511	0 0 1
1512	1 0 0
1513	1 0 0
1514	1 0 0
1515	0 1 0
1516	0 0 1
1517	0 1 0
1518	1 0 0
1519	0 0 1
1520	1 0 0
1521	1 0 0
1522	0 0 1
1523	0 1 0
1524	0 1 0
1525	0 0 1
1526	0 1 0
1527	1 0 0
1528	0 0 1
1529	0 1 0
1530	0 1 0
1531	0 0 1
1532	0 1 0
1533	0 1 0
1534	0 1 0
1535	1 0 0
1536	0 1 0
1537	0 1 0
1538	0 0 1
1539	0 0 1
1540	0 0 1
1541	0 0 1
1542	0 0 1
1543	0 1 0
1544	1 0 0
1545	1 0 0
1546	0 0 1
1547	0 0 1
1548	0 0 1
1549	0 0 1
1550	1 0 0
1551	1 0 0
1552	1 0 0
1553	0 1 0
1554	1 0 0
1555	0 0 1
1556	0 0 1
1557	1 0 0
1558	0 1 0
1559	0 1 0
1560	0 1 0
1561	0 0 1
1562	0 0 1
1563	0 1 0
1564	0 1 0
1565	0 1 0
1566	1 0 0
1567	0 0 1
1568	0 1 0
1569	0 1 0
1570	0 1 0
1571	0 0 1
1572	0 0 1
1573	1 0 0
1574	0 1 0
1575	0 1 0
1576	1 0 0
1577	1 0 0
1578	0 1 0
1579	0 0 1
1580	1 0 0
1581	0 1 0
1582	1 0 0
1583	0 1 0
1584	0 1 0
1585	0 0 1
1586	0 1 0
1587	1 0 0
1588	0 1 0
1589	0 0 1
1590	1 0 0
1591	1 0 0
1592	0 0 1
1593	1 0 0
1594	0 0 1
1595	0 0 1
1596	0 0 1
1597	0 1 0
1598	1 0 0
1599	0 0 1
1600	0 0 1
1601	1 0 0
1602	0 0 1
1603	1 0 0
1604	0 1 0
1605	0 1 0
1606	0 1 0
1607	0 0 1
1608	1 0 0
1609	0 0 1
1610	0 0 1
1611	0 1 0
1612	0 1 0
1613	1 0 0
1614	0 1 0
1615	0 0 1
1616	1 0 0
1617	1 0 0
1618	1 0 0
1619	1 0 0
1620	0 0 1
1621	0 0 1
1622	0 1 0
1623	1 0 0
1624	1 0 0
1625	0 1 0
1626	0 0 1
1627	1 0 0
1628	0 0 1
1629	1 0 0
1630	1 0 0
1631	0 1 0
1632	0 1 0
1633	0 1 0
1634	0 0 1
1635	0 0 1
1636	0 0 1
1637	0 0 1
1638	1 0 0
1639	0 1 0
1640	0 1 0
1641	0 1 0
1642	1 0 0
1643	0 0 1
1644	1 0 0
1645	0 0 1
1646	0 0 1
1647	0 0 1
1648	1 0 0
1649	0 0 1
1650	0 0 1
1651	0 1 0
1652	0 1 0
1653	0 1 0
1654	0 1 0
1655	0 0 1
1656	1 0 0
1657	0 1 0
1658	0 0 1
1659	1 0 0
1660	1 0 0
1661	1 0 0
1662	0 0 1
1663	0 0 1
1664	0 1 0
1665	1 0 0
1666	0 0 1
1667	0 0 1
1668	0 1 0
1669	1 0 0
1670	0 0 1
1671	0 1 0
1672	0 0 1
1673	1 0 0
1674	1 0 0
1675	0 1 0
1676	0 0 1
1677	1 0 0
1678	0 1 0
1679	1 0 0
1680	1 0 0
1681	1 0 0
1682	0 0 1
1683	1 0 0
1684	1 0 0
1685	0 1 0
1686	1 0 0
1687	1 0 0
1688	1 0 0
1689	0 0 1
1690	0 0 1
1691	1 0 0
1692	0 1 0
1693	0 0 1
1694	0 0 1
1695	0 1 0
1696	0 0 1
1697	1 0 0
1698	1 0 0
1699	1 0 0
1700	1 0 0
1701	1 0 0
1702	1 0 0
1703	0 1 0
1704	1 0 0
1705	0 0 1
1706	1 0 0
1707	0 0 1
1708	1 0 0
1709	1 0 0
1710	0 1 0
1711	1 0 0
1712	0 1 0
1713	0 1 0
1714	0 1 0
1715	1 0 0
1716	1 0 0
1717	0 1 0
1718	1 0 0
1719	1 0 0
1720	1 0 0
1721	0 0 1
1722	1 0 0
1723	0 0 1
1724	0 0 1
1725	0 0 1
1726	0 0 1
1727	1 0 0
1728	1 0 0
1729	1 0 0
1730	1 0 0
1731	0 0 1
1732	0 1 0
1733	1 0 0
1734	0 1 0
1735	1 0 0
1736	1 0 0
1737	0 0 1
1738	1 0 0
1739	0 1 0
1740	0 0 1
1741	0 0 1
1742	0 0 1
1743	1 0 0
1744	1 0 0
1745	0 1 0
1746	0 0 1
1747	1 0 0
1748	0 0 1
1749	1 0 0
1750	0 0 1
1751	0 1 0
1752	0 1 0
1753	0 1 0
1754	0 1 0
1755	1 0 0
1756	0 0 1
1757	0 0 1
1758	0 0 1
1759	1 0 0
1760	0 0 1
1761	0 0 1
1762	0 1 0
1763	1 0 0
1764	0 0 1
1765	0 1 0
1766	0 0 1
1767	1 0 0
1768	0 0 1
1769	0 1 0
1770	1 0 0
1771	0 0 1
1772	1 0 0
1773	0 1 0
1774	1 0 0
1775	1 0 0
1776	1 0 0
1777	0 0 1
1778	0 0 1
1779	0 1 0
1780	0 0 1
1781	0 1 0
1782	1 0 0
1783	0 0 1
1784	1 0 0
1785	0 1 0
1786	0 0 1
1787	0 1 0
1788	0 0 1
1789	0 0 1
1790	0 0 1
1791	0 0 1
1792	0 1 0
1793	1 0 0
1794	0 0 1
1795	1 0 0
1796	1 0 0
1797	0 0 1
1798	0 0 1
1799	0 0 1
1800	0 0 1
1801	1 0 0
1802	0 0 1
1803	0 0 1
1804	0 1 0
1805	0 1 0
1806	1 0 0
1807	0 1 0
1808	0 0 1
1809	0 1 0
1810	1 0 0
1811	1 0 0
1812	0 1 0
1813	1 0 0
1814	0 0 1
1815	1 0 0
1816	1 0 0
1817	1 0 0
1818	0 0 1
1819	1 0 0
1820	1 0 0
1821	0 0 1
1822	0 1 0
1823	1 0 0
1824	0 0 1
1825	1 0 0
1826	0 0 1
1827	1 0 0
1828	0 1 0
1829	1 0 0
1830	0 0 1
1831	0 1 0
1832	1 0 0
1833	1 0 0
1834	0 1 0
1835	0 1 0
1836	0 1 0
1837	0 0 1
1838	1 0 0
1839	0 1 0
1840	1 0 0
1841	0 0 1
1842	0 0 1
1843	0 1 0
1844	0 0 1
1845	0 1 0
1846	0 1 0
1847	0 1 0
1848	1 0 0
1849	1 0 0
1850	0 0 1
1851	1 0 0
1852	1 0 0
1853	1 0 0
1854	0 0 1
1855	0 1 0
1856	0 0 1
1857	1 0 0
1858	0 0 1
1859	1 0 0
1860	0 0 1
1861	1 0 0
1862	0 0 1
1863	0 1 0
1864	1 0 0
1865	1 0 0
1866	1 0 0
1867	0 1 0
1868	0 1 0
1869	0 1 0
1870	1 0 0
1871	1 0 0
1872	0 0 1
1873	0 0 1
1874	0 0 1
1875	1 0 0
1876	1 0 0
1877	0 0 1
1878	1 0 0
1879	0 1 0
1880	0 0 1
1881	0 1 0
1882	0 1 0
1883	0 1 0
1884	0 0 1
1885	1 0 0
1886	1 0 0
1887	0 1 0
1888	0 1 0
1889	0 1 0
1890	1 0 0
1891	0 0 1
1892	0 1 0
1893	0 1 0
1894	1 0 0
1895	0 1 0
1896	0 1 0
1897	0 0 1
1898	0 1 0
1899	1 0 0
1900	0 1 0
1901	1 0 0
1902	0 1 0
1903	0 1 0
1904	0 1 0
1905	0 0 1
1906	0 1 0
1907	1 0 0
1908	1 0 0
1909	0 1 0
1910	1 0 0
1911	0 0 1
1912	0 1 0
1913	1 0 0
1914	0 0 1
1915	0 0 1
1916	1 0 0
1917	0 0 1
1918	1 0 0
1919	0 0 1
1920	1 0 0
1921	1 0 0
1922	0 0 1
1923	1 0 0
1924	0 1 0
1925	0 0 1
1926	0 1 0
1927	0 1 0
1928	0 0 1
1929	1 0 0
1930	1 0 0
1931	1 0 0
1932	0 0 1
1933	0 0 1
1934	0 1 0
1935	1 0 0
1936	0 1 0
1937	0 0 1
1938	0 0 1
1939	1 0 0
1940	1 0 0
1941	1 0 0
1942	0 1 0
1943	0 1 0
1944	1 0 0
1945	0 0 1
1946	0 0 1
1947	0 1 0
1948	0 1 0
1949	0 1 0
1950	0 0 1
1951	0 1 0
1952	0 1 0
1953	0 0 1
1954	0 1 0
1955	0 0 1
1956	0 1 0
1957	0 0 1
1958	1 0 0
1959	0 0 1
1960	1 0 0
1961	1 0 0
1962	0 0 1
1963	0 1 0
1964	1 0 0
1965	0 0 1
1966	0 0 1
1967	1 0 0
1968	1 0 0
1969	1 0 0
1970	0 0 1
1971	1 0 0
1972	0 1 0
1973	0 0 1
1974	0 1 0
1975	0 1 0
1976	0 1 0
1977	0 0 1
1978	1 0 0
1979	0 0 1
1980	1 0 0
1981	0 1 0
1982	0 1 0
1983	0 1 0
1984	0 0 1
1985	0 1 0
1986	0 1 0
1987	0 1 0
1988	0 1 0
1989	0 1 0
1990	1 0 0
1991	1 0 0
1992	1 0 0
1993	1 0 0
1994	0 0 1
1995	0 0 1
1996	0 0 1
1997	1 0 0
1998	0 0 1
1999	1 0 0
2000	1 0 0
2001	0 0 1
2002	1 0 0
2003	0 0 1
2004	1 0 0
2005	1 0 0
2006	0 1 0
2007	0 0 1
2008	0 1 0
2009	0 0 1
2010	1 0 0
2011	0 0 1
2012	0 1 0
2013	0 1 0
2014	1 0 0
2015	0 1 0
2016	0 1 0
2017	0 1 0
2018	1 0 0
2019	0 0 1
2020	0 1 0
2021	0 0 1
2022	1 0 0
2023	0 0 1
2024	0 0 1
2025	0 0 1
2026	0 0 1
2027	0 1 0
2028	0 1 0
2029	0 1 0
2030	1 0 0
2031	1 0 0
2032	0 1 0
2033	1 0 0
2034	1 0 0
2035	0 1 0
2036	0 0 1
2037	0 1 0
2038	0 1 0
2039	0 1 0
2040	0 0 1
2041	0 1 0
2042	0 0 1
2043	1 0 0
2044	0 0 1
2045	0 1 0
2046	1 0 0
2047	0 1 0
2048	1 0 0
2049	1 0 0
2050	1 0 0
2051	0 1 0
2052	0 0 1
2053	0 0 1
2054	1 0 0
2055	1 0 0
2056	0 1 0
2057	1 0 0
2058	0 1 0
2059	0 0 1
2060	0 0 1
2061	0 0 1
2062	1 0 0
2063	1 0 0
2064	0 1 0
2065	0 0 1
2066	0 1 0
2067	1 0 0
2068	0 1 0
2069	0 0 1
2070	1 0 0
2071	0 1 0
2072	1 0 0
2073	0 0 1
2074	0 0 1
2075	1 0 0
2076	0 0 1
2077	0 0 1
2078	0 1 0
2079	0 1 0
2080	0 1 0
2081	0 1 0
2082	0 0 1
2083	0 0 1
2084	1 0 0
2085	0 1 0
2086	1 0 0
2087	1 0 0
2088	0 1 0
2089	1 0 0
2090	0 0 1
2091	0 1 0
2092	1 0 0
2093	0 0 1
2094	1 0 0
2095	1 0 0
2096	0 1 0
2097	0 0 1
2098	1 0 0
2099	0 1 0
2100	1 0 0
2101	1 0 0
2102	0 1 0
2103	0 1 0
2104	0 1 0
2105	0 0 1
2106	1 0 0
2107	0 0 1
2108	1 0 0
2109	1 0 0
2110	0 0 1
2111	0 0 1
2112	0 0 1
2113	0 1 0
2114	1 0 0
2115	1 0 0
2116	0 1 0
2117	0 0 1
2118	0 1 0
2119	1 0 0
2120	1 0 0
2121	0 0 1
2122	0 1 0
2123	0 1 0
2124	0 0 1
2125	1 0 0
2126	1 0 0
2127	0 0 1
2128	0 1 0
2129	1 0 0
2130	0 0 1
2131	0 1 0
2132	0 0 1
2133	0 1 0
2134	0 1 0
2135	1 0 0
2136	0 0 1
2137	1 0 0
2138	1 0 0
2139	1 0 0
2140	0 0 1
2141	0 0 1
2142	0 1 0
2143	1 0 0
2144	0 1 0
2145	0 0 1
2146	0 1 0
2147	1 0 0
2148	1 0 0
2149	0 0 1
2150	1 0 0
2151	0 0 1
2152	0 0 1
2153	1 0 0
2154	0 0 1
2155	0 0 1
2156	0 1 0
2157	0 1 0
2158	0 0 1
2159	0 1 0
2160	0 1 0
2161	1 0 0
2162	1 0 0
2163	0 0 1
2164	1 0 0
2165	0 0 1
2166	0 0 1
2167	0 1 0
2168	0 1 0
2169	0 1 0
2170	0 1 0
2171	0 1 0
2172	1 0 0
2173	0 1 0
2174	0 0 1
2175	0 1 0
2176	0 1 0
2177	0 1 0
2178	0 1 0
2179	0 0 1
2180	0 1 0
2181	0 1 0
2182	0 0 1
2183	0 1 0
2184	0 0 1
2185	0 0 1
2186	1 0 0
2187	0 0 1
2188	1 0 0
2189	1 0 0
2190	1 0 0
2191	1 0 0
2192	0 1 0
2193	0 1 0
2194	0 0 1
2195	0 1 0
2196	0 0 1
2197	1 0 0
2198	0 1 0
2199	0 1 0
2200	0 0 1
2201	0 0 1
2202	0 0 1
2203	0 1 0
2204	0 0 1
2205	0 1 0
2206	0 0 1
2207	1 0 0
2208	0 1 0
2209	0 1 0
2210	0 0 1
2211	0 0 1
2212	0 0 1
2213	0 1 0
2214	0 0 1
2215	0 1 0
2216	1 0 0
2217	0 1 0
2218	0 0 1
2219	0 1 0
2220	1 0 0
2221	0 1 0
2222	1 0 0
2223	0 1 0
2224	0 0 1
2225	1 0 0
2226	0 0 1
2227	0 1 0
2228	1 0 0
2229	1 0 0
2230	1 0 0
2231	0 1 0
2232	1 0 0
2233	1 0 0
2234	1 0 0
2235	1 0 0
2236	1 0 0
2237	1 0 0
2238	1 0 0
2239	0 0 1
2240	0 1 0
2241	0 0 1
2242	0 0 1
2243	0 1 0
2244	0 0 1
2245	1 0 0
2246	1 0 0
2247	1 0 0
2248	1 0 0
2249	1 0 0
2250	0 1 0
2251	0 0 1
2252	0 0 1
2253	1 0 0
2254	0 1 0
2255	0 0 1
2256	0 0 1
2257	0 0 1
2258	0 0 1
2259	1 0 0
2260	1 0 0
2261	0 0 1
2262	0 0 1
2263	0 0 1
2264	0 0 1
2265	0 0 1
2266	0 1 0
2267	0 0 1
2268	0 0 1
2269	0 0 1
2270	1 0 0
2271	1 0 0
2272	0 1 0
2273	1 0 0
2274	0 0 1
2275	0 0 1
2276	0 0 1
2277	1 0 0
2278	1 0 0
2279	1 0 0
2280	0 1 0
2281	1 0 0
2282	1 0 0
2283	1 0 0
2284	1 0 0
2285	0 0 1
2286	0 0 1
2287	0 0 1
2288	0 1 0
2289	0 0 1
2290	0 0 1
2291	0 0 1
2292	0 1 0
2293	1 0 0
2294	0 1 0
2295	0 1 0
2296	1 0 0
2297	0 1 0
2298	0 0 1
2299	0 1 0
2300	0 1 0
2301	0 1 0
2302	0 1 0
2303	1 0 0
2304	0 1 0
2305	1 0 0
2306	1 0 0
2307	1 0 0
2308	0 1 0
2309	0 1 0
2310	0 1 0
2311	0 1 0
2312	1 0 0
2313	1 0 0
2314	0 1 0
2315	1 0 0
2316	0 1 0
2317	0 1 0
2318	0 0 1
2319	0 1 0
2320	0 1 0
2321	0 1 0
2322	0 1 0
2323	0 1 0
2324	0 1 0
2325	0 0 1
2326	0 1 0
2327	1 0 0
2328	0 0 1
2329	0 1 0
2330	1 0 0
2331	0 0 1
2332	1 0 0
2333	1 0 0
2334	0 1 0
2335	0 1 0
2336	0 0 1
2337	0 0 1
2338	0 0 1
2339	0 0 1
2340	0 0 1
2341	1 0 0
2342	1 0 0
2343	0 1 0
2344	0 0 1
2345	0 1 0
2346	1 0 0
2347	0 1 0
2348	0 1 0
2349	0 1 0
2350	0 1 0
2351	1 0 0
2352	0 0 1
2353	1 0 0
2354	0 1 0
2355	1 0 0
2356	1 0 0
2357	1 0 0
2358	0 1 0
2359	0 0 1
2360	0 1 0
2361	0 0 1
2362	1 0 0
2363	0 0 1
2364	0 0 1
2365	1 0 0
2366	1 0 0
2367	0 1 0
2368	0 0 1
2369	0 1 0
2370	1 0 0
2371	1 0 0
2372	0 1 0
2373	1 0 0
2374	0 0 1
2375	0 1 0
2376	0 1 0
2377	0 0 1
2378	0 1 0
2379	1 0 0
2380	0 0 1
2381	0 0 1
2382	0 1 0
2383	0 1 0
2384	0 0 1
2385	0 0 1
2386	1 0 0
2387	0 0 1
2388	0 0 1
2389	0 0 1
2390	0 1 0
2391	0 0 1
2392	1 0 0
2393	0 0 1
2394	1 0 0
2395	0 0 1
2396	1 0 0
2397	1 0 0
2398	1 0 0
2399	0 0 1
2400	0 1 0
2401	0 0 1
2402	1 0 0
2403	0 0 1
2404	0 0 1
2405	0 0 1
2406	0 0 1
2407	1 0 0
2408	0 0 1
2409	1 0 0
2410	0 0 1
2411	0 1 0
2412	0 0 1
2413	0 1 0
2414	1 0 0
2415	0 0 1
2416	0 1 0
2417	0 1 0
2418	1 0 0
2419	0 1 0
2420	0 0 1
2421	0 0 1
2422	0 0 1
2423	0 0 1
2424	0 0 1
2425	0 1 0
2426	0 0 1
2427	1 0 0
2428	0 0 1
2429	0 0 1
2430	0 0 1
2431	1 0 0
2432	0 0 1
2433	1 0 0
2434	0 0 1
2435	1 0 0
2436	0 0 1
2437	0 1 0
2438	0 0 1
2439	1 0 0
2440	0 0 1
2441	0 1 0
2442	0 0 1
2443	0 1 0
2444	0 1 0
2445	0 1 0
2446	1 0 0
2447	0 1 0
2448	0 1 0
2449	1 0 0
2450	1 0 0
2451	1 0 0
2452	1 0 0
2453	0 1 0
2454	0 0 1
2455	0 1 0
2456	0 0 1
2457	1 0 0
2458	0 1 0
2459	0 1 0
2460	1 0 0
2461	1 0 0
2462	0 1 0
2463	0 1 0
2464	1 0 0
2465	0 0 1
2466	0 1 0
2467	1 0 0
2468	1 0 0
2469	1 0 0
2470	1 0 0
2471	0 1 0
2472	0 1 0
2473	0 1 0
2474	0 1 0
2475	0 1 0
2476	0 1 0
2477	0 1 0
2478	0 0 1
2479	0 1 0
2480	0 1 0
2481	1 0 0
2482	0 0 1
2483	1 0 0
2484	0 1 0
2485	0 0 1
2486	0 1 0
2487	1 0 0
2488	0 1 0
2489	0 0 1
2490	0 0 1
2491	1 0 0
2492	0 1 0
2493	0 1 0
2494	1 0 0
2495	0 1 0
2496	1 0 0
2497	0 0 1
2498	0 0 1
2499	1 0 0
2500	0 1 0
2501	0 0 1
2502	0 1 0
2503	0 1 0
2504	1 0 0
2505	1 0 0
2506	0 1 0
2507	0 0 1
2508	0 0 1
2509	1 0 0
2510	1 0 0
2511	0 1 0
2512	0 1 0
2513	1 0 0
2514	0 0 1
2515	1 0 0
2516	0 0 1
2517	0 1 0
2518	0 0 1
2519	0 0 1
2520	0 1 0
2521	0 0 1
2522	0 0 1
2523	0 0 1
2524	0 0 1
2525	0 1 0
2526	0 0 1
2527	0 0 1
2528	1 0 0
2529	0 0 1
2530	0 0 1
2531	1 0 0
2532	0 0 1
2533	1 0 0
2534	0 0 1
2535	0 0 1
2536	0 1 0
2537	1 0 0
2538	0 0 1
2539	0 0 1
2540	0 0 1
2541	0 0 1
2542	0 0 1
2543	0 0 1
2544	1 0 0
2545	0 1 0
2546	0 0 1
2547	0 1 0
2548	0 0 1
2549	1 0 0
2550	0 0 1
2551	1 0 0
2552	0 0 1
2553	0 1 0
2554	0 0 1
2555	1 0 0
2556	0 0 1
2557	0 1 0
2558	0 0 1
2559	0 1 0
2560	0 1 0
2561	1 0 0
2562	0 0 1
2563	0 0 1
2564	0 0 1
2565	0 0 1
2566	1 0 0
2567	0 1 0
2568	1 0 0
2569	1 0 0
2570	0 0 1
2571	1 0 0
2572	1 0 0
2573	0 0 1
2574	0 1 0
2575	1 0 0
2576	1 0 0
2577	0 1 0
2578	0 1 0
2579	1 0 0
2580	1 0 0
2581	0 0 1
2582	1 0 0
2583	1 0 0
2584	1 0 0
2585	1 0 0
2586	1 0 0
2587	0 1 0
2588	0 0 1
2589	1 0 0
2590	0 1 0
2591	1 0 0
2592	1 0 0
2593	0 0 1
2594	0 0 1
2595	0 0 1
2596	1 0 0
2597	0 0 1
2598	1 0 0
2599	0 1 0
2600	0 0 1
2601	0 0 1
2602	1 0 0
2603	0 1 0
2604	0 1 0
2605	1 0 0
2606	1 0 0
2607	1 0 0
2608	0 1 0
2609	0 1 0
2610	1 0 0
2611	1 0 0
2612	0 0 1
2613	0 0 1
2614	0 1 0
2615	1 0 0
2616	0 0 1
2617	0 1 0
2618	0 0 1
2619	0 0 1
2620	0 1 0
2621	0 0 1
2622	0 0 1
2623	0 1 0
2624	0 0 1
2625	0 1 0
2626	1 0 0
2627	1 0 0
2628	0 1 0
2629	0 0 1
2630	1 0 0
2631	0 0 1
2632	0 1 0
2633	0 1 0
2634	1 0 0
2635	0 1 0
2636	0 0 1
2637	1 0 0
2638	0 0 1
2639	0 0 1
2640	0 1 0
2641	0 0 1
2642	1 0 0
2643	1 0 0
2644	0 0 1
2645	1 0 0
2646	0 1 0
2647	1 0 0
2648	0 1 0
2649	1 0 0
2650	0 1 0
2651	0 0 1
2652	0 0 1
2653	1 0 0
2654	0 0 1
2655	1 0 0
2656	0 0 1
2657	0 1 0
2658	0 1 0
2659	1 0 0
2660	0 1 0
2661	0 0 1
2662	1 0 0
2663	0 0 1
2664	0 1 0
2665	1 0 0
2666	0 0 1
2667	0 0 1
2668	0 1 0
2669	0 0 1
2670	0 0 1
2671	0 1 0
2672	0 1 0
2673	0 0 1
2674	0 1 0
2675	1 0 0
2676	0 1 0
2677	0 0 1
2678	1 0 0
2679	0 0 1
2680	0 1 0
2681	0 0 1
2682	0 0 1
2683	1 0 0
2684	1 0 0
2685	1 0 0
2686	0 0 1
2687	0 0 1
2688	0 1 0
2689	0 1 0
2690	0 1 0
2691	0 0 1
2692	0 0 1
2693	1 0 0
2694	0 1 0
2695	1 0 0
2696	1 0 0
2697	0 1 0
2698	0 0 1
2699	0 1 0
2700	0 0 1
2701	1 0 0
2702	0 1 0
2703	0 0 1
2704	1 0 0
2705	0 1 0
2706	1 0 0
2707	0 0 1
2708	1 0 0
2709	1 0 0
2710	0 1 0
2711	1 0 0
2712	0 0 1
2713	0 0 1
2714	1 0 0
2715	1 0 0
2716	0 1 0
2717	0 1 0
2718	1 0 0
2719	1 0 0
2720	0 0 1
2721	0 1 0
2722	1 0 0
2723	0 1 0
2724	1 0 0
2725	1 0 0
2726	0 1 0
2727	0 0 1
2728	0 0 1
2729	0 0 1
2730	1 0 0
2731	0 1 0
2732	0 1 0
2733	0 1 0
2734	0 0 1
2735	0 0 1
2736	0 1 0
2737	1 0 0
2738	0 0 1
2739	0 1 0
2740	0 1 0
2741	1 0 0
2742	1 0 0
2743	1 0 0
2744	1 0 0
2745	0 0 1
2746	0 0 1
2747	1 0 0
2748	0 1 0
2749	0 0 1
2750	0 1 0
2751	0 0 1
2752	0 0 1
2753	0 0 1
2754	0 1 0
2755	0 1 0
2756	0 0 1
2757	0 1 0
2758	1 0 0
2759	1 0 0
2760	1 0 0
2761	1 0 0
2762	0 0 1
2763	0 0 1
2764	0 1 0
2765	0 0 1
2766	1 0 0
2767	1 0 0
2768	0 0 1
2769	0 1 0
2770	0 1 0
2771	0 1 0
2772	0 0 1
2773	0 0 1
2774	0 0 1
2775	1 0 0
2776	0 0 1
2777	0 0 1
2778	1 0 0
2779	0 0 1
2780	0 0 1
2781	1 0 0
2782	1 0 0
2783	1 0 0
2784	0 0 1
2785	1 0 0
2786	0 0 1
2787	1 0 0
2788	0 1 0
2789	1 0 0
2790	0 1 0
2791	0 0 1
2792	0 1 0
2793	0 0 1
2794	0 1 0
2795	0 1 0
2796	0 1 0
2797	1 0 0
2798	0 0 1
2799	0 1 0
2800	1 0 0
2801	0 0 1
2802	0 0 1
2803	0 0 1
2804	1 0 0
2805	0 1 0
2806	0 0 1
2807	0 0 1
2808	0 1 0
2809	1 0 0
2810	0 0 1
2811	0 1 0
2812	0 1 0
2813	0 0 1
2814	1 0 0
2815	0 1 0
2816	1 0 0
2817	0 1 0
2818	1 0 0
2819	1 0 0
2820	0 0 1
2821	0 0 1
2822	1 0 0
2823	0 0 1
2824	0 1 0
2825	1 0 0
2826	0 0 1
2827	1 0 0
2828	0 0 1
2829	1 0 0
2830	0 0 1
2831	0 1 0
2832	0 0 1
2833	1 0 0
2834	0 1 0
2835	1 0 0
2836	1 0 0
2837	0 0 1
2838	1 0 0
2839	1 0 0
2840	0 1 0
2841	1 0 0
2842	0 1 0
2843	0 0 1
2844	1 0 0
2845	0 0 1
2846	0 1 0
2847	0 1 0
2848	1 0 0
2849	0 1 0
2850	0 1 0
2851	0 1 0
2852	0 0 1
2853	1 0 0
2854	0 0 1
2855	0 1 0
2856	0 1 0
2857	0 0 1
2858	1 0 0
2859	0 0 1
2860	0 0 1
2861	0 1 0
2862	0 0 1
2863	0 0 1
2864	0 0 1
2865	0 0 1
2866	0 0 1
2867	1 0 0
2868	0 0 1
2869	1 0 0
2870	1 0 0
2871	0 1 0
2872	1 0 0
2873	1 0 0
2874	1 0 0
2875	0 1 0
2876	0 1 0
2877	0 1 0
2878	1 0 0
2879	0 0 1
2880	0 0 1
2881	0 1 0
2882	0 1 0
2883	0 1 0
2884	0 1 0
2885	0 0 1
2886	0 0 1
2887	1 0 0
2888	1 0 0
2889	0 0 1
2890	0 0 1
2891	0 0 1
2892	0 0 1
2893	0 0 1
2894	0 0 1
2895	0 0 1
2896	0 1 0
2897	1 0 0
2898	0 1 0
2899	0 0 1
2900	0 0 1
2901	0 0 1
2902	1 0 0
2903	0 0 1
2904	0 1 0
2905	0 1 0
2906	0 0 1
2907	0 0 1
2908	0 0 1
2909	0 0 1
2910	0 0 1
2911	0 1 0
2912	0 1 0
2913	1 0 0
2914	1 0 0
2915	0 1 0
2916	1 0 0
2917	0 1 0
2918	1 0 0
2919	1 0 0
2920	0 1 0
2921	0 0 1
2922	1 0 0
2923	0 0 1
2924	0 1 0
2925	0 0 1
2926	0 0 1
2927	1 0 0
2928	0 0 1
2929	1 0 0
2930	0 0 1
2931	0 0 1
2932	1 0 0
2933	0 1 0
2934	1 0 0
2935	1 0 0
2936	1 0 0
2937	0 1 0
2938	0 0 1
2939	1 0 0
2940	0 1 0
2941	0 0 1
2942	1 0 0
2943	0 0 1
2944	0 0 1
2945	0 0 1
2946	0 1 0
2947	0 1 0
2948	1 0 0
2949	1 0 0
2950	1 0 0
2951	0 1 0
2952	1 0 0
2953	0 0 1
2954	0 0 1
2955	1 0 0
2956	0 1 0
2957	1 0 0
2958	0 0 1
2959	0 0 1
2960	0 0 1
2961	0 1 0
2962	0 1 0
2963	0 0 1
2964	0 0 1
2965	0 0 1
2966	0 1 0
2967	1 0 0
2968	1 0 0
2969	0 1 0
2970	1 0 0
2971	1 0 0
2972	0 1 0
2973	0 1 0
2974	0 1 0
2975	0 1 0
2976	1 0 0
2977	0 0 1
2978	0 0 1
2979	0 1 0
2980	0 0 1
2981	0 0 1
2982	0 1 0
2983	1 0 0
2984	1 0 0
2985	1 0 0
2986	0 1 0
2987	0 0 1
2988	0 1 0
2989	0 1 0
2990	1 0 0
2991	0 1 0
2992	0 0 1
2993	0 0 1
2994	0 1 0
2995	0 1 0
2996	0 1 0
2997	0 0 1
2998	1 0 0
2999	0 0 1
3000	0 1 0
3001	0 1 0
3002	1 0 0
3003	0 0 1
3004	0 0 1
3005	1 0 0
3006	0 1 0
3007	0 1 0
3008	1 0 0
3009	0 0 1
3010	0 0 1
3011	0 0 1
3012	1 0 0
3013	0 1 0
3014	1 0 0
3015	0 0 1
3016	0 0 1
3017	0 0 1
3018	0 1 0
3019	1 0 0
3020	0 1 0
3021	0 1 0
3022	1 0 0
3023	0 1 0
3024	0 1 0
3025	0 0 1
3026	1 0 0
3027	1 0 0
3028	1 0 0
3029	1 0 0
3030	0 1 0
3031	1 0 0
3032	0 0 1
3033	0 0 1
3034	0 0 1
3035	0 1 0
3036	1 0 0
3037	0 0 1
3038	0 0 1
3039	0 0 1
3040	1 0 0
3041	1 0 0
3042	0 1 0
3043	0 1 0
3044	0 0 1
3045	0 1 0
3046	0 0 1
3047	0 0 1
3048	0 1 0
3049	1 0 0
3050	0 0 1
3051	0 1 0
3052	0 1 0
3053	0 0 1
3054	0 0 1
3055	0 0 1
3056	0 0 1
3057	1 0 0
3058	0 1 0
3059	0 1 0
3060	1 0 0
3061	1 0 0
3062	0 0 1
3063	1 0 0
3064	1 0 0
3065	0 1 0
3066	0 1 0
3067	0 0 1
3068	0 1 0
3069	0 0 1
3070	1 0 0
3071	1 0 0
3072	1 0 0
3073	0 1 0
3074	1 0 0
3075	0 1 0
3076	0 0 1
3077	0 0 1
3078	1 0 0
3079	1 0 0
3080	0 0 1
3081	1 0 0
3082	0 1 0
3083	1 0 0
3084	0 0 1
3085	1 0 0
3086	1 0 0
3087	0 0 1
3088	1 0 0
3089	0 1 0
3090	1 0 0
3091	1 0 0
3092	0 0 1
3093	0 1 0
3094	1 0 0
3095	0 0 1
3096	0 0 1
3097	0 0 1
3098	0 0 1
3099	0 0 1
3100	0 1 0
3101	0 0 1
3102	1 0 0
3103	0 1 0
3104	0 1 0
3105	0 1 0
3106	0 1 0
3107	0 0 1
3108	1 0 0
3109	0 0 1
3110	0 1 0
3111	0 0 1
3112	0 1 0
3113	1 0 0
3114	0 1 0
3115	0 0 1
3116	0 0 1
3117	0 0 1
3118	1 0 0
3119	0 1 0
3120	0 1 0
3121	0 1 0
3122	1 0 0
3123	0 0 1
3124	0 1 0
3125	0 0 1
3126	0 1 0
3127	0 0 1
3128	0 1 0
3129	0 1 0
3130	0 1 0
3131	1 0 0
3132	0 0 1
3133	0 1 0
3134	0 1 0
3135	0 1 0
3136	0 1 0
3137	0 1 0
3138	0 1 0
3139	0 1 0
3140	0 1 0
3141	1 0 0
3142	1 0 0
3143	1 0 0
3144	0 1 0
3145	1 0 0
3146	0 0 1
3147	0 0 1
3148	0 0 1
3149	0 1 0
3150	0 1 0
3151	1 0 0
3152	1 0 0
3153	0 1 0
3154	1 0 0
3155	0 1 0
3156	0 0 1
3157	0 1 0
3158	1 0 0
3159	0 1 0
3160	0 0 1
3161	0 1 0
3162	0 0 1
3163	1 0 0
3164	0 1 0
3165	0 0 1
3166	0 1 0
3167	1 0 0
3168	0 1 0
3169	0 1 0
3170	0 1 0
3171	0 0 1
3172	0 1 0
3173	0 1 0
3174	0 1 0
3175	0 0 1
3176	0 1 0
3177	0 0 1
3178	1 0 0
3179	0 0 1
3180	0 0 1
3181	1 0 0
3182	0 1 0
3183	0 0 1
3184	0 1 0
3185	1 0 0
3186	0 1 0
3187	1 0 0
3188	1 0 0
3189	0 0 1
3190	0 0 1
3191	0 0 1
3192	0 0 1
3193	0 1 0
3194	0 1 0
3195	0 0 1
3196	0 1 0
3197	0 1 0
3198	0 0 1
3199	0 1 0
3200	0 0 1
3201	0 0 1
3202	1 0 0
3203	0 1 0
3204	0 0 1
3205	0 0 1
3206	1 0 0
3207	0 1 0
3208	0 0 1
3209	0 0 1
3210	0 1 0
3211	0 1 0
3212	1 0 0
3213	0 1 0
3214	1 0 0
3215	0 0 1
3216	1 0 0
3217	0 0 1
3218	0 0 1
3219	1 0 0
3220	0 1 0
3221	0 1 0
3222	0 1 0
3223	0 0 1
3224	0 1 0
3225	0 0 1
3226	0 0 1
3227	0 0 1
3228	0 1 0
3229	0 1 0
3230	1 0 0
3231	1 0 0
3232	0 0 1
3233	0 0 1
3234	0 0 1
3235	0 0 1
3236	0 1 0
3237	1 0 0
3238	0 1 0
3239	0 0 1
3240	0 0 1
3241	0 1 0
3242	1 0 0
3243	0 0 1
3244	0 1 0
3245	0 1 0
3246	0 0 1
3247	0 1 0
3248	1 0 0
3249	0 0 1
3250	1 0 0
3251	1 0 0
3252	1 0 0
3253	0 1 0
3254	1 0 0
3255	0 1 0
3256	1 0 0
3257	0 1 0
3258	0 1 0
3259	1 0 0
3260	0 0 1
3261	0 1 0
3262	1 0 0
3263	0 0 1
3264	0 1 0
3265	1 0 0
3266	1 0 0
3267	0 1 0
3268	0 0 1
3269	1 0 0
3270	1 0 0
3271	1 0 0
3272	1 0 0
3273	0 1 0
3274	1 0 0
3275	0 0 1
3276	1 0 0
3277	0 1 0
3278	0 0 1
3279	1 0 0
3280	1 0 0
3281	0 0 1
3282	1 0 0
3283	0 1 0
3284	1 0 0
3285	0 1 0
3286	0 0 1
3287	1 0 0
3288	0 0 1
3289	0 0 1
3290	0 1 0
3291	0 0 1
3292	0 1 0
3293	0 1 0
3294	0 1 0
3295	1 0 0
3296	1 0 0
3297	0 1 0
3298	0 1 0
3299	0 0 1
3300	1 0 0
3301	0 0 1
3302	1 0 0
3303	0 0 1
3304	0 0 1
3305	1 0 0
3306	0 0 1
3307	0 0 1
3308	0 1 0
3309	0 1 0
3310	1 0 0
3311	1 0 0
3312	0 0 1
3313	0 1 0
3314	1 0 0
3315	0 1 0
3316	0 1 0
3317	1 0 0
3318	0 1 0
3319	0 0 1
3320	0 1 0
3321	1 0 0
3322	1 0 0
3323	0 0 1
3324	1 0 0
3325	1 0 0
3326	1 0 0
3327	1 0 0
3328	0 1 0
3329	0 1 0
3330	0 0 1
3331	0 0 1
3332	0 0 1
3333	0 1 0
3334	0 0 1
3335	1 0 0
3336	1 0 0
3337	1 0 0
3338	1 0 0
3339	0 1 0
3340	1 0 0
3341	0 1 0
3342	1 0 0
3343	0 0 1
3344	0 1 0
3345	0 0 1
3346	0 0 1
3347	0 0 1
3348	0 1 0
3349	0 1 0
3350	0 0 1
3351	0 1 0
3352	0 1 0
3353	0 0 1
3354	0 1 0
3355	0 0 1
3356	0 0 1
3357	1 0 0
3358	0 0 1
3359	0 1 0
3360	0 0 1
3361	0 1 0
3362	0 1 0
3363	1 0 0
3364	0 0 1
3365	1 0 0
3366	1 0 0
3367	1 0 0
3368	1 0 0
3369	1 0 0
3370	0 0 1
3371	1 0 0
3372	0 0 1
3373	0 1 0
3374	0 1 0
3375	1 0 0
3376	0 0 1
3377	0 1 0
3378	0 0 1
3379	0 1 0
3380	1 0 0
3381	0 0 1
3382	0 1 0
3383	0 1 0
3384	1 0 0
3385	0 1 0
3386	0 0 1
3387	0 1 0
3388	0 0 1
3389	0 0 1
3390	1 0 0
3391	0 1 0
3392	0 0 1
3393	1 0 0
3394	0 1 0
3395	0 0 1
3396	0 1 0
3397	0 1 0
3398	0 0 1
3399	0 0 1
3400	0 0 1
3401	1 0 0
3402	1 0 0
3403	0 0 1
3404	1 0 0
3405	1 0 0
3406	0 0 1
3407	0 1 0
3408	0 0 1
3409	1 0 0
3410	0 1 0
3411	1 0 0
3412	0 0 1
3413	1 0 0
3414	1 0 0
3415	0 0 1
3416	0 0 1
3417	0 1 0
3418	0 0 1
3419	0 1 0
3420	1 0 0
3421	1 0 0
3422	0 0 1
3423	1 0 0
3424	0 0 1
3425	0 1 0
3426	0 0 1
3427	0 1 0
3428	0 1 0
3429	0 1 0
3430	0 1 0
3431	1 0 0
3432	1 0 0
3433	0 1 0
3434	0 0 1
3435	1 0 0
3436	0 0 1
3437	0 1 0
3438	0 1 0
3439	0 1 0
3440	0 0 1
3441	0 1 0
3442	0 0 1
3443	0 1 0
3444	0 0 1
3445	1 0 0
3446	0 1 0
3447	0 0 1
3448	0 0 1
3449	0 1 0
3450	1 0 0
3451	0 0 1
3452	0 1 0
3453	1 0 0
3454	1 0 0
3455	0 1 0
3456	0 1 0
3457	0 0 1
3458	1 0 0
3459	1 0 0
3460	0 0 1
3461	1 0 0
3462	1 0 0
3463	0 0 1
3464	0 0 1
3465	1 0 0
3466	1 0 0
3467	0 0 1
3468	0 0 1
3469	0 0 1
3470	0 0 1
3471	0 0 1
3472	0 1 0
3473	0 0 1
3474	1 0 0
3475	1 0 0
3476	0 1 0
3477	0 0 1
3478	0 1 0
3479	1 0 0
3480	0 0 1
3481	0 1 0
3482	1 0 0
3483	0 0 1
3484	0 1 0
3485	0 1 0
3486	1 0 0
3487	0 1 0
3488	0 0 1
3489	0 0 1
3490	0 1 0
3491	0 1 0
3492	0 1 0
3493	0 1 0
3494	0 0 1
3495	1 0 0
3496	0 1 0
3497	1 0 0
3498	0 0 1
3499	1 0 0
3500	0 1 0
3501	0 1 0
3502	0 0 1
3503	1 0 0
3504	0 1 0
3505	0 0 1
3506	1 0 0
3507	0 1 0
3508	0 0 1
3509	0 0 1
3510	0 1 0
3511	1 0 0
3512	0 0 1
3513	0 0 1
3514	0 1 0
3515	0 1 0
3516	0 1 0
3517	0 0 1
3518	1 0 0
3519	0 1 0
3520	1 0 0
3521	1 0 0
3522	0 0 1
3523	1 0 0
3524	0 0 1
3525	0 1 0
3526	0 1 0
3527	0 0 1
3528	0 1 0
3529	0 0 1
3530	1 0 0
3531	0 1 0
3532	1 0 0
3533	0 0 1
3534	0 0 1
3535	1 0 0
3536	0 1 0
3537	0 0 1
3538	1 0 0
3539	0 1 0
3540	1 0 0
3541	0 1 0
3542	1 0 0
3543	1 0 0
3544	0 0 1
3545	0 0 1
3546	0 1 0
3547	1 0 0
3548	0 1 0
3549	0 1 0
3550	0 1 0
3551	1 0 0
3552	0 0 1
3553	1 0 0
3554	0 0 1
3555	0 0 1
3556	0 0 1
3557	1 0 0
3558	1 0 0
3559	1 0 0
3560	0 1 0
3561	0 0 1
3562	1 0 0
3563	0 1 0
3564	1 0 0
3565	1 0 0
3566	0 0 1
3567	1 0 0
3568	1 0 0
3569	1 0 0
3570	0 0 1
3571	0 1 0
3572	0 1 0
3573	0 1 0
3574	0 1 0
3575	1 0 0
3576	0 0 1
3577	0 0 1
3578	1 0 0
3579	0 0 1
3580	0 0 1
3581	0 1 0
3582	0 1 0
3583	1 0 0
3584	1 0 0
3585	0 1 0
3586	1 0 0
3587	1 0 0
3588	0 1 0
3589	0 0 1
3590	1 0 0
3591	1 0 0
3592	0 1 0
3593	0 0 1
3594	1 0 0
3595	1 0 0
3596	1 0 0
3597	1 0 0
3598	1 0 0
3599	1 0 0
3600	0 0 1
3601	0 0 1
3602	1 0 0
3603	0 1 0
3604	0 0 1
3605	0 0 1
3606	0 0 1
3607	1 0 0
3608	0 0 1
3609	0 0 1
3610	0 0 1
3611	1 0 0
3612	0 1 0
3613	1 0 0
3614	0 0 1
3615	0 0 1
3616	0 1 0
3617	0 1 0
3618	0 1 0
3619	0 0 1
3620	0 1 0
3621	0 1 0
3622	1 0 0
3623	1 0 0
3624	0 0 1
3625	1 0 0
3626	0 0 1
3627	1 0 0
3628	1 0 0
3629	1 0 0
3630	1 0 0
3631	1 0 0
3632	0 1 0
3633	1 0 0
3634	1 0 0
3635	1 0 0
3636	0 1 0
3637	1 0 0
3638	1 0 0
3639	0 1 0
3640	0 1 0
3641	1 0 0
3642	0 0 1
3643	0 1 0
3644	1 0 0
3645	1 0 0
3646	1 0 0
3647	0 0 1
3648	0 0 1
3649	0 0 1
3650	0 1 0
3651	0 0 1
3652	0 1 0
3653	1 0 0
3654	0 0 1
3655	1 0 0
3656	1 0 0
3657	0 0 1
3658	0 1 0
3659	0 0 1
3660	0 0 1
3661	0 1 0
3662	1 0 0
3663	0 1 0
3664	0 1 0
3665	0 1 0
3666	0 1 0
3667	1 0 0
3668	1 0 0
3669	1 0 0
3670	0 1 0
3671	0 0 1
3672	0 0 1
3673	0 0 1
3674	0 1 0
3675	0 1 0
3676	1 0 0
3677	0 1 0
3678	1 0 0
3679	0 1 0
3680	0 1 0
3681	0 1 0
3682	1 0 0
3683	1 0 0
3684	0 1 0
3685	1 0 0
3686	0 0 1
3687	0 1 0
3688	0 0 1
3689	0 1 0
3690	1 0 0
3691	0 1 0
3692	1 0 0
3693	0 1 0
3694	0 0 1
3695	0 1 0
3696	0 0 1
3697	0 0 1
3698	1 0 0
3699	0 0 1
3700	0 1 0
3701	0 0 1
3702	1 0 0
3703	1 0 0
3704	1 0 0
3705	0 0 1
3706	0 1 0
3707	0 0 1
3708	1 0 0
3709	1 0 0
3710	0 1 0
3711	1 0 0
3712	0 0 1
3713	1 0 0
3714	0 1 0
3715	0 0 1
3716	0 0 1
3717	1 0 0
3718	0 1 0
3719	0 0 1
3720	1 0 0
3721	1 0 0
3722	0 1 0
3723	0 1 0
3724	0 0 1
3725	0 1 0
3726	0 1 0
3727	1 0 0
3728	0 0 1
3729	1 0 0
3730	1 0 0
3731	0 0 1
3732	1 0 0
3733	1 0 0
3734	0 1 0
3735	0 1 0
3736	0 0 1
3737	0 1 0
3738	0 1 0
3739	0 0 1
3740	0 1 0
3741	0 0 1
3742	1 0 0
3743	1 0 0
3744	1 0 0
3745	0 0 1
3746	1 0 0
3747	1 0 0
3748	0 1 0
3749	0 0 1
3750	0 1 0
3751	0 0 1
3752	1 0 0
3753	1 0 0
3754	0 0 1
3755	1 0 0
3756	0 0 1
3757	0 0 1
3758	1 0 0
3759	0 0 1
3760	0 1 0
3761	1 0 0
3762	0 1 0
3763	0 0 1
3764	0 0 1
3765	0 1 0
3766	1 0 0
3767	1 0 0
3768	0 1 0
3769	0 1 0
3770	0 0 1
3771	0 0 1
3772	0 1 0
3773	1 0 0
3774	0 1 0
3775	0 1 0
3776	0 1 0
3777	1 0 0
3778	0 0 1
3779	0 0 1
3780	1 0 0
3781	0 0 1
3782	0 1 0
3783	0 0 1
3784	1 0 0
3785	0 1 0
3786	0 0 1
3787	0 0 1
3788	0 0 1
3789	0 1 0
3790	0 1 0
3791	1 0 0
3792	1 0 0
3793	0 0 1
3794	0 1 0
3795	0 1 0
3796	0 0 1
3797	0 0 1
3798	1 0 0
3799	0 0 1
3800	0 0 1
3801	0 0 1
3802	1 0 0
3803	0 0 1
3804	1 0 0
3805	1 0 0
3806	1 0 0
3807	0 0 1
3808	0 1 0
3809	0 0 1
3810	0 0 1
3811	0 1 0
3812	1 0 0
3813	0 0 1
3814	0 1 0
3815	0 0 1
3816	0 1 0
3817	0 1 0
3818	1 0 0
3819	0 1 0
3820	0 1 0
3821	0 0 1
3822	0 1 0
3823	0 0 1
3824	1 0 0
3825	0 1 0
3826	0 0 1
3827	0 0 1
3828	0 1 0
3829	0 0 1
3830	0 1 0
3831	0 1 0
3832	1 0 0
3833	0 1 0
3834	0 1 0
3835	0 0 1
3836	1 0 0
3837	0 0 1
3838	0 0 1
3839	0 0 1
3840	0 0 1
3841	0 1 0
3842	0 1 0
3843	0 0 1
3844	0 1 0
3845	0 1 0
3846	0 1 0
3847	0 1 0
3848	1 0 0
3849	0 1 0
3850	1 0 0
3851	1 0 0
3852	0 0 1
3853	0 0 1
3854	0 0 1
3855	0 0 1
3856	0 1 0
3857	1 0 0
3858	0 1 0
3859	1 0 0
3860	0 0 1
3861	0 1 0
3862	0 1 0
3863	0 0 1
3864	1 0 0
3865	1 0 0
3866	1 0 0
3867	1 0 0
3868	0 0 1
3869	0 0 1
3870	1 0 0
3871	1 0 0
3872	0 0 1
3873	0 0 1
3874	1 0 0
3875	1 0 0
3876	0 1 0
3877	0 1 0
3878	0 1 0
3879	0 1 0
3880	1 0 0
3881	0 0 1
3882	1 0 0
3883	1 0 0
3884	0 1 0
3885	0 0 1
3886	0 1 0
3887	1 0 0
3888	1 0 0
3889	0 1 0
3890	0 1 0
3891	1 0 0
3892	1 0 0
3893	0 0 1
3894	0 1 0
3895	0 1 0
3896	0 1 0
3897	0 1 0
3898	1 0 0
3899	0 0 1
3900	0 1 0
3901	0 0 1
3902	0 1 0
3903	0 1 0
3904	1 0 0
3905	0 1 0
3906	0 0 1
3907	1 0 0
3908	0 1 0
3909	0 0 1
3910	0 1 0
3911	0 0 1
3912	0 1 0
3913	0 0 1
3914	1 0 0
3915	0 0 1
3916	0 0 1
3917	0 0 1
3918	0 1 0
3919	1 0 0
3920	0 1 0
3921	0 0 1
3922	1 0 0
3923	0 0 1
3924	1 0 0
3925	0 1 0
3926	1 0 0
3927	1 0 0
3928	1 0 0
3929	0 0 1
3930	0 1 0
3931	0 1 0
3932	0 0 1
3933	0 0 1
3934	0 1 0
3935	1 0 0
3936	0 1 0
3937	1 0 0
3938	1 0 0
3939	0 0 1
3940	1 0 0
3941	0 1 0
3942	0 0 1
3943	1 0 0
3944	1 0 0
3945	1 0 0
3946	1 0 0
3947	0 1 0
3948	0 0 1
3949	0 1 0
3950	0 1 0
3951	0 0 1
3952	0 1 0
3953	0 0 1
3954	1 0 0
3955	0 0 1
3956	0 0 1
3957	1 0 0
3958	0 1 0
3959	0 1 0
3960	1 0 0
3961	1 0 0
3962	0 0 1
3963	0 1 0
3964	0 0 1
3965	1 0 0
3966	0 0 1
3967	1 0 0
3968	1 0 0
3969	1 0 0
3970	0 0 1
3971	1 0 0
3972	0 1 0
3973	0 0 1
3974	0 1 0
3975	0 0 1
3976	0 0 1
3977	0 1 0
3978	1 0 0
3979	0 0 1
3980	1 0 0
3981	0 0 1
3982	0 1 0
3983	0 0 1
3984	1 0 0
3985	0 0 1
3986	1 0 0
3987	1 0 0
3988	0 1 0
3989	0 1 0
3990	0 0 1
3991	1 0 0
3992	0 0 1
3993	0 1 0
3994	1 0 0
3995	0 1 0
3996	0 0 1
3997	0 0 1
3998	0 1 0
3999	0 0 1
4000	1 0 0
4001	0 0 1
4002	0 1 0
4003	1 0 0
4004	0 1 0
4005	0 1 0
4006	1 0 0
4007	0 0 1
4008	1 0 0
4009	0 1 0
4010	0 1 0
4011	0 1 0
4012	0 0 1
4013	0 1 0
4014	1 0 0
4015	0 1 0
4016	0 0 1
4017	0 1 0
4018	0 1 0
4019	0 0 1
4020	1 0 0
4021	0 1 0
4022	1 0 0
4023	0 0 1
4024	0 0 1
4025	1 0 0
4026	0 1 0
4027	0 0 1
4028	0 1 0
4029	0 0 1
4030	1 0 0
4031	1 0 0
4032	0 0 1
4033	0 1 0
4034	0 0 1
4035	0 0 1
4036	0 0 1
4037	0 0 1
4038	0 1 0
4039	1 0 0
4040	0 1 0
4041	0 1 0
4042	0 1 0
4043	0 1 0
4044	0 0 1
4045	0 0 1
4046	1 0 0
4047	0 0 1
4048	0 1 0
4049	0 1 0
4050	0 1 0
4051	1 0 0
4052	0 0 1
4053	0 0 1
4054	0 1 0
4055	0 1 0
4056	0 1 0
4057	0 0 1
4058	1 0 0
4059	1 0 0
4060	1 0 0
4061	0 0 1
4062	1 0 0
4063	1 0 0
4064	0 0 1
4065	0 0 1
4066	0 1 0
4067	0 0 1
4068	0 1 0
4069	0 0 1
4070	0 1 0
4071	0 1 0
4072	0 0 1
4073	0 1 0
4074	0 1 0
4075	1 0 0
4076	1 0 0
4077	1 0 0
4078	1 0 0
4079	0 0 1
4080	0 0 1
4081	1 0 0
4082	0 0 1
4083	0 1 0
4084	0 1 0
4085	0 1 0
4086	0 1 0
4087	0 1 0
4088	0 0 1
4089	0 0 1
4090	0 0 1
4091	0 0 1
4092	0 1 0
4093	0 1 0
4094	1 0 0
4095	0 0 1
4096	0 1 0
4097	1 0 0
4098	0 0 1
4099	0 0 1
4100	0 1 0
4101	0 0 1
4102	0 0 1
4103	0 0 1
4104	0 1 0
4105	0 1 0
4106	0 1 0
4107	1 0 0
4108	0 0 1
4109	1 0 0
4110	1 0 0
4111	1 0 0
4112	0 1 0
4113	1 0 0
4114	1 0 0
4115	1 0 0
4116	0 1 0
4117	1 0 0
4118	0 0 1
4119	0 0 1
4120	0 0 1
4121	1 0 0
4122	1 0 0
4123	0 1 0
4124	0 0 1
4125	0 0 1
4126	0 0 1
4127	1 0 0
4128	0 1 0
4129	0 0 1
4130	1 0 0
4131	0 1 0
4132	0 1 0
4133	0 0 1
4134	0 1 0
4135	1 0 0
4136	0 1 0
4137	1 0 0
4138	1 0 0
4139	1 0 0
4140	0 0 1
4141	0 1 0
4142	0 0 1
4143	0 0 1
4144	0 0 1
4145	1 0 0
4146	0 0 1
4147	1 0 0
4148	0 1 0
4149	0 1 0
4150	0 1 0
4151	1 0 0
4152	0 1 0
4153	1 0 0
4154	1 0 0
4155	1 0 0
4156	1 0 0
4157	0 1 0
4158	0 0 1
4159	0 0 1
4160	1 0 0
4161	0 1 0
4162	0 1 0
4163	1 0 0
4164	1 0 0
4165	1 0 0
4166	0 1 0
4167	1 0 0
4168	0 1 0
4169	1 0 0
4170	0 1 0
4171	0 1 0
4172	1 0 0
4173	0 1 0
4174	0 0 1
4175	0 0 1
4176	0 1 0
4177	1 0 0
4178	0 1 0
4179	1 0 0
4180	0 1 0
4181	1 0 0
4182	0 0 1
4183	0 0 1
4184	1 0 0
4185	0 0 1
4186	0 1 0
4187	1 0 0
4188	0 0 1
4189	1 0 0
4190	0 1 0
4191	1 0 0
4192	0 0 1
4193	0 1 0
4194	0 1 0
4195	0 1 0
4196	1 0 0
4197	0 1 0
4198	0 1 0
4199	1 0 0
4200	1 0 0
4201	1 0 0
4202	1 0 0
4203	1 0 0
4204	1 0 0
4205	1 0 0
4206	1 0 0
4207	0 1 0
4208	0 1 0
4209	0 1 0
4210	0 0 1
4211	0 1 0
4212	0 0 1
4213	1 0 0
4214	0 1 0
4215	0 1 0
4216	0 1 0
4217	0 1 0
4218	1 0 0
4219	0 1 0
4220	0 1 0
4221	1 0 0
4222	1 0 0
4223	0 1 0
4224	1 0 0
4225	1 0 0
4226	0 0 1
4227	1 0 0
4228	0 0 1
4229	0 1 0
4230	0 1 0
4231	0 0 1
4232	0 1 0
4233	1 0 0
4234	0 1 0
4235	0 1 0
4236	0 0 1
4237	0 1 0
4238	0 1 0
4239	0 1 0
4240	0 1 0
4241	0 0 1
4242	1 0 0
4243	1 0 0
4244	0 1 0
4245	0 0 1
4246	0 1 0
4247	0 1 0
4248	0 1 0
4249	0 1 0
4250	0 1 0
4251	1 0 0
4252	1 0 0
4253	1 0 0
4254	1 0 0
4255	0 0 1
4256	0 0 1
4257	1 0 0
4258	0 0 1
4259	0 1 0
4260	1 0 0
4261	0 1 0
4262	1 0 0
4263	0 0 1
4264	0 0 1
4265	1 0 0
4266	1 0 0
4267	0 1 0
4268	1 0 0
4269	0 1 0
4270	0 1 0
4271	0 0 1
4272	1 0 0
4273	0 1 0
4274	1 0 0
4275	0 0 1
4276	0 1 0
4277	0 1 0
4278	1 0 0
4279	1 0 0
4280	1 0 0
4281	0 1 0
4282	0 0 1
4283	0 0 1
4284	0 1 0
4285	0 0 1
4286	0 1 0
4287	1 0 0
4288	0 0 1
4289	1 0 0
4290	0 0 1
4291	0 0 1
4292	1 0 0
4293	1 0 0
4294	0 0 1
4295	0 0 1
4296	0 0 1
4297	1 0 0
4298	0 1 0
4299	0 0 1
4300	0 0 1
4301	0 0 1
4302	0 0 1
4303	0 1 0
4304	0 1 0
4305	0 1 0
4306	1 0 0
4307	0 1 0
4308	0 1 0
4309	0 0 1
4310	0 1 0
4311	0 0 1
4312	1 0 0
4313	1 0 0
4314	0 0 1
4315	0 1 0
4316	0 1 0
4317	1 0 0
4318	0 0 1
4319	0 1 0
4320	1 0 0
4321	0 1 0
4322	1 0 0
4323	0 1 0
4324	1 0 0
4325	1 0 0
4326	0 1 0
4327	0 0 1
4328	0 0 1
4329	0 0 1
4330	0 0 1
4331	0 1 0
4332	0 0 1
4333	0 1 0
4334	1 0 0
4335	0 1 0
4336	0 1 0
4337	0 0 1
4338	1 0 0
4339	1 0 0
4340	1 0 0
4341	0 0 1
4342	1 0 0
4343	0 0 1
4344	1 0 0
4345	1 0 0
4346	1 0 0
4347	0 1 0
4348	0 1 0
4349	0 0 1
4350	1 0 0
4351	0 0 1
4352	0 0 1
4353	1 0 0
4354	1 0 0
4355	0 0 1
4356	0 0 1
4357	1 0 0
4358	0 1 0
4359	1 0 0
4360	0 1 0
4361	1 0 0
4362	0 0 1
4363	0 0 1
4364	0 0 1
4365	1 0 0
4366	0 0 1
4367	1 0 0
4368	0 1 0
4369	0 1 0
4370	0 0 1
4371	1 0 0
4372	0 0 1
4373	1 0 0
4374	0 0 1
4375	0 0 1
4376	1 0 0
4377	1 0 0
4378	0 1 0
4379	1 0 0
4380	1 0 0
4381	0 1 0
4382	0 1 0
4383	1 0 0
4384	0 0 1
4385	1 0 0
4386	0 0 1
4387	0 1 0
4388	0 0 1
4389	1 0 0
4390	0 0 1
4391	0 0 1
4392	0 1 0
4393	1 0 0
4394	0 1 0
4395	0 0 1
4396	0 1 0
4397	1 0 0
4398	0 0 1
4399	1 0 0
4400	0 0 1
4401	0 0 1
4402	0 0 1
4403	1 0 0
4404	1 0 0
4405	0 1 0
4406	1 0 0
4407	0 1 0
4408	0 0 1
4409	0 1 0
4410	0 0 1
4411	1 0 0
4412	0 0 1
4413	0 0 1
4414	0 1 0
4415	1 0 0
4416	0 1 0
4417	0 0 1
4418	0 0 1
4419	1 0 0
4420	1 0 0
4421	0 0 1
4422	0 0 1
4423	0 1 0
4424	1 0 0
4425	0 0 1
4426	0 1 0
4427	1 0 0
4428	1 0 0
4429	0 1 0
4430	0 1 0
4431	0 0 1
4432	1 0 0
4433	1 0 0
4434	0 1 0
4435	0 0 1
4436	0 0 1
4437	0 0 1
4438	1 0 0
4439	0 0 1
4440	0 1 0
4441	0 0 1
4442	0 1 0
4443	1 0 0
4444	0 0 1
4445	1 0 0
4446	0 0 1
4447	0 1 0
4448	1 0 0
4449	0 1 0
4450	0 1 0
4451	1 0 0
4452	1 0 0
4453	1 0 0
4454	0 1 0
4455	0 1 0
4456	0 1 0
4457	1 0 0
4458	0 0 1
4459	0 0 1
4460	1 0 0
4461	1 0 0
4462	0 0 1
4463	0 1 0
4464	0 0 1
4465	0 1 0
4466	1 0 0
4467	0 0 1
4468	0 0 1
4469	0 1 0
4470	1 0 0
4471	1 0 0
4472	1 0 0
4473	0 1 0
4474	0 1 0
4475	0 0 1
4476	0 1 0
4477	1 0 0
4478	1 0 0
4479	0 1 0
4480	1 0 0
4481	1 0 0
4482	1 0 0
4483	0 0 1
4484	0 1 0
4485	0 1 0
4486	0 1 0
4487	0 0 1
4488	1 0 0
4489	0 1 0
4490	0 1 0
4491	1 0 0
4492	1 0 0
4493	0 0 1
4494	1 0 0
4495	0 1 0
4496	0 1 0
4497	0 0 1
4498	0 1 0
4499	1 0 0
4500	1 0 0
4501	0 1 0
4502	0 0 1
4503	1 0 0
4504	0 0 1
4505	0 1 0
4506	1 0 0
4507	0 1 0
4508	1 0 0
4509	0 0 1
4510	1 0 0
4511	0 0 1
4512	1 0 0
4513	0 1 0
4514	0 0 1
4515	1 0 0
4516	1 0 0
4517	0 0 1
4518	0 1 0
4519	0 1 0
4520	0 0 1
4521	0 0 1
4522	1 0 0
4523	0 0 1
4524	0 1 0
4525	1 0 0
4526	1 0 0
4527	1 0 0
4528	0 1 0
4529	0 0 1
4530	1 0 0
4531	0 0 1
4532	1 0 0
4533	0 1 0
4534	1 0 0
4535	1 0 0
4536	0 0 1
4537	1 0 0
4538	1 0 0
4539	1 0 0
4540	0 0 1
4541	1 0 0
4542	0 0 1
4543	0 0 1
4544	0 1 0
4545	1 0 0
4546	0 0 1
4547	0 0 1
4548	1 0 0
4549	0 1 0
4550	0 1 0
4551	0 0 1
4552	0 0 1
4553	0 0 1
4554	0 0 1
4555	1 0 0
4556	0 1 0
4557	1 0 0
4558	0 0 1
4559	1 0 0
4560	0 0 1
4561	0 0 1
4562	1 0 0
4563	0 0 1
4564	1 0 0
4565	0 1 0
4566	0 0 1
4567	1 0 0
4568	0 0 1
4569	1 0 0
4570	0 1 0
4571	1 0 0
4572	1 0 0
4573	0 0 1
4574	0 1 0
4575	0 1 0
4576	0 1 0
4577	1 0 0
4578	0 1 0
4579	1 0 0
4580	0 0 1
4581	1 0 0
4582	0 1 0
4583	1 0 0
4584	0 1 0
4585	0 1 0
4586	1 0 0
4587	1 0 0
4588	0 1 0
4589	0 0 1
4590	1 0 0
4591	0 1 0
4592	0 1 0
4593	1 0 0
4594	0 1 0
4595	0 0 1
4596	0 1 0
4597	0 1 0
4598	0 0 1
4599	1 0 0
4600	0 0 1
4601	0 1 0
4602	0 0 1
4603	0 0 1
4604	0 0 1
4605	1 0 0
4606	0 0 1
4607	1 0 0
4608	1 0 0
4609	0 0 1
4610	0 0 1
4611	0 0 1
4612	0 0 1
4613	0 0 1
4614	1 0 0
4615	0 0 1
4616	1 0 0
4617	0 0 1
4618	1 0 0
4619	0 1 0
4620	0 0 1
4621	0 0 1
4622	0 0 1
4623	0 1 0
4624	0 0 1
4625	0 1 0
4626	0 1 0
4627	1 0 0
4628	1 0 0
4629	0 1 0
4630	0 1 0
4631	0 0 1
4632	0 0 1
4633	1 0 0
4634	1 0 0
4635	1 0 0
4636	0 0 1
4637	1 0 0
4638	0 1 0
4639	1 0 0
4640	1 0 0
4641	0 0 1
4642	1 0 0
4643	0 1 0
4644	1 0 0
4645	0 1 0
4646	0 0 1
4647	0 0 1
4648	0 1 0
4649	0 0 1
4650	0 0 1
4651	1 0 0
4652	0 0 1
4653	0 0 1
4654	0 0 1
4655	0 0 1
4656	1 0 0
4657	1 0 0
4658	1 0 0
4659	0 1 0
4660	0 1 0
4661	0 1 0
4662	0 0 1
4663	0 0 1
4664	0 0 1
4665	0 0 1
4666	0 0 1
4667	0 1 0
4668	0 0 1
4669	1 0 0
4670	0 1 0
4671	0 0 1
4672	0 1 0
4673	0 0 1
4674	1 0 0
4675	0 1 0
4676	0 0 1
4677	0 1 0
4678	1 0 0
4679	1 0 0
4680	0 1 0
4681	0 0 1
4682	0 1 0
4683	1 0 0
4684	1 0 0
4685	1 0 0
4686	1 0 0
4687	0 0 1
4688	0 0 1
4689	0 0 1
4690	0 1 0
4691	1 0 0
4692	1 0 0
4693	0 1 0
4694	0 0 1
4695	0 1 0
4696	1 0 0
4697	1 0 0
4698	0 1 0
4699	0 0 1
4700	0 1 0
4701	1 0 0
4702	0 1 0
4703	0 0 1
4704	0 0 1
4705	1 0 0
4706	0 0 1
4707	0 0 1
4708	0 0 1
4709	1 0 0
4710	0 0 1
4711	0 1 0
4712	1 0 0
4713	0 0 1
4714	0 0 1
4715	0 0 1
4716	1 0 0
4717	1 0 0
4718	0 1 0
4719	0 1 0
4720	0 1 0
4721	0 0 1
4722	0 0 1
4723	1 0 0
4724	0 0 1
4725	1 0 0
4726	0 1 0
4727	0 0 1
4728	0 1 0
4729	1 0 0
4730	0 1 0
4731	0 0 1
4732	0 1 0
4733	0 1 0
4734	1 0 0
4735	0 1 0
4736	1 0 0
4737	1 0 0
4738	1 0 0
4739	0 0 1
4740	1 0 0
4741	1 0 0
4742	1 0 0
4743	1 0 0
4744	1 0 0
4745	1 0 0
4746	0 0 1
4747	0 0 1
4748	0 1 0
4749	0 1 0
4750	0 1 0
4751	1 0 0
4752	0 0 1
4753	1 0 0
4754	1 0 0
4755	1 0 0
4756	1 0 0
4757	0 0 1
4758	0 0 1
4759	0 1 0
4760	1 0 0
4761	0 1 0
4762	0 1 0
4763	1 0 0
4764	0 1 0
4765	0 0 1
4766	0 1 0
4767	1 0 0
4768	0 1 0
4769	0 1 0
4770	1 0 0
4771	0 0 1
4772	0 1 0
4773	1 0 0
4774	0 0 1
4775	1 0 0
4776	1 0 0
4777	1 0 0
4778	0 0 1
4779	0 0 1
4780	0 1 0
4781	0 0 1
4782	0 1 0
4783	0 0 1
4784	0 0 1
4785	1 0 0
4786	1 0 0
4787	0 1 0
4788	1 0 0
4789	0 0 1
4790	1 0 0
4791	0 1 0
4792	0 1 0
4793	0 0 1
4794	1 0 0
4795	0 1 0
4796	1 0 0
4797	0 1 0
4798	0 0 1
4799	0 0 1
4800	0 0 1
4801	0 0 1
4802	1 0 0
4803	1 0 0
4804	0 1 0
4805	1 0 0
4806	0 0 1
4807	1 0 0
4808	0 1 0
4809	0 1 0
4810	0 1 0
4811	0 1 0
4812	0 1 0
4813	1 0 0
4814	0 1 0
4815	1 0 0
4816	0 0 1
4817	1 0 0
4818	0 0 1
4819	1 0 0
4820	1 0 0
4821	0 1 0
4822	1 0 0
4823	0 0 1
4824	0 1 0
4825	0 1 0
4826	0 1 0
4827	0 0 1
4828	0 0 1
4829	1 0 0
4830	0 1 0
4831	0 0 1
4832	0 0 1
4833	0 1 0
4834	0 1 0
4835	1 0 0
4836	0 0 1
4837	0 1 0
4838	1 0 0
4839	0 0 1
4840	0 0 1
4841	0 1 0
4842	0 1 0
4843	0 0 1
4844	0 0 1
4845	0 1 0
4846	0 0 1
4847	1 0 0
4848	0 1 0
4849	0 0 1
4850	0 0 1
4851	0 0 1
4852	1 0 0
4853	1 0 0
4854	1 0 0
4855	1 0 0
4856	0 1 0
4857	0 0 1
4858	0 1 0
4859	1 0 0
4860	1 0 0
4861	0 0 1
4862	1 0 0
4863	0 1 0
4864	1 0 0
4865	0 0 1
4866	0 0 1
4867	0 0 1
4868	0 0 1
4869	0 0 1
4870	1 0 0
4871	0 1 0
4872	1 0 0
4873	0 0 1
4874	0 1 0
4875	1 0 0
4876	1 0 0
4877	0 1 0
4878	0 0 1
4879	0 1 0
4880	0 1 0
4881	0 0 1
4882	0 0 1
4883	0 1 0
4884	1 0 0
4885	0 1 0
4886	0 1 0
4887	0 0 1
4888	1 0 0
4889	1 0 0
4890	0 1 0
4891	0 0 1
4892	0 1 0
4893	0 0 1
4894	0 1 0
4895	0 1 0
4896	1 0 0
4897	0 1 0
4898	1 0 0
4899	0 1 0
4900	1 0 0
4901	0 0 1
4902	0 0 1
4903	0 0 1
4904	1 0 0
4905	1 0 0
4906	0 1 0
4907	0 1 0
4908	0 0 1
4909	1 0 0
4910	1 0 0
4911	0 0 1
4912	0 1 0
4913	0 0 1
4914	0 1 0
4915	1 0 0
4916	1 0 0
4917	1 0 0
4918	1 0 0
4919	1 0 0
4920	1 0 0
4921	0 1 0
4922	0 0 1
4923	1 0 0
4924	0 0 1
4925	0 0 1
4926	1 0 0
4927	1 0 0
4928	0 0 1
4929	0 1 0
4930	0 1 0
4931	0 0 1
4932	0 1 0
4933	0 0 1
4934	0 0 1
4935	0 1 0
4936	1 0 0
4937	0 0 1
4938	1 0 0
4939	0 1 0
4940	0 0 1
4941	0 0 1
4942	0 1 0
4943	0 1 0
4944	1 0 0
4945	0 0 1
4946	0 0 1
4947	1 0 0
4948	1 0 0
4949	0 1 0
4950	0 1 0
4951	0 1 0
4952	1 0 0
4953	0 0 1
4954	0 1 0
4955	1 0 0
4956	0 1 0
4957	0 0 1
4958	1 0 0
4959	1 0 0
4960	0 1 0
4961	0 0 1
4962	0 0 1
4963	0 0 1
4964	0 0 1
4965	1 0 0
4966	0 0 1
4967	0 1 0
4968	1 0 0
4969	0 1 0
4970	0 1 0
4971	0 0 1
4972	1 0 0
4973	0 0 1
4974	0 1 0
4975	0 1 0
4976	0 1 0
4977	0 1 0
4978	1 0 0
4979	0 0 1
4980	0 0 1
4981	1 0 0
4982	1 0 0
4983	0 1 0
4984	1 0 0
4985	0 1 0
4986	1 0 0
4987	0 0 1
4988	1 0 0
4989	0 0 1
4990	0 1 0
4991	1 0 0
4992	1 0 0
4993	0 0 1
4994	0 0 1
4995	0 0 1
4996	1 0 0
4997	0 1 0
4998	0 1 0
4999	1 0 0
