0	0 0 1
1	0 0 1
2	1 0 0
3	0 1 0
4	0 0 1
5	0 0 1
6	0 0 1
7	1 0 0
8	0 1 0
9	0 1 0
10	1 0 0
11	0 1 0
12	1 0 0
13	1 0 0
14	1 0 0
15	1 0 0
16	0 0 1
17	0 0 1
18	1 0 0
19	1 0 0
20	1 0 0
21	0 1 0
22	1 0 0
23	0 1 0
24	0 1 0
25	0 1 0
26	0 0 1
27	0 0 1
28	1 0 0
29	0 1 0
30	0 1 0
31	0 0 1
32	0 1 0
33	0 1 0
34	0 0 1
35	0 0 1
36	0 1 0
37	1 0 0
38	1 0 0
39	0 0 1
40	0 1 0
41	1 0 0
42	0 0 1
43	1 0 0
44	0 1 0
45	1 0 0
46	0 1 0
47	1 0 0
48	1 0 0
49	0 0 1
50	0 1 0
51	0 0 1
52	0 0 1
53	1 0 0
54	1 0 0
55	0 0 1
56	0 1 0
57	1 0 0
58	0 1 0
59	1 0 0
60	1 0 0
61	1 0 0
62	0 1 0
63	0 1 0
64	1 0 0
65	0 0 1
66	1 0 0
67	1 0 0
68	0 1 0
69	1 0 0
70	0 1 0
71	0 1 0
72	0 0 1
73	0 0 1
74	0 0 1
75	0 0 1
76	0 1 0
77	0 1 0
78	1 0 0
79	0 1 0
80	0 0 1
81	0 0 1
82	1 0 0
83	0 1 0
84	0 0 1
85	1 0 0
86	0 1 0
87	1 0 0
88	0 1 0
89	0 0 1
90	0 1 0
91	1 0 0
92	0 1 0
93	1 0 0
94	0 1 0
95	1 0 0
96	0 1 0
97	1 0 0
98	0 0 1
99	0 0 1
100	0 0 1
101	0 0 1
102	1 0 0
103	1 0 0
104	0 0 1
105	0 0 1
106	0 1 0
107	1 0 0
108	1 0 0
109	0 1 0
110	0 1 0
111	1 0 0
112	0 1 0
113	0 0 1
114	0 1 0
115	0 1 0
116	1 0 0
117	0 1 0
118	0 1 0
119	0 0 1
120	0 0 1
121	0 1 0
122	0 0 1
123	1 0 0
124	0 1 0
125	0 1 0
126	1 0 0
127	0 0 1
128	1 0 0
129	0 0 1
130	0 1 0
131	1 0 0
132	1 0 0
133	1 0 0
134	1 0 0
135	1 0 0
136	1 0 0
137	0 0 1
138	0 1 0
139	0 1 0
140	1 0 0
141	0 0 1
142	0 0 1
143	0 0 1
144	0 1 0
145	0 0 1
146	0 1 0
147	0 1 0
148	0 0 1
149	0 1 0
150	0 0 1
151	1 0 0
152	1 0 0
153	0 1 0
154	0 1 0
155	0 1 0
156	1 0 0
157	1 0 0
158	0 1 0
159	0 0 1
160	0 1 0
161	0 0 1
162	1 0 0
163	0 0 1
164	0 1 0
165	0 1 0
166	0 0 1
167	1 0 0
168	0 0 1
169	0 1 0
170	1 0 0
171	0 1 0
172	0 1 0
173	0 0 1
174	0 0 1
175	1 0 0
176	0 1 0
177	1 0 0
178	1 0 0
179	0 0 1
180	0 0 1
181	0 1 0
182	0 1 0
183	0 0 1
184	0 1 0
185	1 0 0
186	0 0 1
187	0 0 1
188	1 0 0
189	1 0 0
190	0 0 1
191	0 0 1
192	0 1 0
193	1 0 0
194	0 1 0
195	0 0 1
196	0 0 1
197	0 0 1
198	0 0 1
199	0 0 1
200	0 1 0
201	0 1 0
202	1 0 0
203	1 0 0
204	1 0 0
205	0 0 1
206	0 0 1
207	0 1 0
208	0 1 0
209	0 0 1
210	0 0 1
211	1 0 0
212	0 1 0
213	1 0 0
214	0 0 1
215	1 0 0
216	1 0 0
217	0 1 0
218	0 0 1
219	1 0 0
220	1 0 0
221	0 0 1
222	1 0 0
223	1 0 0
224	1 0 0
225	1 0 0
226	0 1 0
227	1 0 0
228	1 0 0
229	0 0 1
230	0 1 0
231	1 0 0
232	0 0 1
233	1 0 0
234	0 1 0
235	0 1 0
236	0 1 0
237	0 1 0
238	0 0 1
239	0 0 1
240	0 0 1
241	0 1 0
242	0 1 0
243	0 1 0
244	0 0 1
245	0 0 1
246	0 0 1
247	1 0 0
248	1 0 0
249	0 0 1
250	0 1 0
251	0 1 0
252	1 0 0
253	0 0 1
254	0 1 0
255	0 0 1
256	0 1 0
257	0 1 0
258	0 0 1
259	1 0 0
260	1 0 0
261	1 0 0
262	0 0 1
263	0 0 1
264	0 0 1
265	1 0 0
266	0 0 1
267	0 0 1
268	0 0 1
269	0 1 0
270	0 1 0
271	0 1 0
272	0 1 0
273	0 0 1
274	1 0 0
275	0 0 1
276	0 1 0
277	1 0 0
278	0 0 1
279	1 0 0
280	0 1 0
281	1 0 0
282	0 0 1
283	0 1 0
284	1 0 0
285	0 0 1
286	0 0 1
287	0 1 0
288	0 0 1
289	0 1 0
290	0 1 0
291	0 1 0
292	0 0 1
293	1 0 0
294	0 0 1
295	1 0 0
296	0 0 1
297	0 0 1
298	0 0 1
299	0 0 1
300	0 1 0
301	0 1 0
302	0 1 0
303	0 0 1
304	0 0 1
305	0 0 1
306	0 1 0
307	0 0 1
308	1 0 0
309	1 0 0
310	0 1 0
311	0 0 1
312	0 1 0
313	1 0 0
314	0 0 1
315	1 0 0
316	0 1 0
317	1 0 0
318	0 1 0
319	0 0 1
320	0 1 0
321	0 1 0
322	0 1 0
323	0 0 1
324	0 1 0
325	1 0 0
326	1 0 0
327	0 1 0
328	0 0 1
329	1 0 0
330	1 0 0
331	0 1 0
332	0 1 0
333	1 0 0
334	1 0 0
335	1 0 0
336	0 0 1
337	0 1 0
338	1 0 0
339	1 0 0
340	1 0 0
341	0 0 1
342	0 0 1
343	0 1 0
344	1 0 0
345	1 0 0
346	1 0 0
347	0 0 1
348	1 0 0
349	0 1 0
350	0 0 1
351	1 0 0
352	1 0 0
353	1 0 0
354	1 0 0
355	1 0 0
356	0 1 0
357	0 0 1
358	0 1 0
359	0 1 0
360	0 1 0
361	0 1 0
362	1 0 0
363	0 1 0
364	0 0 1
365	0 0 1
366	0 0 1
367	0 0 1
368	1 0 0
369	1 0 0
370	1 0 0
371	0 0 1
372	0 1 0
373	0 1 0
374	1 0 0
375	1 0 0
376	0 1 0
377	0 0 1
378	1 0 0
379	0 1 0
380	0 1 0
381	0 1 0
382	0 0 1
383	0 0 1
384	1 0 0
385	0 1 0
386	0 0 1
387	1 0 0
388	1 0 0
389	1 0 0
390	0 0 1
391	0 0 1
392	1 0 0
393	1 0 0
394	0 0 1
395	0 1 0
396	0 0 1
397	0 1 0
398	0 0 1
399	0 0 1
400	0 1 0
401	0 0 1
402	0 0 1
403	0 1 0
404	0 1 0
405	1 0 0
406	1 0 0
407	0 1 0
408	0 0 1
409	0 0 1
410	0 1 0
411	0 0 1
412	1 0 0
413	0 0 1
414	0 1 0
415	1 0 0
416	0 0 1
417	1 0 0
418	0 1 0
419	0 0 1
420	1 0 0
421	0 0 1
422	1 0 0
423	1 0 0
424	1 0 0
425	0 0 1
426	1 0 0
427	0 0 1
428	0 1 0
429	0 1 0
430	1 0 0
431	0 1 0
432	1 0 0
433	1 0 0
434	0 1 0
435	0 1 0
436	1 0 0
437	1 0 0
438	0 0 1
439	0 0 1
440	1 0 0
441	0 0 1
442	0 1 0
443	0 0 1
444	0 0 1
445	0 0 1
446	0 0 1
447	0 0 1
448	0 1 0
449	0 0 1
450	1 0 0
451	0 0 1
452	1 0 0
453	0 0 1
454	0 1 0
455	1 0 0
456	1 0 0
457	1 0 0
458	0 0 1
459	0 0 1
460	0 1 0
461	1 0 0
462	1 0 0
463	1 0 0
464	1 0 0
465	0 0 1
466	1 0 0
467	1 0 0
468	0 0 1
469	0 1 0
470	0 1 0
471	0 1 0
472	0 0 1
473	1 0 0
474	1 0 0
475	0 0 1
476	0 0 1
477	0 0 1
478	0 0 1
479	0 0 1
480	1 0 0
481	0 1 0
482	0 1 0
483	1 0 0
484	0 1 0
485	1 0 0
486	0 1 0
487	1 0 0
488	0 0 1
489	1 0 0
490	0 0 1
491	0 1 0
492	0 0 1
493	0 0 1
494	1 0 0
495	0 1 0
496	0 0 1
497	0 1 0
498	0 1 0
499	1 0 0
500	0 1 0
501	0 0 1
502	1 0 0
503	0 1 0
504	1 0 0
505	0 1 0
506	0 0 1
507	0 1 0
508	0 1 0
509	0 0 1
510	0 0 1
511	1 0 0
512	0 1 0
513	0 0 1
514	0 1 0
515	0 1 0
516	0 1 0
517	0 1 0
518	0 0 1
519	1 0 0
520	1 0 0
521	0 1 0
522	1 0 0
523	0 1 0
524	0 0 1
525	0 1 0
526	0 0 1
527	1 0 0
528	1 0 0
529	1 0 0
530	1 0 0
531	0 1 0
532	0 1 0
533	1 0 0
534	1 0 0
535	0 1 0
536	0 1 0
537	1 0 0
538	1 0 0
539	0 0 1
540	0 0 1
541	1 0 0
542	1 0 0
543	1 0 0
544	0 0 1
545	1 0 0
546	0 0 1
547	1 0 0
548	0 0 1
549	0 1 0
550	1 0 0
551	0 0 1
552	0 0 1
553	1 0 0
554	0 1 0
555	0 1 0
556	1 0 0
557	0 1 0
558	1 0 0
559	1 0 0
560	0 1 0
561	1 0 0
562	0 0 1
563	1 0 0
564	0 1 0
565	0 0 1
566	0 0 1
567	0 1 0
568	0 0 1
569	0 0 1
570	0 1 0
571	0 0 1
572	0 0 1
573	0 1 0
574	0 1 0
575	0 1 0
576	1 0 0
577	0 0 1
578	0 0 1
579	0 0 1
580	0 1 0
581	0 1 0
582	1 0 0
583	0 0 1
584	1 0 0
585	0 0 1
586	1 0 0
587	0 1 0
588	0 0 1
589	1 0 0
590	0 1 0
591	0 0 1
592	0 1 0
593	1 0 0
594	1 0 0
595	0 1 0
596	0 0 1
597	0 0 1
598	1 0 0
599	0 1 0
600	0 0 1
601	0 0 1
602	0 0 1
603	0 1 0
604	0 0 1
605	0 1 0
606	0 1 0
607	0 1 0
608	0 0 1
609	0 1 0
610	1 0 0
611	0 0 1
612	0 0 1
613	1 0 0
614	1 0 0
615	0 1 0
616	0 1 0
617	0 1 0
618	1 0 0
619	1 0 0
620	0 0 1
621	1 0 0
622	0 0 1
623	0 0 1
624	0 0 1
625	1 0 0
626	0 1 0
627	0 1 0
628	0 0 1
629	0 1 0
630	0 0 1
631	1 0 0
632	1 0 0
633	0 0 1
634	0 1 0
635	0 1 0
636	1 0 0
637	0 1 0
638	0 0 1
639	1 0 0
640	0 0 1
641	1 0 0
642	0 0 1
643	0 0 1
644	0 0 1
645	1 0 0
646	1 0 0
647	1 0 0
648	0 0 1
649	0 0 1
650	1 0 0
651	0 0 1
652	1 0 0
653	0 1 0
654	1 0 0
655	0 0 1
656	0 0 1
657	0 1 0
658	0 1 0
659	1 0 0
660	0 1 0
661	0 1 0
662	0 1 0
663	0 1 0
664	1 0 0
665	0 0 1
666	1 0 0
667	1 0 0
668	0 1 0
669	0 1 0
670	1 0 0
671	0 1 0
672	1 0 0
673	1 0 0
674	1 0 0
675	0 0 1
676	0 0 1
677	1 0 0
678	0 0 1
679	0 1 0
680	0 1 0
681	1 0 0
682	0 1 0
683	0 0 1
684	0 0 1
685	1 0 0
686	0 1 0
687	1 0 0
688	0 0 1
689	0 1 0
690	1 0 0
691	0 0 1
692	0 0 1
693	0 0 1
694	0 1 0
695	0 0 1
696	0 0 1
697	1 0 0
698	1 0 0
699	1 0 0
700	0 0 1
701	1 0 0
702	0 0 1
703	1 0 0
704	1 0 0
705	1 0 0
706	0 1 0
707	0 1 0
708	0 0 1
709	0 1 0
710	0 1 0
711	0 0 1
712	1 0 0
713	0 1 0
714	1 0 0
715	0 0 1
716	1 0 0
717	0 0 1
718	0 1 0
719	0 0 1
720	1 0 0
721	1 0 0
722	0 1 0
723	0 0 1
724	0 0 1
725	0 1 0
726	1 0 0
727	0 1 0
728	0 1 0
729	1 0 0
730	0 1 0
731	0 0 1
732	0 1 0
733	0 0 1
734	0 0 1
735	0 0 1
736	0 1 0
737	0 1 0
738	1 0 0
739	1 0 0
740	0 0 1
741	1 0 0
742	0 0 1
743	1 0 0
744	0 1 0
745	1 0 0
746	0 0 1
747	0 0 1
748	0 1 0
749	1 0 0
750	0 1 0
751	0 1 0
752	0 1 0
753	0 1 0
754	0 0 1
755	0 1 0
756	0 0 1
757	1 0 0
758	1 0 0
759	0 1 0
760	0 0 1
761	0 0 1
762	1 0 0
763	0 0 1
764	0 1 0
765	0 0 1
766	0 0 1
767	0 1 0
768	0 1 0
769	0 1 0
770	0 1 0
771	0 1 0
772	0 0 1
773	1 0 0
774	0 0 1
775	0 0 1
776	1 0 0
777	0 1 0
778	0 1 0
779	0 1 0
780	1 0 0
781	0 1 0
782	1 0 0
783	1 0 0
784	0 1 0
785	0 1 0
786	1 0 0
787	1 0 0
788	0 0 1
789	0 0 1
790	0 1 0
791	1 0 0
792	0 0 1
793	0 0 1
794	0 1 0
795	0 1 0
796	0 0 1
797	0 0 1
798	0 0 1
799	0 0 1
800	0 0 1
801	0 0 1
802	1 0 0
803	1 0 0
804	0 0 1
805	0 1 0
806	0 1 0
807	1 0 0
808	1 0 0
809	0 1 0
810	0 1 0
811	1 0 0
812	1 0 0
813	1 0 0
814	0 0 1
815	1 0 0
816	0 1 0
817	0 1 0
818	0 0 1
819	0 1 0
820	1 0 0
821	0 1 0
822	0 0 1
823	0 0 1
824	1 0 0
825	0 1 0
826	0 1 0
827	1 0 0
828	0 0 1
829	0 0 1
830	1 0 0
831	1 0 0
832	1 0 0
833	1 0 0
834	1 0 0
835	1 0 0
836	0 0 1
837	0 0 1
838	0 0 1
839	0 1 0
840	0 1 0
841	1 0 0
842	0 1 0
843	0 0 1
844	0 0 1
845	0 1 0
846	0 0 1
847	0 1 0
848	0 1 0
849	0 1 0
850	1 0 0
851	0 0 1
852	0 1 0
853	1 0 0
854	0 0 1
855	0 0 1
856	1 0 0
857	0 0 1
858	0 1 0
859	0 0 1
860	1 0 0
861	1 0 0
862	0 1 0
863	0 0 1
864	0 0 1
865	1 0 0
866	1 0 0
867	0 1 0
868	0 0 1
869	0 0 1
870	0 1 0
871	1 0 0
872	1 0 0
873	0 1 0
874	0 1 0
875	1 0 0
876	0 1 0
877	0 1 0
878	0 1 0
879	0 1 0
880	0 0 1
881	1 0 0
882	0 1 0
883	0 0 1
884	0 1 0
885	0 1 0
886	1 0 0
887	0 1 0
888	0 1 0
889	0 0 1
890	0 0 1
891	0 1 0
892	0 0 1
893	0 0 1
894	0 1 0
895	0 1 0
896	1 0 0
897	1 0 0
898	1 0 0
899	1 0 0
900	0 1 0
901	0 1 0
902	0 1 0
903	0 0 1
904	1 0 0
905	1 0 0
906	1 0 0
907	0 1 0
908	1 0 0
909	1 0 0
910	1 0 0
911	0 0 1
912	0 1 0
913	1 0 0
914	0 1 0
915	1 0 0
916	0 1 0
917	1 0 0
918	1 0 0
919	0 0 1
920	0 1 0
921	0 0 1
922	1 0 0
923	1 0 0
924	0 1 0
925	1 0 0
926	1 0 0
927	0 1 0
928	0 1 0
929	1 0 0
930	0 1 0
931	1 0 0
932	0 1 0
933	0 1 0
934	1 0 0
935	0 0 1
936	0 1 0
937	1 0 0
938	0 1 0
939	0 0 1
940	1 0 0
941	1 0 0
942	0 1 0
943	0 0 1
944	0 1 0
945	0 1 0
946	0 1 0
947	0 0 1
948	0 0 1
949	0 1 0
950	0 1 0
951	0 0 1
952	1 0 0
953	1 0 0
954	0 1 0
955	0 1 0
956	0 1 0
957	1 0 0
958	0 1 0
959	0 0 1
960	0 0 1
961	0 0 1
962	0 0 1
963	0 1 0
964	0 1 0
965	1 0 0
966	0 0 1
967	0 0 1
968	0 1 0
969	1 0 0
970	0 1 0
971	0 0 1
972	0 0 1
973	0 0 1
974	0 0 1
975	0 1 0
976	0 0 1
977	0 0 1
978	0 1 0
979	0 0 1
980	0 0 1
981	0 0 1
982	1 0 0
983	0 0 1
984	1 0 0
985	1 0 0
986	0 0 1
987	1 0 0
988	0 0 1
989	1 0 0
990	0 1 0
991	0 1 0
992	0 1 0
993	1 0 0
994	0 1 0
995	0 1 0
996	1 0 0
997	0 1 0
998	0 1 0
999	0 0 1
1000	1 0 0
1001	0 1 0
1002	0 0 1
1003	1 0 0
1004	0 0 1
1005	0 0 1
1006	1 0 0
1007	1 0 0
1008	1 0 0
1009	0 1 0
1010	0 0 1
1011	0 1 0
1012	1 0 0
1013	0 0 1
1014	1 0 0
1015	1 0 0
1016	1 0 0
1017	1 0 0
1018	0 1 0
1019	0 1 0
1020	1 0 0
1021	1 0 0
1022	0 1 0
1023	0 0 1
1024	1 0 0
1025	0 1 0
1026	0 0 1
1027	0 0 1
1028	0 0 1
1029	0 1 0
1030	0 1 0
1031	0 0 1
1032	0 1 0
1033	0 1 0
1034	1 0 0
1035	1 0 0
1036	0 0 1
1037	1 0 0
1038	1 0 0
1039	1 0 0
1040	0 1 0
1041	1 0 0
1042	0 0 1
1043	0 0 1
1044	1 0 0
1045	0 0 1
1046	0 0 1
1047	1 0 0
1048	0 0 1
1049	0 0 1
1050	1 0 0
1051	1 0 0
1052	1 0 0
1053	1 0 0
1054	0 1 0
1055	0 1 0
1056	0 0 1
1057	1 0 0
1058	0 0 1
1059	1 0 0
1060	0 0 1
1061	0 0 1
1062	0 1 0
1063	0 1 0
1064	0 1 0
1065	0 0 1
1066	1 0 0
1067	0 0 1
1068	1 0 0
1069	0 0 1
1070	1 0 0
1071	0 0 1
1072	1 0 0
1073	1 0 0
1074	0 0 1
1075	0 1 0
1076	1 0 0
1077	1 0 0
1078	0 1 0
1079	1 0 0
1080	0 1 0
1081	0 0 1
1082	0 0 1
1083	0 0 1
1084	0 1 0
1085	1 0 0
1086	1 0 0
1087	1 0 0
1088	0 0 1
1089	0 1 0
1090	0 1 0
1091	0 1 0
1092	0 0 1
1093	1 0 0
1094	1 0 0
1095	0 0 1
1096	0 0 1
1097	0 1 0
1098	0 1 0
1099	1 0 0
1100	0 0 1
1101	1 0 0
1102	1 0 0
1103	0 1 0
1104	0 1 0
1105	0 1 0
1106	0 0 1
1107	1 0 0
1108	1 0 0
1109	0 1 0
1110	0 1 0
1111	0 1 0
1112	0 0 1
1113	1 0 0
1114	0 1 0
1115	0 1 0
1116	1 0 0
1117	0 1 0
1118	0 0 1
1119	1 0 0
1120	0 1 0
1121	0 1 0
1122	0 0 1
1123	1 0 0
1124	0 1 0
1125	0 0 1
1126	1 0 0
1127	0 1 0
1128	0 1 0
1129	1 0 0
1130	0 0 1
1131	0 0 1
1132	0 0 1
1133	0 1 0
1134	0 0 1
1135	0 1 0
1136	0 1 0
1137	0 1 0
1138	1 0 0
1139	0 1 0
1140	0 1 0
1141	0 1 0
1142	1 0 0
1143	0 0 1
1144	0 1 0
1145	1 0 0
1146	1 0 0
1147	0 1 0
1148	0 0 1
1149	0 0 1
1150	1 0 0
1151	0 1 0
1152	0 1 0
1153	1 0 0
1154	0 1 0
1155	1 0 0
1156	0 0 1
1157	0 1 0
1158	0 1 0
1159	1 0 0
1160	0 1 0
1161	0 1 0
1162	0 0 1
1163	0 0 1
1164	1 0 0
1165	1 0 0
1166	0 1 0
1167	0 1 0
1168	0 1 0
1169	0 0 1
1170	0 1 0
1171	0 0 1
1172	0 1 0
1173	0 1 0
1174	1 0 0
1175	0 1 0
1176	0 0 1
1177	0 0 1
1178	1 0 0
1179	0 0 1
1180	0 1 0
1181	0 0 1
1182	0 0 1
1183	0 1 0
1184	1 0 0
1185	1 0 0
1186	0 0 1
1187	0 1 0
1188	1 0 0
1189	0 1 0
1190	0 1 0
1191	1 0 0
1192	1 0 0
1193	0 1 0
1194	0 1 0
1195	0 0 1
1196	1 0 0
1197	0 0 1
1198	1 0 0
1199	1 0 0
1200	0 1 0
1201	1 0 0
1202	1 0 0
1203	1 0 0
1204	1 0 0
1205	1 0 0
1206	1 0 0
1207	0 1 0
1208	1 0 0
1209	1 0 0
1210	0 0 1
1211	0 0 1
1212	0 0 1
1213	1 0 0
1214	1 0 0
1215	0 0 1
1216	0 0 1
1217	1 0 0
1218	0 1 0
1219	0 0 1
1220	0 0 1
1221	0 1 0
1222	0 0 1
1223	0 0 1
1224	0 1 0
1225	0 1 0
1226	1 0 0
1227	0 0 1
1228	1 0 0
1229	1 0 0
1230	0 0 1
1231	0 0 1
1232	0 0 1
1233	0 1 0
1234	0 0 1
1235	1 0 0
1236	0 1 0
1237	0 0 1
1238	1 0 0
1239	1 0 0
1240	0 0 1
1241	1 0 0
1242	0 1 0
1243	0 1 0
1244	1 0 0
1245	0 1 0
1246	1 0 0
1247	1 0 0
1248	0 0 1
1249	0 1 0
1250	0 1 0
1251	0 0 1
1252	0 1 0
1253	0 1 0
1254	0 0 1
1255	0 1 0
1256	0 0 1
1257	1 0 0
1258	0 1 0
1259	1 0 0
1260	0 1 0
1261	0 0 1
1262	0 0 1
1263	0 1 0
1264	0 0 1
1265	0 0 1
1266	0 1 0
1267	0 0 1
1268	1 0 0
1269	0 1 0
1270	1 0 0
1271	0 1 0
1272	0 0 1
1273	0 0 1
1274	0 0 1
1275	0 0 1
1276	1 0 0
1277	0 0 1
1278	0 1 0
1279	1 0 0
1280	0 0 1
1281	0 0 1
1282	1 0 0
1283	1 0 0
1284	0 0 1
1285	0 1 0
1286	0 0 1
1287	0 1 0
1288	1 0 0
1289	0 1 0
1290	0 1 0
1291	0 0 1
1292	0 0 1
1293	1 0 0
1294	0 0 1
1295	0 1 0
1296	0 0 1
1297	1 0 0
1298	0 1 0
1299	1 0 0
1300	0 0 1
1301	1 0 0
1302	1 0 0
1303	0 1 0
1304	0 1 0
1305	0 0 1
1306	1 0 0
1307	0 1 0
1308	1 0 0
1309	0 0 1
1310	0 0 1
1311	1 0 0
1312	0 1 0
1313	0 0 1
1314	0 1 0
1315	0 1 0
1316	1 0 0
1317	0 1 0
1318	1 0 0
1319	0 1 0
1320	0 1 0
1321	1 0 0
1322	1 0 0
1323	0 1 0
1324	0 1 0
1325	0 0 1
1326	0 0 1
1327	0 1 0
1328	0 0 1
1329	0 1 0
1330	0 1 0
1331	1 0 0
1332	0 1 0
1333	0 1 0
1334	1 0 0
1335	0 1 0
1336	1 0 0
1337	1 0 0
1338	0 1 0
1339	1 0 0
1340	0 1 0
1341	0 0 1
1342	0 1 0
1343	0 0 1
1344	0 1 0
1345	0 0 1
1346	0 1 0
1347	0 0 1
1348	0 1 0
1349	1 0 0
1350	1 0 0
1351	0 0 1
1352	0 1 0
1353	1 0 0
1354	1 0 0
1355	1 0 0
1356	0 1 0
1357	0 0 1
1358	0 0 1
1359	0 1 0
1360	0 0 1
1361	0 1 0
1362	0 1 0
1363	1 0 0
1364	0 0 1
1365	1 0 0
1366	1 0 0
1367	1 0 0
1368	0 0 1
1369	0 1 0
1370	1 0 0
1371	0 1 0
1372	0 1 0
1373	0 0 1
1374	0 0 1
1375	1 0 0
1376	0 1 0
1377	0 0 1
1378	0 1 0
1379	1 0 0
1380	1 0 0
1381	0 0 1
1382	0 0 1
1383	0 0 1
1384	1 0 0
1385	0 0 1
1386	1 0 0
1387	0 0 1
1388	0 0 1
1389	1 0 0
1390	1 0 0
1391	0 0 1
1392	0 0 1
1393	0 1 0
1394	0 0 1
1395	0 0 1
1396	1 0 0
1397	0 1 0
1398	0 1 0
1399	0 1 0
1400	0 0 1
1401	0 0 1
1402	0 1 0
1403	0 0 1
1404	0 0 1
1405	0 0 1
1406	0 1 0
1407	0 1 0
1408	0 1 0
1409	0 0 1
1410	0 0 1
1411	1 0 0
1412	0 1 0
1413	0 0 1
1414	0 1 0
1415	1 0 0
1416	1 0 0
1417	0 0 1
1418	0 1 0
1419	1 0 0
1420	0 0 1
1421	0 0 1
1422	0 0 1
1423	0 1 0
1424	0 0 1
1425	1 0 0
1426	0 1 0
1427	1 0 0
1428	0 1 0
1429	0 0 1
1430	1 0 0
1431	0 1 0
1432	0 0 1
1433	0 1 0
1434	1 0 0
1435	1 0 0
1436	0 1 0
1437	1 0 0
1438	0 1 0
1439	1 0 0
1440	0 1 0
1441	0 1 0
1442	0 1 0
1443	0 0 1
1444	1 0 0
1445	0 1 0
1446	0 1 0
1447	1 0 0
1448	0 1 0
1449	0 1 0
1450	0 1 0
1451	0 0 1
1452	0 1 0
1453	0 1 0
1454	0 1 0
1455	0 1 0
1456	1 0 0
1457	0 1 0
1458	0 1 0
1459	1 0 0
1460	1 0 0
1461	0 0 1
1462	0 0 1
1463	0 1 0
1464	0 1 0
1465	0 1 0
1466	0 0 1
1467	0 1 0
1468	1 0 0
1469	0 1 0
1470	0 0 1
1471	0 1 0
1472	0 1 0
1473	0 1 0
1474	1 0 0
1475	1 0 0
1476	0 1 0
1477	0 0 1
1478	1 0 0
1479	1 0 0
1480	0 1 0
1481	0 1 0
1482	1 0 0
1483	0 0 1
1484	1 0 0
1485	0 0 1
1486	0 1 0
1487	1 0 0
1488	1 0 0
1489	1 0 0
1490	1 0 0
1491	0 0 1
1492	0 0 1
1493	1 0 0
1494	0 0 1
1495	0 0 1
1496	0 1 0
1497	1 0 0
1498	1 0 0
1499	0 0 1
1500	1 0 0
1501	1 0 0
1502	0 1 0
1503	1 0 0
1504	1 0 0
1505	1 0 0
1506	1 0 0
1507	0 0 1
1508	0 1 0
1509	1 0 0
1510	0 0 1
1511	0 0 1
1512	1 0 0
1513	0 0 1
1514	0 1 0
1515	0 1 0
1516	0 0 1
1517	1 0 0
1518	0 0 1
1519	1 0 0
1520	1 0 0
1521	0 1 0
1522	1 0 0
1523	0 0 1
1524	0 0 1
1525	0 0 1
1526	1 0 0
1527	0 1 0
1528	0 1 0
1529	1 0 0
1530	1 0 0
1531	0 0 1
1532	0 0 1
1533	0 1 0
1534	1 0 0
1535	0 1 0
1536	0 1 0
1537	0 1 0
1538	0 0 1
1539	0 1 0
1540	1 0 0
1541	0 0 1
1542	0 0 1
1543	0 0 1
1544	0 1 0
1545	0 0 1
1546	1 0 0
1547	0 0 1
1548	0 0 1
1549	0 1 0
1550	1 0 0
1551	1 0 0
1552	0 1 0
1553	0 0 1
1554	1 0 0
1555	0 0 1
1556	0 1 0
1557	1 0 0
1558	0 0 1
1559	0 0 1
1560	0 0 1
1561	0 0 1
1562	1 0 0
1563	0 1 0
1564	0 1 0
1565	0 1 0
1566	0 0 1
1567	1 0 0
1568	0 1 0
1569	0 0 1
1570	0 0 1
1571	1 0 0
1572	0 0 1
1573	0 0 1
1574	1 0 0
1575	0 1 0
1576	0 0 1
1577	0 0 1
1578	1 0 0
1579	0 1 0
1580	0 1 0
1581	0 1 0
1582	0 1 0
1583	0 1 0
1584	0 0 1
1585	0 1 0
1586	1 0 0
1587	1 0 0
1588	0 0 1
1589	0 1 0
1590	0 0 1
1591	0 0 1
1592	0 0 1
1593	1 0 0
1594	0 1 0
1595	0 0 1
1596	0 0 1
1597	1 0 0
1598	0 0 1
1599	0 0 1
1600	1 0 0
1601	0 1 0
1602	0 0 1
1603	0 0 1
1604	1 0 0
1605	0 0 1
1606	0 0 1
1607	0 0 1
1608	0 0 1
1609	1 0 0
1610	1 0 0
1611	0 0 1
1612	0 1 0
1613	0 1 0
1614	1 0 0
1615	1 0 0
1616	1 0 0
1617	0 0 1
1618	0 1 0
1619	1 0 0
1620	0 1 0
1621	0 0 1
1622	0 1 0
1623	0 1 0
1624	0 1 0
1625	0 0 1
1626	0 1 0
1627	0 0 1
1628	1 0 0
1629	1 0 0
1630	1 0 0
1631	0 1 0
1632	1 0 0
1633	0 1 0
1634	0 1 0
1635	0 0 1
1636	0 1 0
1637	0 1 0
1638	0 1 0
1639	0 0 1
1640	0 1 0
1641	0 1 0
1642	1 0 0
1643	0 1 0
1644	0 1 0
1645	1 0 0
1646	1 0 0
1647	0 1 0
1648	0 1 0
1649	0 0 1
1650	1 0 0
1651	0 0 1
1652	0 1 0
1653	1 0 0
1654	0 0 1
1655	0 0 1
1656	0 0 1
1657	0 1 0
1658	0 1 0
1659	0 0 1
1660	0 0 1
1661	1 0 0
1662	1 0 0
1663	1 0 0
1664	0 0 1
1665	1 0 0
1666	0 0 1
1667	1 0 0
1668	0 1 0
1669	0 1 0
1670	0 1 0
1671	0 0 1
1672	1 0 0
1673	0 1 0
1674	1 0 0
1675	0 1 0
1676	0 0 1
1677	0 0 1
1678	1 0 0
1679	0 1 0
1680	1 0 0
1681	0 1 0
1682	1 0 0
1683	0 1 0
1684	1 0 0
1685	0 1 0
1686	0 0 1
1687	0 1 0
1688	0 1 0
1689	0 1 0
1690	1 0 0
1691	1 0 0
1692	0 1 0
1693	0 0 1
1694	1 0 0
1695	0 0 1
1696	0 1 0
1697	0 1 0
1698	1 0 0
1699	0 0 1
1700	0 1 0
1701	0 0 1
1702	0 1 0
1703	1 0 0
1704	1 0 0
1705	1 0 0
1706	0 1 0
1707	0 1 0
1708	0 1 0
1709	1 0 0
1710	0 1 0
1711	0 1 0
1712	0 0 1
1713	1 0 0
1714	1 0 0
1715	0 1 0
1716	1 0 0
1717	0 0 1
1718	0 0 1
1719	1 0 0
1720	0 1 0
1721	1 0 0
1722	0 0 1
1723	1 0 0
1724	0 1 0
1725	1 0 0
1726	0 0 1
1727	0 1 0
1728	0 1 0
1729	0 0 1
1730	0 1 0
1731	1 0 0
1732	0 1 0
1733	0 1 0
1734	0 0 1
1735	0 1 0
1736	1 0 0
1737	0 0 1
1738	1 0 0
1739	0 1 0
1740	0 1 0
1741	1 0 0
1742	0 1 0
1743	0 1 0
1744	0 0 1
1745	0 1 0
1746	0 1 0
1747	0 1 0
1748	0 0 1
1749	0 1 0
1750	1 0 0
1751	1 0 0
1752	0 1 0
1753	0 1 0
1754	1 0 0
1755	1 0 0
1756	1 0 0
1757	0 1 0
1758	0 1 0
1759	0 1 0
1760	0 1 0
1761	0 0 1
1762	1 0 0
1763	0 1 0
1764	0 1 0
1765	1 0 0
1766	0 0 1
1767	0 1 0
1768	1 0 0
1769	0 1 0
1770	0 0 1
1771	1 0 0
1772	0 1 0
1773	0 0 1
1774	0 0 1
1775	1 0 0
1776	1 0 0
1777	0 0 1
1778	0 0 1
1779	1 0 0
1780	1 0 0
1781	1 0 0
1782	1 0 0
1783	0 0 1
1784	1 0 0
1785	0 1 0
1786	0 0 1
1787	0 1 0
1788	0 1 0
1789	0 0 1
1790	1 0 0
1791	0 1 0
1792	0 1 0
1793	0 1 0
1794	0 1 0
1795	0 0 1
1796	0 0 1
1797	1 0 0
1798	0 0 1
1799	0 0 1
1800	0 0 1
1801	0 0 1
1802	0 0 1
1803	0 0 1
1804	0 1 0
1805	1 0 0
1806	1 0 0
1807	0 1 0
1808	0 1 0
1809	0 0 1
1810	0 1 0
1811	1 0 0
1812	1 0 0
1813	0 0 1
1814	1 0 0
1815	1 0 0
1816	1 0 0
1817	0 1 0
1818	1 0 0
1819	0 0 1
1820	0 1 0
1821	0 0 1
1822	1 0 0
1823	0 1 0
1824	0 1 0
1825	1 0 0
1826	0 1 0
1827	1 0 0
1828	1 0 0
1829	0 0 1
1830	0 0 1
1831	0 0 1
1832	0 1 0
1833	1 0 0
1834	1 0 0
1835	0 1 0
1836	1 0 0
1837	1 0 0
1838	0 1 0
1839	0 0 1
1840	0 1 0
1841	0 0 1
1842	0 0 1
1843	0 1 0
1844	1 0 0
1845	0 1 0
1846	0 1 0
1847	0 0 1
1848	1 0 0
1849	0 0 1
1850	0 1 0
1851	0 1 0
1852	1 0 0
1853	1 0 0
1854	1 0 0
1855	0 1 0
1856	0 0 1
1857	0 0 1
1858	0 0 1
1859	1 0 0
1860	0 0 1
1861	0 1 0
1862	0 0 1
1863	0 1 0
1864	0 0 1
1865	0 1 0
1866	1 0 0
1867	0 0 1
1868	0 0 1
1869	0 0 1
1870	0 1 0
1871	0 0 1
1872	1 0 0
1873	0 1 0
1874	0 1 0
1875	1 0 0
1876	0 1 0
1877	0 0 1
1878	0 1 0
1879	0 0 1
1880	1 0 0
1881	0 1 0
1882	0 0 1
1883	1 0 0
1884	0 1 0
1885	1 0 0
1886	0 0 1
1887	1 0 0
1888	0 1 0
1889	0 0 1
1890	0 1 0
1891	0 1 0
1892	0 1 0
1893	1 0 0
1894	0 1 0
1895	0 0 1
1896	1 0 0
1897	1 0 0
1898	1 0 0
1899	0 1 0
1900	0 1 0
1901	1 0 0
1902	1 0 0
1903	0 0 1
1904	1 0 0
1905	1 0 0
1906	0 0 1
1907	1 0 0
1908	0 0 1
1909	0 1 0
1910	0 1 0
1911	0 0 1
1912	0 1 0
1913	0 1 0
1914	1 0 0
1915	0 0 1
1916	1 0 0
1917	1 0 0
1918	1 0 0
1919	1 0 0
1920	0 1 0
1921	1 0 0
1922	0 1 0
1923	0 0 1
1924	1 0 0
1925	1 0 0
1926	1 0 0
1927	1 0 0
1928	0 0 1
1929	0 1 0
1930	1 0 0
1931	0 0 1
1932	0 0 1
1933	0 1 0
1934	0 0 1
1935	0 0 1
1936	0 0 1
1937	0 1 0
1938	0 1 0
1939	1 0 0
1940	1 0 0
1941	1 0 0
1942	0 1 0
1943	1 0 0
1944	1 0 0
1945	1 0 0
1946	0 0 1
1947	1 0 0
1948	0 1 0
1949	0 0 1
1950	0 0 1
1951	0 1 0
1952	0 1 0
1953	0 1 0
1954	1 0 0
1955	0 1 0
1956	0 0 1
1957	0 1 0
1958	1 0 0
1959	0 1 0
1960	0 1 0
1961	0 1 0
1962	1 0 0
1963	1 0 0
1964	1 0 0
1965	0 1 0
1966	0 1 0
1967	0 0 1
1968	0 1 0
1969	0 1 0
1970	0 0 1
1971	0 1 0
1972	0 1 0
1973	0 1 0
1974	0 0 1
1975	1 0 0
1976	0 1 0
1977	1 0 0
1978	1 0 0
1979	0 0 1
1980	1 0 0
1981	1 0 0
1982	0 0 1
1983	0 0 1
1984	1 0 0
1985	0 1 0
1986	1 0 0
1987	0 0 1
1988	0 0 1
1989	1 0 0
1990	0 0 1
1991	1 0 0
1992	0 0 1
1993	0 1 0
1994	1 0 0
1995	0 0 1
1996	1 0 0
1997	0 1 0
1998	0 0 1
1999	0 1 0
2000	0 1 0
2001	0 0 1
2002	0 0 1
2003	1 0 0
2004	0 0 1
2005	0 1 0
2006	0 0 1
2007	0 1 0
2008	0 1 0
2009	1 0 0
2010	1 0 0
2011	1 0 0
2012	0 1 0
2013	0 1 0
2014	0 1 0
2015	0 1 0
2016	1 0 0
2017	1 0 0
2018	0 1 0
2019	0 1 0
2020	1 0 0
2021	0 1 0
2022	0 1 0
2023	0 1 0
2024	1 0 0
2025	0 1 0
2026	1 0 0
2027	0 1 0
2028	0 0 1
2029	1 0 0
2030	1 0 0
2031	0 1 0
2032	1 0 0
2033	0 0 1
2034	0 0 1
2035	1 0 0
2036	1 0 0
2037	1 0 0
2038	0 1 0
2039	1 0 0
2040	0 0 1
2041	1 0 0
2042	0 1 0
2043	0 0 1
2044	1 0 0
2045	0 0 1
2046	0 0 1
2047	0 1 0
2048	0 0 1
2049	0 1 0
2050	0 1 0
2051	0 0 1
2052	0 1 0
2053	0 1 0
2054	0 0 1
2055	1 0 0
2056	1 0 0
2057	1 0 0
2058	0 0 1
2059	0 1 0
2060	0 0 1
2061	0 1 0
2062	1 0 0
2063	1 0 0
2064	0 1 0
2065	1 0 0
2066	1 0 0
2067	0 1 0
2068	0 1 0
2069	0 0 1
2070	1 0 0
2071	0 0 1
2072	0 0 1
2073	0 0 1
2074	0 1 0
2075	0 0 1
2076	0 1 0
2077	0 1 0
2078	0 1 0
2079	1 0 0
2080	1 0 0
2081	1 0 0
2082	0 1 0
2083	1 0 0
2084	0 0 1
2085	0 0 1
2086	0 0 1
2087	1 0 0
2088	0 1 0
2089	0 1 0
2090	0 1 0
2091	1 0 0
2092	0 1 0
2093	1 0 0
2094	0 0 1
2095	0 0 1
2096	0 1 0
2097	0 0 1
2098	0 0 1
2099	1 0 0
2100	0 1 0
2101	0 1 0
2102	1 0 0
2103	1 0 0
2104	1 0 0
2105	0 1 0
2106	1 0 0
2107	1 0 0
2108	0 0 1
2109	1 0 0
2110	0 1 0
2111	1 0 0
2112	0 1 0
2113	0 0 1
2114	0 1 0
2115	1 0 0
2116	1 0 0
2117	0 0 1
2118	1 0 0
2119	0 0 1
2120	1 0 0
2121	1 0 0
2122	1 0 0
2123	0 0 1
2124	0 1 0
2125	1 0 0
2126	1 0 0
2127	0 0 1
2128	0 0 1
2129	0 1 0
2130	1 0 0
2131	0 1 0
2132	1 0 0
2133	0 1 0
2134	0 1 0
2135	0 1 0
2136	0 0 1
2137	0 1 0
2138	1 0 0
2139	0 1 0
2140	0 0 1
2141	0 1 0
2142	0 0 1
2143	0 1 0
2144	0 0 1
2145	0 0 1
2146	0 1 0
2147	1 0 0
2148	1 0 0
2149	0 1 0
2150	0 1 0
2151	1 0 0
2152	1 0 0
2153	0 0 1
2154	1 0 0
2155	0 1 0
2156	0 0 1
2157	0 1 0
2158	0 1 0
2159	1 0 0
2160	1 0 0
2161	1 0 0
2162	1 0 0
2163	0 0 1
2164	1 0 0
2165	1 0 0
2166	1 0 0
2167	0 1 0
2168	0 1 0
2169	1 0 0
2170	0 1 0
2171	1 0 0
2172	0 1 0
2173	0 1 0
2174	1 0 0
2175	0 1 0
2176	0 0 1
2177	1 0 0
2178	0 0 1
2179	0 0 1
2180	0 0 1
2181	1 0 0
2182	0 0 1
2183	0 1 0
2184	0 0 1
2185	1 0 0
2186	1 0 0
2187	0 1 0
2188	0 0 1
2189	1 0 0
2190	0 1 0
2191	0 0 1
2192	0 1 0
2193	1 0 0
2194	0 0 1
2195	0 1 0
2196	0 0 1
2197	1 0 0
2198	0 1 0
2199	0 1 0
2200	0 0 1
2201	0 0 1
2202	1 0 0
2203	1 0 0
2204	0 1 0
2205	0 1 0
2206	0 0 1
2207	0 0 1
2208	1 0 0
2209	0 0 1
2210	1 0 0
2211	1 0 0
2212	0 1 0
2213	1 0 0
2214	0 1 0
2215	0 0 1
2216	1 0 0
2217	0 0 1
2218	0 0 1
2219	1 0 0
2220	0 1 0
2221	0 1 0
2222	1 0 0
2223	1 0 0
2224	0 0 1
2225	0 1 0
2226	0 1 0
2227	0 1 0
2228	0 0 1
2229	0 1 0
2230	0 1 0
2231	1 0 0
2232	0 0 1
2233	0 0 1
2234	1 0 0
2235	0 1 0
2236	1 0 0
2237	0 1 0
2238	0 1 0
2239	0 1 0
2240	0 1 0
2241	1 0 0
2242	0 0 1
2243	0 0 1
2244	1 0 0
2245	0 1 0
2246	0 1 0
2247	0 1 0
2248	0 1 0
2249	0 0 1
2250	0 0 1
2251	0 1 0
2252	0 0 1
2253	1 0 0
2254	1 0 0
2255	0 1 0
2256	0 1 0
2257	1 0 0
2258	0 0 1
2259	0 0 1
2260	0 0 1
2261	0 0 1
2262	0 0 1
2263	0 0 1
2264	0 1 0
2265	0 1 0
2266	0 0 1
2267	1 0 0
2268	1 0 0
2269	0 0 1
2270	0 1 0
2271	0 1 0
2272	0 0 1
2273	0 0 1
2274	0 1 0
2275	1 0 0
2276	1 0 0
2277	1 0 0
2278	0 1 0
2279	1 0 0
2280	1 0 0
2281	0 0 1
2282	0 0 1
2283	0 0 1
2284	0 0 1
2285	0 1 0
2286	0 0 1
2287	0 1 0
2288	0 0 1
2289	0 1 0
2290	0 0 1
2291	0 1 0
2292	1 0 0
2293	0 0 1
2294	0 1 0
2295	0 1 0
2296	0 0 1
2297	0 0 1
2298	1 0 0
2299	0 1 0
2300	0 0 1
2301	0 0 1
2302	1 0 0
2303	0 1 0
2304	0 0 1
2305	0 1 0
2306	0 1 0
2307	0 0 1
2308	0 1 0
2309	1 0 0
2310	0 0 1
2311	0 1 0
2312	1 0 0
2313	0 0 1
2314	1 0 0
2315	0 0 1
2316	0 0 1
2317	1 0 0
2318	0 0 1
2319	0 0 1
2320	1 0 0
2321	0 1 0
2322	0 0 1
2323	0 0 1
2324	0 1 0
2325	0 1 0
2326	0 0 1
2327	0 0 1
2328	0 0 1
2329	0 1 0
2330	1 0 0
2331	0 0 1
2332	0 1 0
2333	0 1 0
2334	1 0 0
2335	0 0 1
2336	1 0 0
2337	0 1 0
2338	0 0 1
2339	0 1 0
2340	0 1 0
2341	0 0 1
2342	0 0 1
2343	0 1 0
2344	1 0 0
2345	1 0 0
2346	0 0 1
2347	0 1 0
2348	0 1 0
2349	0 1 0
2350	0 0 1
2351	0 1 0
2352	1 0 0
2353	0 1 0
2354	0 1 0
2355	0 0 1
2356	0 1 0
2357	0 0 1
2358	0 1 0
2359	0 0 1
2360	0 1 0
2361	0 0 1
2362	0 1 0
2363	1 0 0
2364	1 0 0
2365	0 1 0
2366	0 0 1
2367	0 0 1
2368	1 0 0
2369	0 0 1
2370	0 0 1
2371	0 0 1
2372	1 0 0
2373	0 1 0
2374	0 0 1
2375	1 0 0
2376	0 1 0
2377	0 0 1
2378	0 0 1
2379	0 1 0
2380	0 0 1
2381	1 0 0
2382	0 1 0
2383	0 0 1
2384	0 0 1
2385	0 0 1
2386	1 0 0
2387	0 0 1
2388	0 1 0
2389	0 0 1
2390	1 0 0
2391	1 0 0
2392	0 1 0
2393	1 0 0
2394	0 0 1
2395	0 1 0
2396	0 0 1
2397	0 0 1
2398	0 1 0
2399	1 0 0
2400	1 0 0
2401	1 0 0
2402	0 0 1
2403	1 0 0
2404	1 0 0
2405	0 0 1
2406	0 1 0
2407	0 1 0
2408	0 0 1
2409	0 1 0
2410	1 0 0
2411	1 0 0
2412	0 1 0
2413	1 0 0
2414	0 1 0
2415	0 0 1
2416	0 0 1
2417	1 0 0
2418	1 0 0
2419	0 0 1
2420	0 1 0
2421	0 1 0
2422	1 0 0
2423	0 0 1
2424	1 0 0
2425	0 0 1
2426	0 0 1
2427	0 0 1
2428	0 1 0
2429	0 0 1
2430	0 0 1
2431	0 0 1
2432	0 1 0
2433	1 0 0
2434	0 0 1
2435	1 0 0
2436	1 0 0
2437	1 0 0
2438	0 1 0
2439	0 1 0
2440	0 0 1
2441	1 0 0
2442	0 1 0
2443	0 1 0
2444	1 0 0
2445	0 1 0
2446	0 1 0
2447	0 0 1
2448	1 0 0
2449	1 0 0
2450	0 0 1
2451	0 1 0
2452	0 0 1
2453	1 0 0
2454	0 1 0
2455	0 0 1
2456	0 1 0
2457	0 1 0
2458	1 0 0
2459	0 0 1
2460	1 0 0
2461	0 1 0
2462	0 1 0
2463	0 0 1
2464	0 0 1
2465	0 0 1
2466	0 0 1
2467	0 0 1
2468	0 0 1
2469	1 0 0
2470	0 0 1
2471	0 1 0
2472	0 1 0
2473	0 0 1
2474	0 0 1
2475	0 1 0
2476	0 1 0
2477	0 0 1
2478	0 1 0
2479	0 1 0
2480	1 0 0
2481	1 0 0
2482	0 1 0
2483	0 1 0
2484	0 0 1
2485	1 0 0
2486	0 1 0
2487	0 0 1
2488	1 0 0
2489	0 1 0
2490	0 0 1
2491	1 0 0
2492	1 0 0
2493	1 0 0
2494	0 1 0
2495	0 1 0
2496	0 0 1
2497	0 1 0
2498	0 1 0
2499	1 0 0
2500	1 0 0
2501	0 1 0
2502	0 1 0
2503	1 0 0
2504	0 1 0
2505	0 1 0
2506	0 1 0
2507	0 1 0
2508	0 0 1
2509	0 0 1
2510	0 0 1
2511	0 0 1
2512	0 0 1
2513	1 0 0
2514	1 0 0
2515	0 1 0
2516	1 0 0
2517	0 0 1
2518	0 0 1
2519	0 1 0
2520	0 0 1
2521	0 0 1
2522	0 1 0
2523	1 0 0
2524	0 1 0
2525	0 0 1
2526	1 0 0
2527	1 0 0
2528	0 0 1
2529	0 1 0
2530	1 0 0
2531	0 1 0
2532	0 0 1
2533	1 0 0
2534	0 0 1
2535	1 0 0
2536	1 0 0
2537	1 0 0
2538	0 0 1
2539	0 0 1
2540	0 1 0
2541	1 0 0
2542	1 0 0
2543	0 1 0
2544	0 0 1
2545	0 1 0
2546	0 0 1
2547	0 1 0
2548	1 0 0
2549	1 0 0
2550	0 1 0
2551	0 0 1
2552	1 0 0
2553	1 0 0
2554	0 1 0
2555	0 0 1
2556	0 0 1
2557	0 0 1
2558	0 0 1
2559	0 1 0
2560	1 0 0
2561	0 0 1
2562	0 0 1
2563	0 0 1
2564	1 0 0
2565	0 1 0
2566	1 0 0
2567	0 1 0
2568	0 1 0
2569	1 0 0
2570	1 0 0
2571	1 0 0
2572	0 0 1
2573	0 1 0
2574	0 1 0
2575	1 0 0
2576	0 1 0
2577	1 0 0
2578	0 1 0
2579	0 0 1
2580	0 0 1
2581	0 1 0
2582	0 0 1
2583	0 1 0
2584	1 0 0
2585	1 0 0
2586	0 0 1
2587	0 1 0
2588	0 1 0
2589	0 1 0
2590	0 0 1
2591	1 0 0
2592	0 1 0
2593	1 0 0
2594	0 0 1
2595	0 1 0
2596	1 0 0
2597	0 0 1
2598	0 1 0
2599	1 0 0
2600	1 0 0
2601	1 0 0
2602	0 1 0
2603	1 0 0
2604	0 1 0
2605	0 0 1
2606	1 0 0
2607	1 0 0
2608	1 0 0
2609	0 1 0
2610	1 0 0
2611	0 1 0
2612	0 1 0
2613	0 1 0
2614	1 0 0
2615	0 1 0
2616	0 1 0
2617	1 0 0
2618	0 1 0
2619	1 0 0
2620	1 0 0
2621	0 1 0
2622	1 0 0
2623	0 0 1
2624	1 0 0
2625	1 0 0
2626	0 0 1
2627	0 1 0
2628	0 0 1
2629	1 0 0
2630	1 0 0
2631	0 1 0
2632	1 0 0
2633	0 1 0
2634	1 0 0
2635	1 0 0
2636	0 1 0
2637	0 0 1
2638	0 1 0
2639	1 0 0
2640	0 1 0
2641	0 1 0
2642	1 0 0
2643	0 1 0
2644	0 0 1
2645	0 0 1
2646	1 0 0
2647	0 0 1
2648	0 1 0
2649	1 0 0
2650	0 1 0
2651	1 0 0
2652	0 0 1
2653	1 0 0
2654	0 1 0
2655	0 1 0
2656	0 0 1
2657	0 1 0
2658	0 1 0
2659	0 0 1
2660	0 1 0
2661	0 0 1
2662	0 1 0
2663	0 0 1
2664	1 0 0
2665	0 1 0
2666	0 1 0
2667	0 0 1
2668	0 1 0
2669	1 0 0
2670	1 0 0
2671	1 0 0
2672	1 0 0
2673	0 0 1
2674	0 0 1
2675	0 1 0
2676	0 0 1
2677	0 0 1
2678	0 0 1
2679	1 0 0
2680	0 0 1
2681	1 0 0
2682	0 0 1
2683	0 0 1
2684	0 0 1
2685	0 1 0
2686	0 0 1
2687	0 0 1
2688	0 1 0
2689	1 0 0
2690	1 0 0
2691	1 0 0
2692	0 0 1
2693	0 1 0
2694	0 1 0
2695	1 0 0
2696	0 1 0
2697	0 1 0
2698	1 0 0
2699	1 0 0
2700	1 0 0
2701	0 0 1
2702	1 0 0
2703	0 0 1
2704	1 0 0
2705	0 0 1
2706	1 0 0
2707	0 1 0
2708	1 0 0
2709	0 0 1
2710	0 1 0
2711	0 0 1
2712	0 1 0
2713	0 0 1
2714	0 0 1
2715	0 0 1
2716	0 1 0
2717	0 0 1
2718	0 0 1
2719	0 1 0
2720	0 0 1
2721	0 1 0
2722	1 0 0
2723	0 1 0
2724	1 0 0
2725	0 0 1
2726	0 1 0
2727	1 0 0
2728	1 0 0
2729	0 0 1
2730	0 1 0
2731	1 0 0
2732	1 0 0
2733	0 0 1
2734	1 0 0
2735	0 0 1
2736	0 0 1
2737	1 0 0
2738	0 0 1
2739	0 0 1
2740	0 1 0
2741	1 0 0
2742	0 0 1
2743	0 1 0
2744	0 1 0
2745	0 1 0
2746	1 0 0
2747	0 1 0
2748	0 1 0
2749	1 0 0
2750	1 0 0
2751	0 1 0
2752	0 0 1
2753	1 0 0
2754	1 0 0
2755	0 1 0
2756	0 1 0
2757	1 0 0
2758	1 0 0
2759	0 0 1
2760	1 0 0
2761	0 0 1
2762	0 0 1
2763	1 0 0
2764	0 1 0
2765	0 1 0
2766	0 0 1
2767	0 1 0
2768	0 1 0
2769	0 0 1
2770	0 0 1
2771	0 1 0
2772	1 0 0
2773	0 1 0
2774	0 0 1
2775	0 0 1
2776	0 0 1
2777	0 0 1
2778	1 0 0
2779	0 0 1
2780	1 0 0
2781	0 0 1
2782	0 0 1
2783	0 0 1
2784	0 1 0
2785	0 0 1
2786	0 1 0
2787	0 1 0
2788	0 0 1
2789	0 0 1
2790	0 0 1
2791	0 1 0
2792	0 0 1
2793	1 0 0
2794	1 0 0
2795	1 0 0
2796	1 0 0
2797	0 1 0
2798	0 0 1
2799	1 0 0
2800	0 0 1
2801	1 0 0
2802	1 0 0
2803	1 0 0
2804	1 0 0
2805	0 0 1
2806	1 0 0
2807	0 0 1
2808	1 0 0
2809	0 0 1
2810	1 0 0
2811	0 0 1
2812	0 0 1
2813	0 1 0
2814	1 0 0
2815	0 0 1
2816	1 0 0
2817	0 1 0
2818	0 0 1
2819	0 0 1
2820	0 0 1
2821	0 1 0
2822	0 1 0
2823	0 1 0
2824	0 0 1
2825	0 0 1
2826	0 0 1
2827	1 0 0
2828	0 1 0
2829	1 0 0
2830	0 1 0
2831	0 0 1
2832	0 1 0
2833	1 0 0
2834	1 0 0
2835	1 0 0
2836	0 1 0
2837	0 1 0
2838	0 1 0
2839	1 0 0
2840	0 1 0
2841	0 1 0
2842	0 1 0
2843	1 0 0
2844	0 1 0
2845	0 0 1
2846	0 1 0
2847	1 0 0
2848	0 1 0
2849	1 0 0
2850	0 0 1
2851	0 0 1
2852	0 1 0
2853	0 0 1
2854	0 0 1
2855	0 0 1
2856	0 1 0
2857	0 0 1
2858	0 0 1
2859	0 1 0
2860	1 0 0
2861	1 0 0
2862	1 0 0
2863	1 0 0
2864	1 0 0
2865	1 0 0
2866	1 0 0
2867	0 1 0
2868	1 0 0
2869	0 1 0
2870	1 0 0
2871	1 0 0
2872	1 0 0
2873	1 0 0
2874	1 0 0
2875	0 0 1
2876	0 1 0
2877	1 0 0
2878	1 0 0
2879	0 1 0
2880	0 0 1
2881	0 1 0
2882	0 1 0
2883	1 0 0
2884	1 0 0
2885	0 0 1
2886	1 0 0
2887	1 0 0
2888	0 1 0
2889	1 0 0
2890	0 1 0
2891	0 1 0
2892	0 0 1
2893	0 0 1
2894	1 0 0
2895	1 0 0
2896	1 0 0
2897	0 0 1
2898	0 0 1
2899	1 0 0
2900	0 1 0
2901	0 0 1
2902	0 0 1
2903	0 0 1
2904	0 1 0
2905	0 0 1
2906	1 0 0
2907	1 0 0
2908	0 1 0
2909	0 0 1
2910	0 0 1
2911	0 1 0
2912	1 0 0
2913	1 0 0
2914	1 0 0
2915	0 1 0
2916	0 0 1
2917	0 0 1
2918	1 0 0
2919	0 1 0
2920	0 0 1
2921	0 1 0
2922	0 0 1
2923	0 0 1
2924	1 0 0
2925	0 1 0
2926	0 1 0
2927	0 0 1
2928	0 0 1
2929	0 1 0
2930	0 1 0
2931	0 0 1
2932	1 0 0
2933	0 0 1
2934	1 0 0
2935	0 0 1
2936	1 0 0
2937	1 0 0
2938	0 0 1
2939	0 1 0
2940	0 0 1
2941	0 0 1
2942	0 0 1
2943	1 0 0
2944	0 1 0
2945	1 0 0
2946	1 0 0
2947	1 0 0
2948	0 1 0
2949	1 0 0
2950	0 0 1
2951	1 0 0
2952	0 1 0
2953	0 0 1
2954	0 0 1
2955	1 0 0
2956	0 1 0
2957	0 0 1
2958	1 0 0
2959	0 1 0
2960	0 0 1
2961	1 0 0
2962	0 1 0
2963	0 0 1
2964	0 0 1
2965	1 0 0
2966	1 0 0
2967	0 1 0
2968	1 0 0
2969	0 1 0
2970	0 0 1
2971	0 1 0
2972	0 1 0
2973	0 0 1
2974	1 0 0
2975	0 0 1
2976	0 1 0
2977	1 0 0
2978	0 0 1
2979	0 0 1
2980	0 1 0
2981	1 0 0
2982	1 0 0
2983	0 1 0
2984	1 0 0
2985	1 0 0
2986	0 1 0
2987	0 1 0
2988	0 1 0
2989	1 0 0
2990	0 1 0
2991	0 1 0
2992	1 0 0
2993	0 0 1
2994	0 1 0
2995	1 0 0
2996	0 1 0
2997	0 1 0
2998	0 0 1
2999	0 1 0
3000	0 1 0
3001	1 0 0
3002	0 1 0
3003	1 0 0
3004	1 0 0
3005	0 1 0
3006	1 0 0
3007	0 0 1
3008	1 0 0
3009	0 1 0
3010	0 1 0
3011	1 0 0
3012	0 0 1
3013	0 1 0
3014	0 1 0
3015	0 1 0
3016	0 0 1
3017	0 0 1
3018	0 0 1
3019	0 0 1
3020	0 0 1
3021	0 1 0
3022	0 1 0
3023	0 0 1
3024	1 0 0
3025	0 0 1
3026	0 0 1
3027	1 0 0
3028	0 0 1
3029	0 1 0
3030	0 1 0
3031	0 0 1
3032	1 0 0
3033	0 0 1
3034	1 0 0
3035	0 0 1
3036	0 1 0
3037	0 0 1
3038	0 1 0
3039	1 0 0
3040	0 0 1
3041	0 0 1
3042	0 0 1
3043	0 0 1
3044	1 0 0
3045	0 0 1
3046	0 0 1
3047	1 0 0
3048	0 1 0
3049	0 0 1
3050	0 0 1
3051	0 0 1
3052	0 1 0
3053	0 1 0
3054	0 1 0
3055	0 1 0
3056	0 0 1
3057	1 0 0
3058	1 0 0
3059	0 0 1
3060	1 0 0
3061	0 1 0
3062	0 1 0
3063	1 0 0
3064	0 0 1
3065	1 0 0
3066	1 0 0
3067	0 1 0
3068	0 0 1
3069	0 1 0
3070	1 0 0
3071	0 0 1
3072	1 0 0
3073	1 0 0
3074	0 0 1
3075	0 0 1
3076	1 0 0
3077	0 0 1
3078	0 1 0
3079	0 0 1
3080	1 0 0
3081	1 0 0
3082	0 0 1
3083	0 1 0
3084	0 1 0
3085	0 1 0
3086	0 0 1
3087	1 0 0
3088	0 1 0
3089	0 0 1
3090	0 1 0
3091	0 0 1
3092	1 0 0
3093	0 0 1
3094	1 0 0
3095	0 1 0
3096	0 1 0
3097	0 1 0
3098	0 0 1
3099	0 0 1
3100	0 0 1
3101	0 1 0
3102	0 0 1
3103	0 0 1
3104	0 1 0
3105	0 1 0
3106	0 1 0
3107	1 0 0
3108	0 0 1
3109	1 0 0
3110	0 0 1
3111	1 0 0
3112	0 0 1
3113	0 1 0
3114	1 0 0
3115	1 0 0
3116	1 0 0
3117	0 0 1
3118	0 0 1
3119	1 0 0
3120	0 1 0
3121	0 1 0
3122	1 0 0
3123	0 0 1
3124	1 0 0
3125	1 0 0
3126	0 0 1
3127	0 0 1
3128	1 0 0
3129	0 1 0
3130	0 0 1
3131	1 0 0
3132	1 0 0
3133	0 0 1
3134	0 0 1
3135	1 0 0
3136	0 0 1
3137	0 0 1
3138	0 1 0
3139	0 1 0
3140	1 0 0
3141	1 0 0
3142	0 1 0
3143	0 0 1
3144	0 0 1
3145	0 1 0
3146	1 0 0
3147	1 0 0
3148	0 0 1
3149	0 0 1
3150	1 0 0
3151	0 1 0
3152	0 1 0
3153	0 1 0
3154	0 1 0
3155	1 0 0
3156	0 1 0
3157	0 0 1
3158	0 0 1
3159	0 0 1
3160	0 1 0
3161	0 0 1
3162	0 0 1
3163	1 0 0
3164	0 0 1
3165	0 0 1
3166	1 0 0
3167	0 1 0
3168	0 1 0
3169	1 0 0
3170	0 0 1
3171	1 0 0
3172	0 1 0
3173	1 0 0
3174	0 1 0
3175	1 0 0
3176	0 1 0
3177	0 0 1
3178	0 0 1
3179	0 1 0
3180	0 0 1
3181	0 0 1
3182	0 0 1
3183	1 0 0
3184	0 0 1
3185	0 1 0
3186	0 1 0
3187	0 0 1
3188	1 0 0
3189	0 1 0
3190	0 1 0
3191	1 0 0
3192	0 0 1
3193	0 1 0
3194	0 0 1
3195	0 1 0
3196	1 0 0
3197	0 0 1
3198	0 1 0
3199	0 1 0
3200	0 1 0
3201	0 1 0
3202	0 1 0
3203	0 0 1
3204	1 0 0
3205	0 1 0
3206	1 0 0
3207	1 0 0
3208	0 1 0
3209	1 0 0
3210	1 0 0
3211	0 0 1
3212	1 0 0
3213	1 0 0
3214	1 0 0
3215	0 1 0
3216	0 1 0
3217	0 0 1
3218	0 0 1
3219	0 0 1
3220	1 0 0
3221	0 1 0
3222	0 0 1
3223	0 1 0
3224	0 1 0
3225	1 0 0
3226	0 1 0
3227	1 0 0
3228	0 1 0
3229	0 1 0
3230	0 0 1
3231	0 0 1
3232	1 0 0
3233	1 0 0
3234	1 0 0
3235	0 0 1
3236	0 0 1
3237	1 0 0
3238	0 0 1
3239	0 1 0
3240	1 0 0
3241	0 1 0
3242	1 0 0
3243	0 1 0
3244	0 1 0
3245	1 0 0
3246	1 0 0
3247	0 0 1
3248	1 0 0
3249	0 1 0
3250	0 1 0
3251	0 1 0
3252	1 0 0
3253	1 0 0
3254	1 0 0
3255	1 0 0
3256	0 0 1
3257	0 0 1
3258	0 0 1
3259	1 0 0
3260	0 0 1
3261	0 1 0
3262	0 1 0
3263	1 0 0
3264	0 0 1
3265	0 0 1
3266	0 1 0
3267	0 1 0
3268	0 0 1
3269	0 0 1
3270	0 0 1
3271	1 0 0
3272	1 0 0
3273	0 1 0
3274	0 0 1
3275	0 1 0
3276	0 0 1
3277	1 0 0
3278	0 1 0
3279	0 1 0
3280	1 0 0
3281	0 0 1
3282	0 1 0
3283	0 1 0
3284	0 0 1
3285	0 1 0
3286	0 1 0
3287	0 0 1
3288	0 1 0
3289	1 0 0
3290	0 1 0
3291	0 1 0
3292	0 1 0
3293	0 0 1
3294	0 0 1
3295	1 0 0
3296	0 1 0
3297	0 1 0
3298	1 0 0
3299	1 0 0
3300	0 1 0
3301	0 0 1
3302	1 0 0
3303	0 0 1
3304	1 0 0
3305	1 0 0
3306	1 0 0
3307	0 0 1
3308	0 1 0
3309	0 0 1
3310	1 0 0
3311	1 0 0
3312	0 1 0
3313	0 1 0
3314	0 1 0
3315	0 1 0
3316	1 0 0
3317	0 1 0
3318	0 0 1
3319	0 0 1
3320	1 0 0
3321	1 0 0
3322	0 0 1
3323	1 0 0
3324	1 0 0
3325	0 0 1
3326	1 0 0
3327	0 0 1
3328	1 0 0
3329	0 0 1
3330	0 0 1
3331	0 1 0
3332	1 0 0
3333	0 1 0
3334	0 0 1
3335	1 0 0
3336	0 1 0
3337	0 1 0
3338	0 1 0
3339	0 1 0
3340	0 1 0
3341	1 0 0
3342	0 1 0
3343	1 0 0
3344	0 1 0
3345	1 0 0
3346	1 0 0
3347	0 1 0
3348	1 0 0
3349	0 0 1
3350	0 0 1
3351	0 1 0
3352	0 0 1
3353	0 1 0
3354	1 0 0
3355	1 0 0
3356	0 1 0
3357	0 1 0
3358	0 1 0
3359	0 1 0
3360	0 0 1
3361	0 0 1
3362	0 1 0
3363	0 1 0
3364	1 0 0
3365	0 1 0
3366	1 0 0
3367	1 0 0
3368	0 1 0
3369	0 0 1
3370	0 1 0
3371	0 0 1
3372	1 0 0
3373	0 0 1
3374	0 0 1
3375	0 1 0
3376	0 1 0
3377	0 1 0
3378	0 1 0
3379	0 1 0
3380	1 0 0
3381	0 1 0
3382	1 0 0
3383	0 0 1
3384	0 1 0
3385	0 0 1
3386	0 0 1
3387	0 1 0
3388	0 0 1
3389	0 0 1
3390	0 0 1
3391	0 0 1
3392	0 1 0
3393	0 0 1
3394	0 0 1
3395	0 1 0
3396	0 0 1
3397	0 1 0
3398	0 0 1
3399	0 1 0
3400	0 0 1
3401	0 0 1
3402	1 0 0
3403	0 1 0
3404	1 0 0
3405	0 1 0
3406	0 0 1
3407	1 0 0
3408	1 0 0
3409	0 0 1
3410	1 0 0
3411	0 0 1
3412	0 0 1
3413	0 1 0
3414	0 1 0
3415	0 1 0
3416	1 0 0
3417	1 0 0
3418	0 0 1
3419	0 0 1
3420	1 0 0
3421	0 0 1
3422	0 0 1
3423	1 0 0
3424	0 0 1
3425	0 1 0
3426	0 0 1
3427	0 1 0
3428	1 0 0
3429	0 1 0
3430	1 0 0
3431	1 0 0
3432	0 1 0
3433	0 0 1
3434	1 0 0
3435	0 0 1
3436	0 0 1
3437	1 0 0
3438	0 1 0
3439	0 1 0
3440	0 1 0
3441	0 1 0
3442	0 1 0
3443	1 0 0
3444	1 0 0
3445	1 0 0
3446	1 0 0
3447	0 0 1
3448	1 0 0
3449	0 1 0
3450	1 0 0
3451	0 0 1
3452	0 0 1
3453	0 0 1
3454	0 1 0
3455	1 0 0
3456	0 0 1
3457	0 1 0
3458	0 1 0
3459	0 1 0
3460	1 0 0
3461	0 1 0
3462	0 0 1
3463	0 0 1
3464	0 1 0
3465	1 0 0
3466	0 1 0
3467	1 0 0
3468	1 0 0
3469	0 1 0
3470	0 1 0
3471	0 1 0
3472	0 0 1
3473	0 1 0
3474	0 0 1
3475	0 1 0
3476	1 0 0
3477	1 0 0
3478	1 0 0
3479	0 1 0
3480	1 0 0
3481	0 0 1
3482	1 0 0
3483	0 0 1
3484	0 1 0
3485	0 0 1
3486	0 1 0
3487	1 0 0
3488	1 0 0
3489	0 1 0
3490	0 1 0
3491	0 0 1
3492	0 0 1
3493	0 0 1
3494	0 1 0
3495	1 0 0
3496	0 0 1
3497	0 1 0
3498	1 0 0
3499	1 0 0
3500	0 0 1
3501	1 0 0
3502	0 0 1
3503	0 1 0
3504	0 0 1
3505	0 1 0
3506	1 0 0
3507	1 0 0
3508	0 0 1
3509	0 1 0
3510	0 1 0
3511	0 0 1
3512	0 1 0
3513	0 1 0
3514	0 0 1
3515	0 1 0
3516	1 0 0
3517	0 0 1
3518	1 0 0
3519	1 0 0
3520	0 0 1
3521	1 0 0
3522	0 0 1
3523	0 0 1
3524	1 0 0
3525	0 0 1
3526	1 0 0
3527	0 1 0
3528	1 0 0
3529	0 1 0
3530	1 0 0
3531	0 1 0
3532	0 1 0
3533	0 1 0
3534	1 0 0
3535	0 1 0
3536	1 0 0
3537	0 0 1
3538	0 0 1
3539	0 1 0
3540	0 0 1
3541	0 0 1
3542	1 0 0
3543	0 0 1
3544	1 0 0
3545	0 0 1
3546	1 0 0
3547	1 0 0
3548	0 1 0
3549	1 0 0
3550	0 0 1
3551	0 0 1
3552	1 0 0
3553	0 0 1
3554	1 0 0
3555	1 0 0
3556	0 1 0
3557	0 0 1
3558	1 0 0
3559	0 0 1
3560	0 1 0
3561	0 1 0
3562	1 0 0
3563	0 0 1
3564	0 1 0
3565	1 0 0
3566	0 1 0
3567	0 1 0
3568	1 0 0
3569	0 0 1
3570	1 0 0
3571	1 0 0
3572	0 0 1
3573	1 0 0
3574	1 0 0
3575	1 0 0
3576	0 0 1
3577	0 0 1
3578	0 0 1
3579	0 0 1
3580	0 0 1
3581	0 0 1
3582	1 0 0
3583	0 1 0
3584	0 1 0
3585	0 0 1
3586	1 0 0
3587	0 0 1
3588	0 0 1
3589	1 0 0
3590	0 0 1
3591	1 0 0
3592	1 0 0
3593	0 0 1
3594	0 1 0
3595	1 0 0
3596	0 0 1
3597	0 0 1
3598	1 0 0
3599	0 1 0
3600	0 1 0
3601	0 1 0
3602	1 0 0
3603	1 0 0
3604	0 0 1
3605	0 0 1
3606	0 1 0
3607	0 0 1
3608	0 1 0
3609	0 0 1
3610	1 0 0
3611	0 1 0
3612	0 0 1
3613	0 0 1
3614	1 0 0
3615	0 0 1
3616	0 0 1
3617	1 0 0
3618	0 1 0
3619	1 0 0
3620	0 0 1
3621	0 1 0
3622	0 0 1
3623	1 0 0
3624	1 0 0
3625	0 1 0
3626	0 0 1
3627	0 1 0
3628	0 1 0
3629	0 0 1
3630	0 1 0
3631	0 0 1
3632	0 1 0
3633	0 0 1
3634	0 0 1
3635	0 0 1
3636	0 1 0
3637	0 0 1
3638	0 1 0
3639	0 1 0
3640	0 1 0
3641	0 0 1
3642	0 0 1
3643	0 0 1
3644	0 1 0
3645	1 0 0
3646	0 1 0
3647	0 1 0
3648	0 0 1
3649	0 1 0
3650	1 0 0
3651	0 0 1
3652	1 0 0
3653	1 0 0
3654	0 0 1
3655	0 1 0
3656	1 0 0
3657	0 1 0
3658	1 0 0
3659	0 1 0
3660	0 1 0
3661	0 0 1
3662	0 1 0
3663	1 0 0
3664	0 1 0
3665	0 1 0
3666	1 0 0
3667	0 1 0
3668	1 0 0
3669	1 0 0
3670	0 1 0
3671	0 0 1
3672	1 0 0
3673	0 1 0
3674	0 1 0
3675	0 0 1
3676	0 0 1
3677	0 1 0
3678	0 1 0
3679	0 0 1
3680	1 0 0
3681	0 1 0
3682	1 0 0
3683	0 0 1
3684	0 0 1
3685	0 0 1
3686	0 0 1
3687	0 1 0
3688	0 0 1
3689	0 1 0
3690	1 0 0
3691	1 0 0
3692	0 0 1
3693	0 0 1
3694	0 1 0
3695	1 0 0
3696	0 0 1
3697	0 0 1
3698	0 0 1
3699	0 1 0
3700	0 0 1
3701	0 1 0
3702	1 0 0
3703	0 1 0
3704	1 0 0
3705	0 1 0
3706	1 0 0
3707	0 1 0
3708	1 0 0
3709	1 0 0
3710	1 0 0
3711	0 0 1
3712	0 1 0
3713	0 1 0
3714	0 1 0
3715	0 1 0
3716	1 0 0
3717	0 1 0
3718	0 1 0
3719	1 0 0
3720	0 0 1
3721	0 1 0
3722	0 1 0
3723	0 1 0
3724	0 1 0
3725	0 0 1
3726	1 0 0
3727	1 0 0
3728	0 1 0
3729	0 0 1
3730	0 0 1
3731	0 1 0
3732	1 0 0
3733	0 1 0
3734	0 0 1
3735	0 0 1
3736	0 0 1
3737	1 0 0
3738	0 0 1
3739	0 0 1
3740	0 0 1
3741	0 0 1
3742	0 1 0
3743	0 1 0
3744	0 1 0
3745	0 0 1
3746	0 1 0
3747	1 0 0
3748	1 0 0
3749	1 0 0
3750	0 0 1
3751	0 0 1
3752	0 1 0
3753	0 1 0
3754	1 0 0
3755	1 0 0
3756	0 1 0
3757	0 0 1
3758	1 0 0
3759	1 0 0
3760	1 0 0
3761	0 0 1
3762	0 1 0
3763	0 0 1
3764	0 0 1
3765	0 1 0
3766	0 0 1
3767	1 0 0
3768	0 0 1
3769	0 0 1
3770	0 1 0
3771	0 1 0
3772	0 0 1
3773	0 1 0
3774	1 0 0
3775	1 0 0
3776	0 1 0
3777	0 1 0
3778	0 1 0
3779	1 0 0
3780	0 1 0
3781	1 0 0
3782	0 1 0
3783	0 1 0
3784	0 0 1
3785	1 0 0
3786	0 0 1
3787	0 1 0
3788	1 0 0
3789	0 1 0
3790	0 1 0
3791	0 0 1
3792	1 0 0
3793	0 1 0
3794	0 0 1
3795	0 0 1
3796	1 0 0
3797	1 0 0
3798	0 1 0
3799	1 0 0
3800	0 0 1
3801	1 0 0
3802	0 0 1
3803	0 0 1
3804	1 0 0
3805	0 1 0
3806	0 0 1
3807	1 0 0
3808	0 1 0
3809	0 0 1
3810	0 0 1
3811	0 1 0
3812	0 0 1
3813	1 0 0
3814	0 0 1
3815	0 0 1
3816	0 0 1
3817	1 0 0
3818	0 1 0
3819	0 0 1
3820	0 1 0
3821	1 0 0
3822	0 1 0
3823	0 0 1
3824	0 0 1
3825	0 0 1
3826	1 0 0
3827	0 0 1
3828	0 1 0
3829	0 0 1
3830	0 0 1
3831	1 0 0
3832	0 0 1
3833	0 0 1
3834	1 0 0
3835	1 0 0
3836	1 0 0
3837	0 1 0
3838	0 1 0
3839	1 0 0
3840	0 0 1
3841	0 1 0
3842	0 0 1
3843	1 0 0
3844	0 0 1
3845	1 0 0
3846	0 1 0
3847	1 0 0
3848	0 1 0
3849	0 0 1
3850	0 1 0
3851	1 0 0
3852	1 0 0
3853	1 0 0
3854	0 1 0
3855	0 0 1
3856	0 1 0
3857	0 1 0
3858	0 0 1
3859	1 0 0
3860	1 0 0
3861	0 0 1
3862	0 1 0
3863	0 0 1
3864	0 1 0
3865	0 1 0
3866	0 1 0
3867	1 0 0
3868	1 0 0
3869	0 0 1
3870	0 0 1
3871	1 0 0
3872	0 1 0
3873	0 1 0
3874	0 0 1
3875	1 0 0
3876	0 1 0
3877	0 1 0
3878	0 0 1
3879	0 1 0
3880	0 1 0
3881	1 0 0
3882	0 0 1
3883	1 0 0
3884	0 0 1
3885	0 0 1
3886	0 0 1
3887	1 0 0
3888	0 1 0
3889	0 0 1
3890	1 0 0
3891	0 1 0
3892	0 0 1
3893	0 0 1
3894	0 0 1
3895	1 0 0
3896	0 0 1
3897	0 0 1
3898	0 0 1
3899	0 0 1
3900	1 0 0
3901	0 1 0
3902	0 1 0
3903	0 0 1
3904	1 0 0
3905	0 0 1
3906	0 0 1
3907	0 1 0
3908	0 0 1
3909	0 1 0
3910	1 0 0
3911	0 1 0
3912	1 0 0
3913	0 0 1
3914	1 0 0
3915	0 0 1
3916	0 0 1
3917	0 0 1
3918	0 0 1
3919	1 0 0
3920	0 1 0
3921	0 0 1
3922	0 1 0
3923	0 0 1
3924	0 1 0
3925	0 1 0
3926	0 1 0
3927	0 0 1
3928	0 1 0
3929	0 1 0
3930	0 1 0
3931	0 0 1
3932	0 0 1
3933	1 0 0
3934	0 1 0
3935	0 1 0
3936	0 0 1
3937	0 1 0
3938	0 1 0
3939	0 0 1
3940	0 1 0
3941	1 0 0
3942	1 0 0
3943	0 1 0
3944	0 1 0
3945	1 0 0
3946	0 0 1
3947	0 1 0
3948	0 1 0
3949	0 0 1
3950	0 0 1
3951	0 1 0
3952	0 0 1
3953	0 0 1
3954	1 0 0
3955	0 1 0
3956	0 1 0
3957	0 1 0
3958	0 0 1
3959	0 0 1
3960	0 0 1
3961	0 1 0
3962	0 0 1
3963	1 0 0
3964	0 0 1
3965	0 1 0
3966	0 1 0
3967	0 1 0
3968	0 1 0
3969	0 1 0
3970	0 1 0
3971	1 0 0
3972	1 0 0
3973	0 0 1
3974	0 0 1
3975	1 0 0
3976	0 1 0
3977	0 1 0
3978	1 0 0
3979	0 1 0
3980	0 0 1
3981	1 0 0
3982	0 0 1
3983	0 1 0
3984	0 1 0
3985	0 1 0
3986	0 0 1
3987	0 1 0
3988	1 0 0
3989	0 1 0
3990	0 1 0
3991	0 1 0
3992	0 0 1
3993	1 0 0
3994	0 1 0
3995	1 0 0
3996	0 0 1
3997	0 1 0
3998	0 1 0
3999	1 0 0
4000	0 1 0
4001	0 1 0
4002	1 0 0
4003	1 0 0
4004	0 1 0
4005	1 0 0
4006	0 0 1
4007	0 1 0
4008	0 1 0
4009	0 0 1
4010	1 0 0
4011	0 0 1
4012	0 1 0
4013	0 1 0
4014	1 0 0
4015	0 1 0
4016	1 0 0
4017	0 0 1
4018	1 0 0
4019	0 0 1
4020	0 0 1
4021	0 1 0
4022	0 0 1
4023	0 0 1
4024	0 1 0
4025	0 1 0
4026	0 1 0
4027	0 1 0
4028	0 0 1
4029	1 0 0
4030	0 1 0
4031	1 0 0
4032	0 0 1
4033	1 0 0
4034	0 1 0
4035	0 0 1
4036	0 1 0
4037	0 0 1
4038	0 1 0
4039	0 1 0
4040	0 1 0
4041	1 0 0
4042	0 0 1
4043	0 0 1
4044	1 0 0
4045	0 0 1
4046	1 0 0
4047	0 0 1
4048	0 0 1
4049	1 0 0
4050	1 0 0
4051	0 1 0
4052	1 0 0
4053	1 0 0
4054	0 1 0
4055	0 0 1
4056	0 1 0
4057	0 1 0
4058	1 0 0
4059	0 0 1
4060	1 0 0
4061	0 1 0
4062	0 1 0
4063	1 0 0
4064	0 1 0
4065	1 0 0
4066	1 0 0
4067	0 0 1
4068	1 0 0
4069	0 1 0
4070	0 1 0
4071	1 0 0
4072	1 0 0
4073	1 0 0
4074	0 1 0
4075	0 0 1
4076	0 0 1
4077	1 0 0
4078	1 0 0
4079	1 0 0
4080	0 0 1
4081	0 0 1
4082	0 0 1
4083	0 1 0
4084	1 0 0
4085	1 0 0
4086	1 0 0
4087	1 0 0
4088	0 1 0
4089	0 0 1
4090	0 1 0
4091	0 0 1
4092	1 0 0
4093	0 1 0
4094	1 0 0
4095	0 0 1
4096	1 0 0
4097	0 0 1
4098	0 1 0
4099	1 0 0
4100	1 0 0
4101	1 0 0
4102	1 0 0
4103	0 0 1
4104	0 1 0
4105	0 1 0
4106	1 0 0
4107	1 0 0
4108	1 0 0
4109	1 0 0
4110	0 1 0
4111	0 1 0
4112	0 1 0
4113	0 1 0
4114	1 0 0
4115	0 0 1
4116	1 0 0
4117	1 0 0
4118	0 1 0
4119	0 1 0
4120	0 0 1
4121	1 0 0
4122	0 1 0
4123	1 0 0
4124	0 0 1
4125	0 1 0
4126	0 1 0
4127	0 1 0
4128	1 0 0
4129	1 0 0
4130	0 1 0
4131	0 1 0
4132	0 1 0
4133	0 1 0
4134	0 0 1
4135	0 1 0
4136	0 1 0
4137	1 0 0
4138	0 1 0
4139	0 1 0
4140	1 0 0
4141	0 0 1
4142	0 0 1
4143	0 1 0
4144	0 0 1
4145	0 1 0
4146	1 0 0
4147	0 0 1
4148	0 0 1
4149	0 0 1
4150	1 0 0
4151	0 0 1
4152	0 0 1
4153	0 0 1
4154	1 0 0
4155	1 0 0
4156	0 1 0
4157	0 1 0
4158	0 1 0
4159	1 0 0
4160	0 0 1
4161	0 1 0
4162	1 0 0
4163	0 1 0
4164	0 1 0
4165	0 1 0
4166	1 0 0
4167	1 0 0
4168	0 1 0
4169	0 0 1
4170	0 0 1
4171	0 0 1
4172	0 0 1
4173	0 0 1
4174	1 0 0
4175	0 1 0
4176	1 0 0
4177	0 0 1
4178	1 0 0
4179	0 1 0
4180	0 1 0
4181	0 0 1
4182	0 0 1
4183	1 0 0
4184	0 0 1
4185	0 0 1
4186	1 0 0
4187	0 0 1
4188	1 0 0
4189	1 0 0
4190	0 0 1
4191	0 1 0
4192	0 0 1
4193	0 1 0
4194	0 1 0
4195	1 0 0
4196	0 1 0
4197	1 0 0
4198	0 0 1
4199	1 0 0
4200	0 1 0
4201	1 0 0
4202	0 1 0
4203	0 1 0
4204	0 0 1
4205	1 0 0
4206	1 0 0
4207	0 1 0
4208	0 0 1
4209	1 0 0
4210	1 0 0
4211	1 0 0
4212	1 0 0
4213	1 0 0
4214	1 0 0
4215	0 0 1
4216	0 1 0
4217	0 0 1
4218	0 0 1
4219	0 1 0
4220	1 0 0
4221	1 0 0
4222	1 0 0
4223	0 1 0
4224	0 1 0
4225	1 0 0
4226	1 0 0
4227	0 0 1
4228	0 1 0
4229	0 0 1
4230	0 1 0
4231	1 0 0
4232	0 1 0
4233	0 0 1
4234	1 0 0
4235	0 0 1
4236	0 1 0
4237	1 0 0
4238	0 1 0
4239	0 1 0
4240	0 0 1
4241	0 1 0
4242	0 0 1
4243	1 0 0
4244	1 0 0
4245	0 1 0
4246	0 1 0
4247	0 0 1
4248	0 0 1
4249	1 0 0
4250	1 0 0
4251	0 0 1
4252	0 1 0
4253	1 0 0
4254	0 0 1
4255	0 0 1
4256	1 0 0
4257	1 0 0
4258	0 0 1
4259	0 1 0
4260	0 0 1
4261	0 0 1
4262	1 0 0
4263	0 1 0
4264	0 1 0
4265	0 1 0
4266	0 1 0
4267	0 1 0
4268	0 0 1
4269	0 0 1
4270	1 0 0
4271	1 0 0
4272	1 0 0
4273	1 0 0
4274	1 0 0
4275	0 1 0
4276	0 1 0
4277	0 0 1
4278	0 0 1
4279	0 1 0
4280	0 1 0
4281	0 0 1
4282	1 0 0
4283	0 1 0
4284	0 1 0
4285	1 0 0
4286	0 0 1
4287	1 0 0
4288	0 1 0
4289	0 1 0
4290	1 0 0
4291	0 1 0
4292	0 0 1
4293	0 1 0
4294	0 1 0
4295	0 1 0
4296	0 1 0
4297	0 1 0
4298	0 0 1
4299	0 1 0
4300	0 0 1
4301	0 1 0
4302	0 1 0
4303	1 0 0
4304	1 0 0
4305	0 0 1
4306	1 0 0
4307	1 0 0
4308	0 0 1
4309	0 1 0
4310	1 0 0
4311	0 0 1
4312	0 0 1
4313	0 0 1
4314	0 0 1
4315	0 1 0
4316	1 0 0
4317	1 0 0
4318	0 1 0
4319	0 1 0
4320	0 1 0
4321	1 0 0
4322	0 1 0
4323	0 1 0
4324	0 1 0
4325	0 1 0
4326	0 0 1
4327	0 0 1
4328	0 1 0
4329	1 0 0
4330	1 0 0
4331	0 1 0
4332	0 1 0
4333	0 1 0
4334	0 1 0
4335	0 1 0
4336	0 1 0
4337	0 1 0
4338	0 0 1
4339	0 1 0
4340	1 0 0
4341	0 0 1
4342	0 0 1
4343	0 0 1
4344	1 0 0
4345	1 0 0
4346	0 0 1
4347	0 1 0
4348	0 1 0
4349	0 0 1
4350	0 1 0
4351	0 1 0
4352	1 0 0
4353	0 0 1
4354	0 0 1
4355	0 0 1
4356	0 1 0
4357	0 1 0
4358	0 1 0
4359	0 1 0
4360	1 0 0
4361	1 0 0
4362	1 0 0
4363	0 1 0
4364	0 0 1
4365	0 1 0
4366	0 1 0
4367	0 1 0
4368	1 0 0
4369	1 0 0
4370	0 1 0
4371	0 1 0
4372	0 0 1
4373	0 1 0
4374	0 1 0
4375	1 0 0
4376	1 0 0
4377	1 0 0
4378	0 1 0
4379	1 0 0
4380	0 1 0
4381	0 1 0
4382	1 0 0
4383	0 0 1
4384	1 0 0
4385	0 1 0
4386	0 1 0
4387	0 0 1
4388	1 0 0
4389	1 0 0
4390	0 1 0
4391	0 1 0
4392	0 1 0
4393	0 0 1
4394	0 1 0
4395	1 0 0
4396	0 0 1
4397	0 1 0
4398	0 1 0
4399	1 0 0
4400	1 0 0
4401	0 1 0
4402	0 1 0
4403	1 0 0
4404	1 0 0
4405	0 1 0
4406	1 0 0
4407	0 0 1
4408	1 0 0
4409	0 1 0
4410	1 0 0
4411	0 0 1
4412	1 0 0
4413	1 0 0
4414	0 0 1
4415	0 1 0
4416	1 0 0
4417	1 0 0
4418	0 0 1
4419	0 0 1
4420	0 0 1
4421	0 1 0
4422	1 0 0
4423	0 0 1
4424	1 0 0
4425	1 0 0
4426	0 1 0
4427	0 0 1
4428	0 1 0
4429	0 0 1
4430	0 0 1
4431	1 0 0
4432	0 0 1
4433	0 0 1
4434	0 1 0
4435	0 1 0
4436	1 0 0
4437	1 0 0
4438	0 1 0
4439	1 0 0
4440	0 0 1
4441	0 0 1
4442	1 0 0
4443	1 0 0
4444	1 0 0
4445	1 0 0
4446	0 0 1
4447	0 0 1
4448	0 1 0
4449	1 0 0
4450	0 1 0
4451	0 1 0
4452	0 0 1
4453	0 1 0
4454	1 0 0
4455	0 1 0
4456	1 0 0
4457	0 0 1
4458	1 0 0
4459	0 1 0
4460	0 0 1
4461	0 1 0
4462	0 0 1
4463	0 0 1
4464	1 0 0
4465	0 1 0
4466	1 0 0
4467	0 0 1
4468	0 0 1
4469	0 0 1
4470	0 1 0
4471	1 0 0
4472	0 0 1
4473	0 1 0
4474	0 0 1
4475	1 0 0
4476	0 1 0
4477	0 0 1
4478	0 0 1
4479	1 0 0
4480	1 0 0
4481	0 1 0
4482	0 1 0
4483	0 1 0
4484	0 1 0
4485	0 1 0
4486	0 0 1
4487	0 1 0
4488	1 0 0
4489	0 1 0
4490	0 0 1
4491	0 1 0
4492	0 1 0
4493	0 0 1
4494	1 0 0
4495	0 1 0
4496	1 0 0
4497	0 0 1
4498	0 1 0
4499	0 0 1
4500	0 1 0
4501	0 0 1
4502	0 0 1
4503	1 0 0
4504	1 0 0
4505	0 0 1
4506	0 1 0
4507	0 1 0
4508	0 0 1
4509	0 0 1
4510	1 0 0
4511	0 0 1
4512	0 0 1
4513	0 1 0
4514	1 0 0
4515	1 0 0
4516	0 1 0
4517	0 1 0
4518	0 0 1
4519	0 0 1
4520	0 0 1
4521	1 0 0
4522	1 0 0
4523	0 1 0
4524	0 0 1
4525	0 0 1
4526	0 0 1
4527	0 1 0
4528	0 0 1
4529	1 0 0
4530	1 0 0
4531	1 0 0
4532	0 1 0
4533	0 1 0
4534	0 1 0
4535	1 0 0
4536	0 0 1
4537	0 0 1
4538	0 1 0
4539	1 0 0
4540	1 0 0
4541	0 0 1
4542	0 1 0
4543	0 1 0
4544	0 0 1
4545	0 1 0
4546	0 0 1
4547	0 1 0
4548	0 0 1
4549	0 1 0
4550	1 0 0
4551	0 1 0
4552	0 0 1
4553	0 1 0
4554	0 1 0
4555	1 0 0
4556	0 1 0
4557	0 1 0
4558	0 0 1
4559	1 0 0
4560	0 0 1
4561	0 0 1
4562	0 0 1
4563	1 0 0
4564	0 0 1
4565	0 1 0
4566	0 1 0
4567	1 0 0
4568	0 0 1
4569	0 0 1
4570	1 0 0
4571	0 0 1
4572	0 1 0
4573	1 0 0
4574	0 1 0
4575	0 0 1
4576	1 0 0
4577	0 1 0
4578	0 1 0
4579	0 0 1
4580	0 1 0
4581	0 0 1
4582	0 1 0
4583	0 1 0
4584	0 1 0
4585	0 0 1
4586	0 1 0
4587	0 0 1
4588	1 0 0
4589	1 0 0
4590	0 1 0
4591	0 0 1
4592	0 1 0
4593	0 0 1
4594	0 1 0
4595	0 1 0
4596	0 0 1
4597	1 0 0
4598	1 0 0
4599	0 1 0
4600	1 0 0
4601	0 1 0
4602	1 0 0
4603	1 0 0
4604	1 0 0
4605	0 0 1
4606	1 0 0
4607	0 0 1
4608	0 0 1
4609	0 0 1
4610	0 1 0
4611	1 0 0
4612	0 1 0
4613	0 0 1
4614	0 0 1
4615	1 0 0
4616	0 1 0
4617	0 1 0
4618	0 0 1
4619	0 0 1
4620	0 1 0
4621	0 1 0
4622	0 0 1
4623	1 0 0
4624	1 0 0
4625	0 0 1
4626	1 0 0
4627	1 0 0
4628	0 0 1
4629	0 0 1
4630	0 1 0
4631	0 1 0
4632	0 1 0
4633	0 1 0
4634	0 1 0
4635	0 1 0
4636	1 0 0
4637	0 0 1
4638	1 0 0
4639	1 0 0
4640	0 1 0
4641	0 0 1
4642	0 0 1
4643	0 0 1
4644	0 0 1
4645	1 0 0
4646	0 0 1
4647	0 0 1
4648	0 1 0
4649	0 1 0
4650	1 0 0
4651	0 1 0
4652	1 0 0
4653	1 0 0
4654	0 0 1
4655	0 1 0
4656	1 0 0
4657	1 0 0
4658	0 1 0
4659	0 0 1
4660	1 0 0
4661	0 0 1
4662	0 0 1
4663	1 0 0
4664	1 0 0
4665	1 0 0
4666	0 1 0
4667	0 1 0
4668	1 0 0
4669	1 0 0
4670	0 0 1
4671	0 1 0
4672	0 0 1
4673	0 0 1
4674	1 0 0
4675	0 1 0
4676	1 0 0
4677	0 0 1
4678	0 1 0
4679	0 0 1
4680	0 1 0
4681	0 1 0
4682	0 0 1
4683	1 0 0
4684	0 0 1
4685	0 0 1
4686	0 0 1
4687	1 0 0
4688	1 0 0
4689	1 0 0
4690	0 0 1
4691	0 0 1
4692	0 1 0
4693	0 0 1
4694	0 0 1
4695	1 0 0
4696	1 0 0
4697	0 0 1
4698	1 0 0
4699	0 1 0
4700	0 0 1
4701	0 1 0
4702	0 0 1
4703	0 1 0
4704	1 0 0
4705	1 0 0
4706	0 0 1
4707	0 1 0
4708	1 0 0
4709	1 0 0
4710	0 0 1
4711	0 0 1
4712	1 0 0
4713	1 0 0
4714	0 1 0
4715	1 0 0
4716	0 0 1
4717	0 1 0
4718	1 0 0
4719	0 0 1
4720	0 0 1
4721	0 1 0
4722	1 0 0
4723	0 0 1
4724	0 1 0
4725	1 0 0
4726	0 1 0
4727	1 0 0
4728	0 1 0
4729	0 0 1
4730	0 0 1
4731	0 0 1
4732	0 1 0
4733	1 0 0
4734	0 0 1
4735	1 0 0
4736	0 0 1
4737	0 0 1
4738	1 0 0
4739	0 1 0
4740	0 0 1
4741	0 1 0
4742	1 0 0
4743	0 1 0
4744	0 1 0
4745	0 1 0
4746	0 0 1
4747	1 0 0
4748	0 0 1
4749	1 0 0
4750	1 0 0
4751	0 0 1
4752	0 1 0
4753	0 1 0
4754	0 0 1
4755	0 0 1
4756	0 0 1
4757	0 0 1
4758	0 1 0
4759	0 0 1
4760	0 0 1
4761	0 1 0
4762	0 1 0
4763	1 0 0
4764	1 0 0
4765	1 0 0
4766	0 0 1
4767	1 0 0
4768	1 0 0
4769	1 0 0
4770	0 0 1
4771	0 0 1
4772	0 0 1
4773	0 1 0
4774	0 0 1
4775	1 0 0
4776	1 0 0
4777	1 0 0
4778	0 1 0
4779	0 0 1
4780	0 1 0
4781	1 0 0
4782	1 0 0
4783	0 0 1
4784	1 0 0
4785	1 0 0
4786	0 0 1
4787	0 1 0
4788	0 1 0
4789	0 0 1
4790	0 1 0
4791	0 0 1
4792	1 0 0
4793	1 0 0
4794	0 0 1
4795	0 0 1
4796	1 0 0
4797	0 1 0
4798	1 0 0
4799	0 0 1
4800	0 0 1
4801	1 0 0
4802	1 0 0
4803	1 0 0
4804	0 0 1
4805	1 0 0
4806	0 0 1
4807	0 1 0
4808	1 0 0
4809	0 1 0
4810	1 0 0
4811	0 0 1
4812	0 0 1
4813	0 0 1
4814	0 1 0
4815	0 1 0
4816	0 1 0
4817	0 0 1
4818	0 1 0
4819	1 0 0
4820	0 0 1
4821	1 0 0
4822	1 0 0
4823	0 0 1
4824	0 0 1
4825	0 0 1
4826	0 1 0
4827	0 0 1
4828	0 1 0
4829	0 0 1
4830	1 0 0
4831	0 0 1
4832	0 0 1
4833	0 0 1
4834	1 0 0
4835	1 0 0
4836	1 0 0
4837	0 1 0
4838	0 0 1
4839	1 0 0
4840	1 0 0
4841	1 0 0
4842	0 1 0
4843	1 0 0
4844	1 0 0
4845	1 0 0
4846	0 1 0
4847	0 0 1
4848	0 1 0
4849	1 0 0
4850	0 1 0
4851	0 0 1
4852	0 1 0
4853	0 0 1
4854	1 0 0
4855	1 0 0
4856	0 1 0
4857	0 0 1
4858	0 0 1
4859	0 0 1
4860	0 0 1
4861	0 1 0
4862	0 1 0
4863	0 1 0
4864	0 1 0
4865	1 0 0
4866	1 0 0
4867	1 0 0
4868	0 0 1
4869	0 0 1
4870	1 0 0
4871	0 0 1
4872	0 0 1
4873	1 0 0
4874	0 0 1
4875	0 0 1
4876	1 0 0
4877	1 0 0
4878	0 0 1
4879	0 0 1
4880	0 1 0
4881	0 1 0
4882	0 1 0
4883	1 0 0
4884	0 0 1
4885	0 1 0
4886	1 0 0
4887	0 1 0
4888	0 0 1
4889	0 0 1
4890	0 1 0
4891	0 1 0
4892	0 1 0
4893	0 0 1
4894	1 0 0
4895	1 0 0
4896	0 0 1
4897	0 0 1
4898	0 0 1
4899	1 0 0
4900	0 1 0
4901	0 0 1
4902	1 0 0
4903	0 1 0
4904	0 0 1
4905	1 0 0
4906	0 0 1
4907	0 0 1
4908	0 0 1
4909	0 0 1
4910	0 0 1
4911	0 0 1
4912	0 1 0
4913	0 1 0
4914	0 1 0
4915	0 0 1
4916	1 0 0
4917	0 0 1
4918	0 0 1
4919	1 0 0
4920	0 0 1
4921	0 0 1
4922	0 1 0
4923	1 0 0
4924	1 0 0
4925	1 0 0
4926	0 1 0
4927	0 0 1
4928	0 0 1
4929	1 0 0
4930	1 0 0
4931	0 1 0
4932	0 1 0
4933	0 1 0
4934	1 0 0
4935	1 0 0
4936	0 1 0
4937	0 1 0
4938	1 0 0
4939	0 0 1
4940	1 0 0
4941	1 0 0
4942	0 1 0
4943	1 0 0
4944	0 1 0
4945	0 0 1
4946	0 0 1
4947	0 1 0
4948	0 1 0
4949	1 0 0
4950	0 0 1
4951	0 1 0
4952	0 0 1
4953	0 0 1
4954	0 1 0
4955	0 1 0
4956	0 1 0
4957	0 0 1
4958	0 1 0
4959	1 0 0
4960	0 1 0
4961	0 1 0
4962	0 1 0
4963	1 0 0
4964	0 0 1
4965	1 0 0
4966	0 1 0
4967	0 1 0
4968	0 1 0
4969	1 0 0
4970	1 0 0
4971	0 0 1
4972	1 0 0
4973	0 1 0
4974	0 0 1
4975	0 0 1
4976	0 0 1
4977	0 1 0
4978	0 0 1
4979	0 0 1
4980	0 0 1
4981	0 0 1
4982	1 0 0
4983	1 0 0
4984	1 0 0
4985	1 0 0
4986	1 0 0
4987	1 0 0
4988	1 0 0
4989	0 1 0
4990	0 0 1
4991	1 0 0
4992	1 0 0
4993	1 0 0
4994	0 0 1
4995	0 1 0
4996	0 0 1
4997	0 1 0
4998	0 0 1
4999	0 0 1
