0	0 1 0
1	1 0 0
2	0 1 0
3	1 0 0
4	0 1 0
5	0 1 0
6	1 0 0
7	0 0 1
8	0 1 0
9	0 1 0
10	0 0 1
11	0 1 0
12	1 0 0
13	1 0 0
14	1 0 0
15	1 0 0
16	0 0 1
17	0 0 1
18	1 0 0
19	0 1 0
20	1 0 0
21	1 0 0
22	1 0 0
23	0 1 0
24	1 0 0
25	0 1 0
26	0 1 0
27	1 0 0
28	0 0 1
29	0 1 0
30	0 1 0
31	1 0 0
32	0 1 0
33	1 0 0
34	1 0 0
35	0 1 0
36	0 1 0
37	0 0 1
38	0 0 1
39	1 0 0
40	0 1 0
41	0 0 1
42	0 1 0
43	0 1 0
44	1 0 0
45	1 0 0
46	1 0 0
47	0 0 1
48	0 0 1
49	1 0 0
50	0 0 1
51	0 0 1
52	0 0 1
53	1 0 0
54	0 0 1
55	1 0 0
56	1 0 0
57	0 0 1
58	1 0 0
59	1 0 0
60	0 1 0
61	0 1 0
62	1 0 0
63	1 0 0
64	0 1 0
65	0 1 0
66	0 1 0
67	0 1 0
68	0 1 0
69	0 1 0
70	0 1 0
71	0 0 1
72	1 0 0
73	0 0 1
74	0 0 1
75	0 1 0
76	0 1 0
77	0 0 1
78	1 0 0
79	1 0 0
80	0 1 0
81	0 0 1
82	1 0 0
83	0 0 1
84	0 0 1
85	1 0 0
86	0 0 1
87	0 0 1
88	0 1 0
89	0 0 1
90	0 0 1
91	1 0 0
92	0 1 0
93	0 0 1
94	1 0 0
95	0 0 1
96	1 0 0
97	0 1 0
98	0 1 0
99	0 0 1
100	0 1 0
101	1 0 0
102	1 0 0
103	0 1 0
104	0 1 0
105	0 0 1
106	1 0 0
107	0 1 0
108	0 0 1
109	1 0 0
110	0 1 0
111	0 1 0
112	0 0 1
113	1 0 0
114	1 0 0
115	1 0 0
116	1 0 0
117	0 1 0
118	1 0 0
119	0 0 1
120	1 0 0
121	0 1 0
122	0 0 1
123	0 1 0
124	1 0 0
125	1 0 0
126	0 0 1
127	1 0 0
128	1 0 0
129	0 1 0
130	0 0 1
131	1 0 0
132	0 1 0
133	0 1 0
134	1 0 0
135	1 0 0
136	1 0 0
137	0 1 0
138	0 1 0
139	0 1 0
140	0 1 0
141	0 0 1
142	0 1 0
143	0 0 1
144	1 0 0
145	1 0 0
146	0 0 1
147	0 0 1
148	0 0 1
149	0 1 0
150	0 0 1
151	0 1 0
152	0 0 1
153	0 1 0
154	0 0 1
155	0 1 0
156	0 0 1
157	0 1 0
158	0 1 0
159	1 0 0
160	1 0 0
161	0 1 0
162	0 1 0
163	0 0 1
164	0 0 1
165	1 0 0
166	0 0 1
167	1 0 0
168	0 0 1
169	1 0 0
170	0 1 0
171	1 0 0
172	0 0 1
173	0 1 0
174	0 0 1
175	1 0 0
176	0 1 0
177	0 1 0
178	0 0 1
179	0 1 0
180	1 0 0
181	0 1 0
182	0 1 0
183	1 0 0
184	1 0 0
185	0 0 1
186	1 0 0
187	0 0 1
188	0 1 0
189	0 0 1
190	0 1 0
191	0 1 0
192	1 0 0
193	0 1 0
194	0 1 0
195	0 0 1
196	0 1 0
197	1 0 0
198	0 0 1
199	0 1 0
200	0 1 0
201	0 0 1
202	1 0 0
203	0 1 0
204	0 1 0
205	0 0 1
206	1 0 0
207	1 0 0
208	0 0 1
209	1 0 0
210	0 1 0
211	0 0 1
212	0 0 1
213	1 0 0
214	0 1 0
215	0 0 1
216	0 0 1
217	0 0 1
218	0 0 1
219	0 1 0
220	1 0 0
221	1 0 0
222	1 0 0
223	0 1 0
224	0 0 1
225	0 1 0
226	0 0 1
227	1 0 0
228	0 1 0
229	1 0 0
230	0 0 1
231	0 0 1
232	0 0 1
233	0 0 1
234	0 0 1
235	0 1 0
236	0 0 1
237	0 0 1
238	1 0 0
239	1 0 0
240	1 0 0
241	1 0 0
242	1 0 0
243	0 0 1
244	1 0 0
245	0 0 1
246	0 1 0
247	0 0 1
248	0 0 1
249	0 0 1
250	0 0 1
251	0 1 0
252	1 0 0
253	1 0 0
254	0 0 1
255	0 1 0
256	0 0 1
257	1 0 0
258	1 0 0
259	1 0 0
260	0 1 0
261	0 1 0
262	0 0 1
263	0 0 1
264	1 0 0
265	0 1 0
266	0 1 0
267	1 0 0
268	1 0 0
269	0 1 0
270	0 0 1
271	0 1 0
272	1 0 0
273	0 1 0
274	0 1 0
275	0 1 0
276	1 0 0
277	0 0 1
278	0 0 1
279	0 1 0
280	0 0 1
281	1 0 0
282	1 0 0
283	0 0 1
284	0 1 0
285	0 0 1
286	0 1 0
287	1 0 0
288	0 1 0
289	1 0 0
290	0 1 0
291	0 0 1
292	0 0 1
293	0 1 0
294	0 0 1
295	0 1 0
296	1 0 0
297	1 0 0
298	0 0 1
299	0 0 1
300	0 0 1
301	0 0 1
302	0 1 0
303	1 0 0
304	0 0 1
305	0 1 0
306	0 0 1
307	0 1 0
308	0 0 1
309	0 0 1
310	0 1 0
311	0 1 0
312	1 0 0
313	0 0 1
314	1 0 0
315	0 1 0
316	0 1 0
317	1 0 0
318	1 0 0
319	1 0 0
320	0 1 0
321	0 1 0
322	1 0 0
323	0 1 0
324	0 1 0
325	0 1 0
326	0 0 1
327	1 0 0
328	0 1 0
329	0 0 1
330	0 0 1
331	0 0 1
332	0 0 1
333	0 0 1
334	0 1 0
335	1 0 0
336	1 0 0
337	1 0 0
338	0 1 0
339	1 0 0
340	0 0 1
341	0 1 0
342	0 1 0
343	1 0 0
344	0 0 1
345	1 0 0
346	0 0 1
347	0 1 0
348	0 1 0
349	1 0 0
350	0 1 0
351	1 0 0
352	1 0 0
353	0 0 1
354	1 0 0
355	0 1 0
356	0 0 1
357	1 0 0
358	0 0 1
359	1 0 0
360	1 0 0
361	0 1 0
362	0 0 1
363	0 0 1
364	0 1 0
365	0 1 0
366	0 1 0
367	0 1 0
368	1 0 0
369	0 1 0
370	0 0 1
371	1 0 0
372	1 0 0
373	0 1 0
374	0 0 1
375	1 0 0
376	0 1 0
377	0 0 1
378	0 0 1
379	0 0 1
380	1 0 0
381	0 0 1
382	0 0 1
383	0 0 1
384	1 0 0
385	1 0 0
386	1 0 0
387	0 0 1
388	1 0 0
389	0 1 0
390	1 0 0
391	1 0 0
392	0 0 1
393	0 0 1
394	0 0 1
395	0 0 1
396	0 0 1
397	0 1 0
398	1 0 0
399	0 1 0
400	0 0 1
401	0 0 1
402	0 1 0
403	1 0 0
404	1 0 0
405	0 1 0
406	0 1 0
407	0 0 1
408	0 0 1
409	1 0 0
410	0 0 1
411	1 0 0
412	1 0 0
413	1 0 0
414	1 0 0
415	0 0 1
416	0 1 0
417	0 0 1
418	0 1 0
419	0 0 1
420	1 0 0
421	0 1 0
422	0 1 0
423	1 0 0
424	0 1 0
425	0 0 1
426	0 1 0
427	1 0 0
428	1 0 0
429	0 1 0
430	0 1 0
431	0 0 1
432	0 0 1
433	0 0 1
434	0 1 0
435	0 0 1
436	0 0 1
437	1 0 0
438	0 1 0
439	1 0 0
440	0 1 0
441	0 0 1
442	1 0 0
443	0 1 0
444	0 0 1
445	1 0 0
446	0 1 0
447	0 0 1
448	0 1 0
449	0 0 1
450	0 1 0
451	0 0 1
452	0 0 1
453	0 1 0
454	0 0 1
455	1 0 0
456	0 1 0
457	1 0 0
458	0 0 1
459	0 0 1
460	1 0 0
461	0 1 0
462	0 1 0
463	1 0 0
464	0 1 0
465	0 1 0
466	0 0 1
467	0 0 1
468	1 0 0
469	0 0 1
470	1 0 0
471	0 0 1
472	0 1 0
473	1 0 0
474	0 0 1
475	1 0 0
476	0 1 0
477	1 0 0
478	0 0 1
479	1 0 0
480	1 0 0
481	0 1 0
482	0 0 1
483	1 0 0
484	0 0 1
485	0 1 0
486	1 0 0
487	0 0 1
488	0 0 1
489	0 1 0
490	0 0 1
491	0 1 0
492	1 0 0
493	0 0 1
494	0 1 0
495	0 0 1
496	0 0 1
497	0 0 1
498	0 0 1
499	0 0 1
500	1 0 0
501	0 0 1
502	0 0 1
503	0 1 0
504	0 0 1
505	1 0 0
506	1 0 0
507	0 1 0
508	0 0 1
509	0 1 0
510	0 1 0
511	0 0 1
512	0 0 1
513	0 1 0
514	0 1 0
515	0 0 1
516	1 0 0
517	1 0 0
518	0 1 0
519	0 1 0
520	1 0 0
521	0 1 0
522	0 0 1
523	0 1 0
524	0 1 0
525	0 0 1
526	1 0 0
527	0 0 1
528	1 0 0
529	1 0 0
530	0 1 0
531	0 0 1
532	1 0 0
533	0 1 0
534	1 0 0
535	1 0 0
536	0 1 0
537	0 0 1
538	0 1 0
539	0 0 1
540	0 1 0
541	1 0 0
542	0 0 1
543	0 0 1
544	0 1 0
545	1 0 0
546	0 0 1
547	0 1 0
548	1 0 0
549	1 0 0
550	1 0 0
551	0 0 1
552	0 1 0
553	0 1 0
554	1 0 0
555	0 1 0
556	0 0 1
557	1 0 0
558	0 0 1
559	0 1 0
560	0 0 1
561	0 1 0
562	0 0 1
563	1 0 0
564	1 0 0
565	0 1 0
566	0 0 1
567	1 0 0
568	0 1 0
569	1 0 0
570	0 0 1
571	0 1 0
572	1 0 0
573	0 1 0
574	1 0 0
575	0 1 0
576	0 1 0
577	0 1 0
578	0 1 0
579	0 0 1
580	1 0 0
581	1 0 0
582	0 1 0
583	0 1 0
584	1 0 0
585	0 1 0
586	0 1 0
587	0 1 0
588	0 1 0
589	0 0 1
590	0 0 1
591	0 0 1
592	0 0 1
593	0 0 1
594	0 0 1
595	0 0 1
596	1 0 0
597	1 0 0
598	0 1 0
599	1 0 0
600	0 1 0
601	1 0 0
602	0 0 1
603	1 0 0
604	1 0 0
605	0 1 0
606	0 0 1
607	0 1 0
608	0 1 0
609	1 0 0
610	0 1 0
611	0 0 1
612	0 0 1
613	0 0 1
614	0 1 0
615	0 0 1
616	0 1 0
617	0 0 1
618	0 1 0
619	1 0 0
620	0 0 1
621	1 0 0
622	1 0 0
623	0 1 0
624	0 1 0
625	0 0 1
626	0 1 0
627	0 1 0
628	1 0 0
629	0 1 0
630	1 0 0
631	0 1 0
632	1 0 0
633	1 0 0
634	0 1 0
635	0 0 1
636	0 1 0
637	0 0 1
638	1 0 0
639	0 1 0
640	1 0 0
641	0 1 0
642	1 0 0
643	0 0 1
644	1 0 0
645	1 0 0
646	0 1 0
647	1 0 0
648	1 0 0
649	1 0 0
650	0 0 1
651	0 1 0
652	1 0 0
653	1 0 0
654	1 0 0
655	0 0 1
656	1 0 0
657	0 1 0
658	0 1 0
659	0 1 0
660	0 1 0
661	0 0 1
662	1 0 0
663	0 0 1
664	1 0 0
665	1 0 0
666	1 0 0
667	1 0 0
668	1 0 0
669	1 0 0
670	0 1 0
671	0 1 0
672	1 0 0
673	1 0 0
674	0 1 0
675	0 0 1
676	0 0 1
677	0 1 0
678	0 1 0
679	0 0 1
680	0 0 1
681	0 0 1
682	1 0 0
683	1 0 0
684	0 0 1
685	1 0 0
686	0 0 1
687	1 0 0
688	0 1 0
689	0 1 0
690	0 1 0
691	0 0 1
692	1 0 0
693	0 0 1
694	0 1 0
695	0 0 1
696	1 0 0
697	0 0 1
698	1 0 0
699	0 0 1
700	0 1 0
701	1 0 0
702	1 0 0
703	0 0 1
704	0 0 1
705	0 1 0
706	1 0 0
707	0 1 0
708	0 0 1
709	0 0 1
710	1 0 0
711	0 0 1
712	1 0 0
713	0 1 0
714	0 1 0
715	0 0 1
716	1 0 0
717	0 0 1
718	1 0 0
719	1 0 0
720	0 1 0
721	0 1 0
722	1 0 0
723	0 0 1
724	0 0 1
725	1 0 0
726	1 0 0
727	0 0 1
728	1 0 0
729	1 0 0
730	1 0 0
731	0 1 0
732	1 0 0
733	1 0 0
734	0 1 0
735	0 1 0
736	0 1 0
737	1 0 0
738	0 1 0
739	0 1 0
740	0 1 0
741	0 1 0
742	1 0 0
743	1 0 0
744	0 1 0
745	0 0 1
746	0 1 0
747	0 0 1
748	0 1 0
749	0 0 1
750	0 0 1
751	0 0 1
752	1 0 0
753	0 0 1
754	1 0 0
755	0 0 1
756	0 1 0
757	0 1 0
758	0 0 1
759	0 1 0
760	0 0 1
761	1 0 0
762	0 0 1
763	0 1 0
764	0 0 1
765	0 0 1
766	1 0 0
767	1 0 0
768	0 1 0
769	1 0 0
770	1 0 0
771	0 1 0
772	0 0 1
773	0 1 0
774	0 0 1
775	0 0 1
776	0 1 0
777	1 0 0
778	1 0 0
779	0 0 1
780	1 0 0
781	0 0 1
782	0 1 0
783	1 0 0
784	0 0 1
785	0 0 1
786	0 1 0
787	0 1 0
788	0 0 1
789	1 0 0
790	0 0 1
791	0 1 0
792	1 0 0
793	1 0 0
794	0 1 0
795	0 1 0
796	0 1 0
797	1 0 0
798	1 0 0
799	0 0 1
800	0 0 1
801	0 0 1
802	1 0 0
803	1 0 0
804	0 0 1
805	0 1 0
806	0 0 1
807	1 0 0
808	0 0 1
809	1 0 0
810	1 0 0
811	0 1 0
812	0 1 0
813	0 0 1
814	1 0 0
815	0 1 0
816	1 0 0
817	0 1 0
818	0 0 1
819	0 1 0
820	0 1 0
821	0 1 0
822	0 1 0
823	0 1 0
824	0 0 1
825	0 0 1
826	0 1 0
827	0 0 1
828	0 1 0
829	0 1 0
830	0 1 0
831	0 1 0
832	0 0 1
833	0 1 0
834	1 0 0
835	0 1 0
836	0 1 0
837	0 1 0
838	0 1 0
839	0 0 1
840	1 0 0
841	0 0 1
842	0 0 1
843	0 1 0
844	0 0 1
845	0 0 1
846	1 0 0
847	0 0 1
848	1 0 0
849	0 1 0
850	0 1 0
851	0 1 0
852	0 0 1
853	0 0 1
854	1 0 0
855	0 1 0
856	0 0 1
857	0 0 1
858	0 1 0
859	1 0 0
860	0 0 1
861	0 0 1
862	0 1 0
863	0 1 0
864	0 1 0
865	0 0 1
866	0 0 1
867	0 0 1
868	0 0 1
869	0 0 1
870	1 0 0
871	0 1 0
872	0 0 1
873	0 0 1
874	0 0 1
875	1 0 0
876	1 0 0
877	1 0 0
878	0 1 0
879	1 0 0
880	1 0 0
881	1 0 0
882	0 1 0
883	1 0 0
884	1 0 0
885	0 1 0
886	1 0 0
887	1 0 0
888	0 0 1
889	0 1 0
890	1 0 0
891	0 0 1
892	0 1 0
893	0 1 0
894	0 1 0
895	1 0 0
896	0 1 0
897	1 0 0
898	0 0 1
899	1 0 0
900	1 0 0
901	1 0 0
902	0 1 0
903	0 0 1
904	0 1 0
905	0 0 1
906	0 0 1
907	0 1 0
908	0 1 0
909	0 0 1
910	0 1 0
911	1 0 0
912	0 1 0
913	0 1 0
914	1 0 0
915	0 1 0
916	0 1 0
917	1 0 0
918	0 1 0
919	0 1 0
920	0 0 1
921	0 1 0
922	0 1 0
923	1 0 0
924	0 1 0
925	0 1 0
926	0 1 0
927	0 0 1
928	0 1 0
929	0 0 1
930	0 0 1
931	1 0 0
932	1 0 0
933	1 0 0
934	0 0 1
935	0 1 0
936	0 0 1
937	0 1 0
938	1 0 0
939	0 1 0
940	0 0 1
941	0 0 1
942	0 1 0
943	0 1 0
944	0 1 0
945	0 1 0
946	0 0 1
947	1 0 0
948	1 0 0
949	0 0 1
950	1 0 0
951	1 0 0
952	0 0 1
953	0 0 1
954	1 0 0
955	0 1 0
956	0 0 1
957	0 1 0
958	0 1 0
959	0 0 1
960	0 1 0
961	0 1 0
962	0 1 0
963	0 1 0
964	1 0 0
965	0 1 0
966	0 1 0
967	0 1 0
968	0 1 0
969	0 1 0
970	0 0 1
971	0 0 1
972	0 0 1
973	0 0 1
974	0 0 1
975	1 0 0
976	0 1 0
977	1 0 0
978	0 0 1
979	0 1 0
980	0 1 0
981	1 0 0
982	0 0 1
983	0 1 0
984	0 0 1
985	0 1 0
986	1 0 0
987	0 0 1
988	0 0 1
989	0 0 1
990	0 0 1
991	1 0 0
992	0 1 0
993	0 1 0
994	0 1 0
995	1 0 0
996	0 1 0
997	1 0 0
998	0 1 0
999	0 0 1
1000	0 1 0
1001	1 0 0
1002	1 0 0
1003	1 0 0
1004	0 1 0
1005	1 0 0
1006	0 1 0
1007	0 1 0
1008	0 0 1
1009	0 1 0
1010	0 0 1
1011	1 0 0
1012	0 1 0
1013	0 1 0
1014	0 1 0
1015	0 0 1
1016	0 0 1
1017	0 0 1
1018	1 0 0
1019	0 0 1
1020	1 0 0
1021	1 0 0
1022	0 0 1
1023	0 0 1
1024	0 1 0
1025	0 0 1
1026	0 0 1
1027	1 0 0
1028	0 0 1
1029	0 0 1
1030	0 0 1
1031	0 1 0
1032	0 0 1
1033	1 0 0
1034	0 0 1
1035	0 0 1
1036	0 1 0
1037	0 0 1
1038	1 0 0
1039	0 0 1
1040	0 0 1
1041	1 0 0
1042	0 1 0
1043	0 1 0
1044	0 1 0
1045	0 0 1
1046	1 0 0
1047	1 0 0
1048	0 0 1
1049	1 0 0
1050	1 0 0
1051	0 1 0
1052	0 1 0
1053	1 0 0
1054	1 0 0
1055	1 0 0
1056	0 0 1
1057	0 1 0
1058	1 0 0
1059	0 0 1
1060	0 1 0
1061	0 0 1
1062	0 1 0
1063	0 0 1
1064	0 0 1
1065	1 0 0
1066	0 1 0
1067	1 0 0
1068	1 0 0
1069	1 0 0
1070	0 1 0
1071	1 0 0
1072	0 1 0
1073	1 0 0
1074	0 1 0
1075	0 1 0
1076	1 0 0
1077	0 0 1
1078	0 0 1
1079	0 0 1
1080	1 0 0
1081	0 0 1
1082	1 0 0
1083	1 0 0
1084	1 0 0
1085	1 0 0
1086	1 0 0
1087	1 0 0
1088	1 0 0
1089	0 1 0
1090	0 0 1
1091	0 0 1
1092	1 0 0
1093	0 0 1
1094	0 1 0
1095	0 0 1
1096	1 0 0
1097	0 0 1
1098	0 1 0
1099	0 0 1
1100	1 0 0
1101	0 0 1
1102	0 1 0
1103	0 1 0
1104	1 0 0
1105	1 0 0
1106	1 0 0
1107	1 0 0
1108	1 0 0
1109	0 1 0
1110	0 1 0
1111	0 1 0
1112	1 0 0
1113	0 0 1
1114	0 0 1
1115	1 0 0
1116	0 0 1
1117	0 0 1
1118	1 0 0
1119	0 0 1
1120	0 0 1
1121	0 0 1
1122	0 0 1
1123	0 1 0
1124	0 1 0
1125	0 1 0
1126	0 0 1
1127	0 1 0
1128	0 0 1
1129	0 1 0
1130	0 0 1
1131	1 0 0
1132	0 1 0
1133	0 1 0
1134	1 0 0
1135	1 0 0
1136	1 0 0
1137	0 0 1
1138	1 0 0
1139	0 0 1
1140	0 1 0
1141	0 0 1
1142	0 1 0
1143	1 0 0
1144	0 0 1
1145	0 1 0
1146	0 0 1
1147	0 0 1
1148	0 0 1
1149	0 1 0
1150	1 0 0
1151	1 0 0
1152	0 1 0
1153	0 0 1
1154	1 0 0
1155	1 0 0
1156	0 0 1
1157	0 0 1
1158	0 0 1
1159	0 0 1
1160	1 0 0
1161	0 1 0
1162	0 0 1
1163	0 1 0
1164	0 1 0
1165	0 1 0
1166	0 1 0
1167	0 0 1
1168	0 0 1
1169	1 0 0
1170	1 0 0
1171	1 0 0
1172	0 0 1
1173	1 0 0
1174	0 1 0
1175	0 1 0
1176	0 1 0
1177	1 0 0
1178	0 1 0
1179	0 1 0
1180	0 1 0
1181	1 0 0
1182	1 0 0
1183	0 0 1
1184	1 0 0
1185	0 0 1
1186	0 0 1
1187	0 0 1
1188	1 0 0
1189	1 0 0
1190	1 0 0
1191	0 1 0
1192	1 0 0
1193	0 1 0
1194	0 1 0
1195	1 0 0
1196	0 0 1
1197	0 0 1
1198	1 0 0
1199	0 1 0
1200	0 1 0
1201	0 1 0
1202	1 0 0
1203	0 1 0
1204	0 1 0
1205	1 0 0
1206	0 1 0
1207	0 0 1
1208	1 0 0
1209	0 0 1
1210	0 1 0
1211	1 0 0
1212	0 1 0
1213	0 0 1
1214	1 0 0
1215	1 0 0
1216	0 0 1
1217	0 0 1
1218	0 1 0
1219	1 0 0
1220	1 0 0
1221	0 1 0
1222	1 0 0
1223	0 1 0
1224	0 1 0
1225	0 0 1
1226	0 0 1
1227	1 0 0
1228	0 0 1
1229	0 1 0
1230	0 1 0
1231	0 1 0
1232	1 0 0
1233	0 1 0
1234	1 0 0
1235	0 1 0
1236	0 0 1
1237	1 0 0
1238	1 0 0
1239	1 0 0
1240	1 0 0
1241	0 1 0
1242	1 0 0
1243	0 0 1
1244	0 0 1
1245	0 0 1
1246	0 1 0
1247	0 0 1
1248	1 0 0
1249	0 1 0
1250	0 0 1
1251	1 0 0
1252	0 1 0
1253	0 0 1
1254	1 0 0
1255	1 0 0
1256	0 0 1
1257	0 1 0
1258	1 0 0
1259	0 0 1
1260	1 0 0
1261	0 0 1
1262	0 0 1
1263	1 0 0
1264	0 0 1
1265	1 0 0
1266	0 1 0
1267	0 1 0
1268	0 1 0
1269	1 0 0
1270	1 0 0
1271	1 0 0
1272	0 0 1
1273	0 0 1
1274	0 0 1
1275	0 0 1
1276	0 1 0
1277	0 1 0
1278	0 1 0
1279	1 0 0
1280	0 1 0
1281	0 0 1
1282	0 1 0
1283	0 1 0
1284	0 0 1
1285	0 1 0
1286	0 0 1
1287	0 0 1
1288	1 0 0
1289	0 0 1
1290	1 0 0
1291	1 0 0
1292	0 0 1
1293	1 0 0
1294	0 1 0
1295	0 0 1
1296	1 0 0
1297	0 1 0
1298	1 0 0
1299	0 1 0
1300	1 0 0
1301	0 0 1
1302	1 0 0
1303	1 0 0
1304	1 0 0
1305	0 0 1
1306	1 0 0
1307	1 0 0
1308	0 0 1
1309	1 0 0
1310	1 0 0
1311	1 0 0
1312	1 0 0
1313	0 1 0
1314	0 1 0
1315	0 0 1
1316	0 1 0
1317	0 0 1
1318	1 0 0
1319	1 0 0
1320	1 0 0
1321	1 0 0
1322	0 0 1
1323	1 0 0
1324	1 0 0
1325	1 0 0
1326	0 1 0
1327	1 0 0
1328	1 0 0
1329	1 0 0
1330	0 0 1
1331	0 1 0
1332	1 0 0
1333	0 0 1
1334	0 0 1
1335	0 0 1
1336	0 0 1
1337	1 0 0
1338	0 1 0
1339	0 0 1
1340	0 0 1
1341	0 1 0
1342	0 1 0
1343	1 0 0
1344	0 0 1
1345	1 0 0
1346	0 1 0
1347	0 0 1
1348	1 0 0
1349	0 1 0
1350	1 0 0
1351	0 1 0
1352	1 0 0
1353	1 0 0
1354	0 0 1
1355	0 0 1
1356	0 1 0
1357	1 0 0
1358	1 0 0
1359	1 0 0
1360	1 0 0
1361	0 0 1
1362	1 0 0
1363	1 0 0
1364	0 1 0
1365	0 0 1
1366	1 0 0
1367	0 1 0
1368	0 1 0
1369	0 1 0
1370	0 0 1
1371	0 0 1
1372	0 1 0
1373	0 1 0
1374	0 1 0
1375	1 0 0
1376	0 0 1
1377	1 0 0
1378	1 0 0
1379	1 0 0
1380	0 1 0
1381	0 0 1
1382	0 0 1
1383	1 0 0
1384	0 0 1
1385	1 0 0
1386	1 0 0
1387	1 0 0
1388	0 1 0
1389	1 0 0
1390	1 0 0
1391	0 1 0
1392	0 1 0
1393	0 1 0
1394	0 1 0
1395	0 1 0
1396	1 0 0
1397	0 0 1
1398	0 0 1
1399	1 0 0
1400	0 1 0
1401	0 1 0
1402	0 1 0
1403	0 0 1
1404	0 1 0
1405	0 0 1
1406	0 0 1
1407	0 1 0
1408	0 1 0
1409	0 1 0
1410	0 0 1
1411	0 1 0
1412	0 0 1
1413	0 0 1
1414	0 1 0
1415	1 0 0
1416	1 0 0
1417	1 0 0
1418	1 0 0
1419	1 0 0
1420	0 0 1
1421	0 0 1
1422	0 1 0
1423	0 1 0
1424	0 1 0
1425	0 0 1
1426	1 0 0
1427	0 0 1
1428	0 1 0
1429	1 0 0
1430	0 1 0
1431	0 1 0
1432	1 0 0
1433	0 0 1
1434	0 0 1
1435	0 1 0
1436	0 0 1
1437	0 1 0
1438	0 1 0
1439	1 0 0
1440	1 0 0
1441	0 1 0
1442	0 0 1
1443	0 1 0
1444	0 1 0
1445	0 0 1
1446	0 0 1
1447	0 1 0
1448	0 1 0
1449	0 1 0
1450	0 0 1
1451	1 0 0
1452	0 0 1
1453	0 0 1
1454	0 1 0
1455	1 0 0
1456	0 0 1
1457	1 0 0
1458	0 0 1
1459	0 1 0
1460	1 0 0
1461	1 0 0
1462	0 0 1
1463	1 0 0
1464	1 0 0
1465	1 0 0
1466	0 0 1
1467	0 0 1
1468	1 0 0
1469	0 1 0
1470	0 0 1
1471	1 0 0
1472	1 0 0
1473	0 1 0
1474	0 0 1
1475	0 0 1
1476	1 0 0
1477	0 0 1
1478	1 0 0
1479	0 0 1
1480	0 0 1
1481	1 0 0
1482	0 0 1
1483	0 1 0
1484	0 1 0
1485	0 1 0
1486	1 0 0
1487	0 1 0
1488	0 0 1
1489	0 0 1
1490	0 0 1
1491	0 1 0
1492	0 0 1
1493	0 1 0
1494	0 1 0
1495	1 0 0
1496	1 0 0
1497	1 0 0
1498	1 0 0
1499	0 0 1
1500	0 1 0
1501	0 1 0
1502	1 0 0
1503	0 1 0
1504	1 0 0
1505	0 0 1
1506	0 1 0
1507	0 0 1
1508	1 0 0
1509	1 0 0
1510	0 1 0
1511	0 1 0
1512	1 0 0
1513	1 0 0
1514	1 0 0
1515	0 1 0
1516	0 1 0
1517	1 0 0
1518	0 1 0
1519	0 0 1
1520	0 1 0
1521	0 1 0
1522	1 0 0
1523	0 1 0
1524	1 0 0
1525	0 0 1
1526	0 1 0
1527	0 1 0
1528	0 0 1
1529	0 1 0
1530	1 0 0
1531	0 0 1
1532	0 1 0
1533	0 0 1
1534	1 0 0
1535	1 0 0
1536	0 0 1
1537	1 0 0
1538	1 0 0
1539	0 1 0
1540	0 0 1
1541	0 1 0
1542	0 1 0
1543	0 1 0
1544	1 0 0
1545	0 1 0
1546	0 1 0
1547	0 1 0
1548	0 1 0
1549	0 0 1
1550	0 1 0
1551	1 0 0
1552	0 0 1
1553	1 0 0
1554	0 0 1
1555	0 1 0
1556	1 0 0
1557	0 0 1
1558	0 1 0
1559	0 1 0
1560	1 0 0
1561	0 0 1
1562	0 1 0
1563	1 0 0
1564	0 0 1
1565	1 0 0
1566	0 0 1
1567	1 0 0
1568	1 0 0
1569	0 0 1
1570	1 0 0
1571	0 1 0
1572	0 1 0
1573	0 0 1
1574	0 1 0
1575	0 1 0
1576	0 0 1
1577	0 1 0
1578	1 0 0
1579	1 0 0
1580	0 1 0
1581	1 0 0
1582	0 1 0
1583	0 0 1
1584	0 1 0
1585	0 1 0
1586	0 1 0
1587	1 0 0
1588	0 1 0
1589	1 0 0
1590	0 1 0
1591	0 0 1
1592	0 1 0
1593	0 0 1
1594	0 1 0
1595	0 0 1
1596	0 1 0
1597	0 0 1
1598	0 0 1
1599	0 1 0
1600	1 0 0
1601	0 1 0
1602	0 0 1
1603	0 1 0
1604	1 0 0
1605	1 0 0
1606	0 0 1
1607	1 0 0
1608	0 1 0
1609	0 1 0
1610	0 1 0
1611	0 1 0
1612	0 0 1
1613	0 0 1
1614	0 0 1
1615	1 0 0
1616	0 1 0
1617	0 1 0
1618	0 0 1
1619	1 0 0
1620	0 1 0
1621	0 1 0
1622	1 0 0
1623	0 0 1
1624	1 0 0
1625	0 0 1
1626	1 0 0
1627	0 0 1
1628	0 0 1
1629	0 1 0
1630	1 0 0
1631	0 1 0
1632	1 0 0
1633	0 1 0
1634	0 0 1
1635	0 1 0
1636	1 0 0
1637	1 0 0
1638	0 0 1
1639	0 0 1
1640	0 1 0
1641	1 0 0
1642	0 0 1
1643	0 0 1
1644	0 0 1
1645	1 0 0
1646	0 1 0
1647	1 0 0
1648	0 1 0
1649	0 1 0
1650	1 0 0
1651	1 0 0
1652	0 1 0
1653	1 0 0
1654	0 0 1
1655	0 1 0
1656	0 0 1
1657	1 0 0
1658	0 1 0
1659	1 0 0
1660	0 1 0
1661	1 0 0
1662	0 1 0
1663	0 1 0
1664	0 1 0
1665	1 0 0
1666	1 0 0
1667	0 1 0
1668	0 1 0
1669	1 0 0
1670	0 1 0
1671	1 0 0
1672	1 0 0
1673	0 0 1
1674	0 1 0
1675	0 0 1
1676	0 0 1
1677	0 1 0
1678	1 0 0
1679	0 0 1
1680	1 0 0
1681	0 0 1
1682	0 0 1
1683	1 0 0
1684	0 0 1
1685	0 1 0
1686	0 0 1
1687	1 0 0
1688	0 1 0
1689	1 0 0
1690	0 1 0
1691	1 0 0
1692	1 0 0
1693	0 0 1
1694	1 0 0
1695	1 0 0
1696	1 0 0
1697	0 0 1
1698	0 1 0
1699	0 1 0
1700	1 0 0
1701	0 0 1
1702	1 0 0
1703	0 0 1
1704	1 0 0
1705	0 0 1
1706	1 0 0
1707	0 1 0
1708	0 0 1
1709	0 0 1
1710	0 0 1
1711	1 0 0
1712	1 0 0
1713	0 0 1
1714	0 0 1
1715	1 0 0
1716	0 0 1
1717	0 1 0
1718	0 0 1
1719	0 0 1
1720	0 0 1
1721	0 1 0
1722	0 1 0
1723	0 1 0
1724	1 0 0
1725	0 1 0
1726	0 1 0
1727	0 0 1
1728	1 0 0
1729	0 0 1
1730	0 1 0
1731	1 0 0
1732	0 0 1
1733	0 1 0
1734	0 0 1
1735	0 1 0
1736	1 0 0
1737	0 1 0
1738	0 1 0
1739	0 0 1
1740	1 0 0
1741	0 1 0
1742	1 0 0
1743	1 0 0
1744	1 0 0
1745	0 0 1
1746	1 0 0
1747	0 0 1
1748	1 0 0
1749	0 1 0
1750	0 0 1
1751	1 0 0
1752	1 0 0
1753	1 0 0
1754	0 0 1
1755	0 1 0
1756	0 1 0
1757	0 0 1
1758	1 0 0
1759	0 1 0
1760	0 0 1
1761	0 1 0
1762	0 1 0
1763	1 0 0
1764	0 1 0
1765	1 0 0
1766	1 0 0
1767	0 0 1
1768	0 1 0
1769	0 1 0
1770	0 1 0
1771	1 0 0
1772	1 0 0
1773	1 0 0
1774	0 1 0
1775	1 0 0
1776	0 1 0
1777	0 1 0
1778	1 0 0
1779	0 0 1
1780	1 0 0
1781	1 0 0
1782	1 0 0
1783	0 1 0
1784	0 0 1
1785	1 0 0
1786	0 1 0
1787	0 0 1
1788	0 0 1
1789	0 0 1
1790	0 0 1
1791	1 0 0
1792	0 1 0
1793	0 1 0
1794	1 0 0
1795	0 1 0
1796	1 0 0
1797	0 1 0
1798	1 0 0
1799	0 1 0
1800	1 0 0
1801	0 1 0
1802	0 0 1
1803	1 0 0
1804	0 0 1
1805	1 0 0
1806	0 0 1
1807	1 0 0
1808	0 0 1
1809	0 0 1
1810	1 0 0
1811	1 0 0
1812	0 0 1
1813	0 1 0
1814	1 0 0
1815	0 1 0
1816	0 1 0
1817	0 0 1
1818	0 1 0
1819	1 0 0
1820	0 0 1
1821	1 0 0
1822	0 0 1
1823	0 1 0
1824	0 1 0
1825	1 0 0
1826	0 1 0
1827	0 1 0
1828	0 1 0
1829	1 0 0
1830	1 0 0
1831	0 1 0
1832	1 0 0
1833	0 1 0
1834	0 1 0
1835	1 0 0
1836	0 1 0
1837	0 0 1
1838	0 0 1
1839	1 0 0
1840	0 1 0
1841	1 0 0
1842	1 0 0
1843	0 0 1
1844	0 0 1
1845	0 0 1
1846	0 1 0
1847	0 1 0
1848	1 0 0
1849	1 0 0
1850	0 0 1
1851	0 0 1
1852	1 0 0
1853	0 0 1
1854	0 0 1
1855	0 1 0
1856	0 0 1
1857	1 0 0
1858	0 1 0
1859	0 1 0
1860	0 1 0
1861	0 0 1
1862	1 0 0
1863	1 0 0
1864	0 0 1
1865	0 1 0
1866	0 0 1
1867	1 0 0
1868	1 0 0
1869	0 1 0
1870	0 1 0
1871	0 0 1
1872	1 0 0
1873	0 0 1
1874	1 0 0
1875	1 0 0
1876	0 1 0
1877	1 0 0
1878	0 0 1
1879	1 0 0
1880	0 0 1
1881	0 1 0
1882	1 0 0
1883	1 0 0
1884	0 1 0
1885	0 0 1
1886	0 0 1
1887	1 0 0
1888	1 0 0
1889	0 0 1
1890	0 1 0
1891	1 0 0
1892	1 0 0
1893	0 1 0
1894	1 0 0
1895	0 1 0
1896	0 1 0
1897	1 0 0
1898	1 0 0
1899	0 1 0
1900	1 0 0
1901	0 1 0
1902	0 0 1
1903	0 0 1
1904	1 0 0
1905	0 0 1
1906	1 0 0
1907	0 1 0
1908	1 0 0
1909	1 0 0
1910	1 0 0
1911	0 1 0
1912	0 1 0
1913	1 0 0
1914	1 0 0
1915	0 1 0
1916	0 0 1
1917	0 0 1
1918	0 0 1
1919	1 0 0
1920	0 0 1
1921	0 0 1
1922	0 0 1
1923	1 0 0
1924	1 0 0
1925	0 0 1
1926	1 0 0
1927	1 0 0
1928	0 0 1
1929	0 0 1
1930	1 0 0
1931	0 0 1
1932	1 0 0
1933	1 0 0
1934	1 0 0
1935	0 0 1
1936	0 0 1
1937	1 0 0
1938	0 1 0
1939	1 0 0
1940	1 0 0
1941	0 0 1
1942	1 0 0
1943	0 1 0
1944	1 0 0
1945	0 0 1
1946	0 0 1
1947	0 0 1
1948	0 1 0
1949	0 0 1
1950	1 0 0
1951	0 1 0
1952	0 0 1
1953	0 0 1
1954	0 1 0
1955	1 0 0
1956	0 1 0
1957	0 0 1
1958	0 0 1
1959	0 0 1
1960	1 0 0
1961	0 1 0
1962	1 0 0
1963	1 0 0
1964	0 1 0
1965	0 0 1
1966	0 0 1
1967	0 0 1
1968	0 0 1
1969	0 1 0
1970	0 0 1
1971	1 0 0
1972	1 0 0
1973	0 0 1
1974	0 1 0
1975	0 1 0
1976	0 0 1
1977	0 0 1
1978	0 0 1
1979	1 0 0
1980	1 0 0
1981	0 0 1
1982	0 1 0
1983	0 1 0
1984	1 0 0
1985	0 0 1
1986	1 0 0
1987	0 1 0
1988	1 0 0
1989	0 1 0
1990	1 0 0
1991	0 1 0
1992	1 0 0
1993	0 1 0
1994	0 0 1
1995	0 1 0
1996	0 0 1
1997	0 0 1
1998	1 0 0
1999	0 1 0
2000	1 0 0
2001	0 0 1
2002	1 0 0
2003	0 1 0
2004	1 0 0
2005	0 1 0
2006	1 0 0
2007	0 1 0
2008	1 0 0
2009	0 1 0
2010	0 1 0
2011	0 0 1
2012	0 0 1
2013	0 0 1
2014	0 0 1
2015	1 0 0
2016	0 1 0
2017	0 0 1
2018	0 1 0
2019	1 0 0
2020	0 1 0
2021	1 0 0
2022	0 0 1
2023	1 0 0
2024	0 1 0
2025	1 0 0
2026	0 0 1
2027	0 1 0
2028	1 0 0
2029	1 0 0
2030	0 1 0
2031	0 1 0
2032	1 0 0
2033	0 0 1
2034	0 1 0
2035	0 0 1
2036	0 1 0
2037	0 0 1
2038	1 0 0
2039	0 1 0
2040	0 0 1
2041	0 1 0
2042	0 1 0
2043	0 1 0
2044	0 0 1
2045	0 0 1
2046	0 1 0
2047	0 1 0
2048	0 1 0
2049	0 1 0
2050	0 0 1
2051	0 0 1
2052	1 0 0
2053	0 0 1
2054	0 0 1
2055	0 1 0
2056	0 1 0
2057	0 1 0
2058	0 1 0
2059	0 1 0
2060	1 0 0
2061	0 0 1
2062	0 0 1
2063	1 0 0
2064	0 0 1
2065	0 0 1
2066	0 0 1
2067	0 0 1
2068	1 0 0
2069	1 0 0
2070	1 0 0
2071	0 0 1
2072	0 0 1
2073	0 1 0
2074	0 0 1
2075	0 1 0
2076	0 1 0
2077	0 1 0
2078	0 1 0
2079	0 1 0
2080	1 0 0
2081	0 1 0
2082	1 0 0
2083	0 0 1
2084	1 0 0
2085	0 1 0
2086	0 1 0
2087	0 0 1
2088	0 1 0
2089	0 0 1
2090	0 1 0
2091	0 1 0
2092	1 0 0
2093	0 0 1
2094	0 1 0
2095	0 1 0
2096	0 1 0
2097	0 1 0
2098	1 0 0
2099	0 0 1
2100	1 0 0
2101	0 1 0
2102	0 1 0
2103	0 1 0
2104	0 0 1
2105	0 0 1
2106	0 0 1
2107	0 0 1
2108	0 1 0
2109	0 1 0
2110	1 0 0
2111	1 0 0
2112	1 0 0
2113	1 0 0
2114	0 0 1
2115	0 1 0
2116	0 1 0
2117	0 1 0
2118	0 1 0
2119	0 1 0
2120	1 0 0
2121	0 0 1
2122	0 0 1
2123	1 0 0
2124	0 0 1
2125	0 0 1
2126	0 0 1
2127	0 0 1
2128	0 1 0
2129	1 0 0
2130	0 0 1
2131	1 0 0
2132	0 1 0
2133	0 0 1
2134	0 1 0
2135	0 1 0
2136	0 0 1
2137	1 0 0
2138	0 0 1
2139	1 0 0
2140	0 0 1
2141	0 1 0
2142	0 1 0
2143	1 0 0
2144	0 1 0
2145	0 0 1
2146	0 1 0
2147	1 0 0
2148	0 0 1
2149	1 0 0
2150	0 1 0
2151	0 0 1
2152	0 1 0
2153	0 0 1
2154	1 0 0
2155	0 0 1
2156	1 0 0
2157	0 0 1
2158	1 0 0
2159	0 0 1
2160	1 0 0
2161	0 0 1
2162	1 0 0
2163	1 0 0
2164	0 1 0
2165	1 0 0
2166	0 0 1
2167	0 1 0
2168	0 1 0
2169	1 0 0
2170	1 0 0
2171	0 0 1
2172	1 0 0
2173	0 0 1
2174	1 0 0
2175	0 0 1
2176	1 0 0
2177	1 0 0
2178	0 1 0
2179	0 1 0
2180	0 0 1
2181	0 0 1
2182	0 0 1
2183	0 1 0
2184	0 1 0
2185	1 0 0
2186	0 1 0
2187	1 0 0
2188	0 0 1
2189	0 1 0
2190	1 0 0
2191	0 1 0
2192	0 0 1
2193	0 0 1
2194	0 1 0
2195	0 0 1
2196	0 1 0
2197	0 0 1
2198	0 0 1
2199	1 0 0
2200	1 0 0
2201	1 0 0
2202	1 0 0
2203	1 0 0
2204	1 0 0
2205	0 0 1
2206	0 0 1
2207	0 1 0
2208	0 0 1
2209	0 0 1
2210	0 0 1
2211	1 0 0
2212	0 1 0
2213	0 1 0
2214	0 1 0
2215	0 1 0
2216	0 1 0
2217	0 0 1
2218	1 0 0
2219	0 1 0
2220	1 0 0
2221	0 0 1
2222	0 0 1
2223	1 0 0
2224	1 0 0
2225	0 0 1
2226	1 0 0
2227	0 1 0
2228	1 0 0
2229	0 0 1
2230	0 0 1
2231	0 1 0
2232	0 1 0
2233	0 0 1
2234	1 0 0
2235	0 0 1
2236	0 0 1
2237	1 0 0
2238	0 0 1
2239	1 0 0
2240	1 0 0
2241	1 0 0
2242	1 0 0
2243	0 0 1
2244	1 0 0
2245	0 1 0
2246	0 1 0
2247	0 0 1
2248	1 0 0
2249	1 0 0
2250	1 0 0
2251	0 0 1
2252	0 0 1
2253	0 0 1
2254	0 0 1
2255	0 0 1
2256	0 0 1
2257	1 0 0
2258	1 0 0
2259	0 0 1
2260	0 0 1
2261	1 0 0
2262	0 1 0
2263	0 0 1
2264	0 1 0
2265	0 1 0
2266	0 0 1
2267	1 0 0
2268	0 0 1
2269	0 0 1
2270	0 0 1
2271	0 0 1
2272	0 0 1
2273	0 0 1
2274	1 0 0
2275	1 0 0
2276	1 0 0
2277	0 1 0
2278	0 0 1
2279	0 1 0
2280	0 0 1
2281	1 0 0
2282	1 0 0
2283	1 0 0
2284	1 0 0
2285	0 0 1
2286	0 0 1
2287	1 0 0
2288	0 1 0
2289	0 0 1
2290	0 1 0
2291	0 1 0
2292	1 0 0
2293	0 0 1
2294	0 0 1
2295	0 0 1
2296	0 0 1
2297	0 0 1
2298	1 0 0
2299	0 0 1
2300	0 1 0
2301	0 0 1
2302	0 1 0
2303	1 0 0
2304	1 0 0
2305	1 0 0
2306	1 0 0
2307	0 1 0
2308	1 0 0
2309	0 1 0
2310	0 0 1
2311	1 0 0
2312	0 1 0
2313	0 0 1
2314	1 0 0
2315	0 0 1
2316	1 0 0
2317	1 0 0
2318	1 0 0
2319	0 1 0
2320	0 1 0
2321	0 0 1
2322	1 0 0
2323	0 0 1
2324	1 0 0
2325	1 0 0
2326	0 1 0
2327	0 0 1
2328	1 0 0
2329	0 1 0
2330	0 1 0
2331	0 1 0
2332	0 1 0
2333	1 0 0
2334	1 0 0
2335	1 0 0
2336	0 0 1
2337	1 0 0
2338	1 0 0
2339	0 1 0
2340	1 0 0
2341	0 1 0
2342	0 0 1
2343	0 1 0
2344	0 1 0
2345	0 1 0
2346	0 0 1
2347	0 0 1
2348	0 1 0
2349	0 0 1
2350	1 0 0
2351	0 1 0
2352	0 1 0
2353	0 0 1
2354	1 0 0
2355	0 1 0
2356	0 0 1
2357	1 0 0
2358	1 0 0
2359	1 0 0
2360	0 1 0
2361	1 0 0
2362	0 1 0
2363	0 0 1
2364	0 1 0
2365	1 0 0
2366	0 1 0
2367	0 0 1
2368	1 0 0
2369	0 0 1
2370	1 0 0
2371	0 1 0
2372	0 0 1
2373	1 0 0
2374	0 1 0
2375	1 0 0
2376	1 0 0
2377	1 0 0
2378	1 0 0
2379	1 0 0
2380	0 1 0
2381	0 1 0
2382	0 0 1
2383	0 0 1
2384	0 0 1
2385	0 0 1
2386	1 0 0
2387	1 0 0
2388	0 0 1
2389	0 0 1
2390	1 0 0
2391	0 0 1
2392	0 0 1
2393	1 0 0
2394	0 0 1
2395	0 1 0
2396	0 1 0
2397	0 1 0
2398	0 1 0
2399	1 0 0
2400	0 1 0
2401	0 1 0
2402	0 0 1
2403	0 1 0
2404	0 0 1
2405	0 0 1
2406	0 0 1
2407	1 0 0
2408	1 0 0
2409	0 0 1
2410	1 0 0
2411	0 0 1
2412	0 0 1
2413	0 0 1
2414	0 1 0
2415	0 1 0
2416	0 0 1
2417	0 0 1
2418	0 1 0
2419	0 1 0
2420	1 0 0
2421	1 0 0
2422	0 0 1
2423	0 0 1
2424	0 1 0
2425	1 0 0
2426	0 1 0
2427	0 0 1
2428	1 0 0
2429	0 0 1
2430	1 0 0
2431	0 0 1
2432	0 1 0
2433	0 1 0
2434	1 0 0
2435	1 0 0
2436	1 0 0
2437	0 0 1
2438	0 0 1
2439	0 0 1
2440	1 0 0
2441	0 1 0
2442	1 0 0
2443	1 0 0
2444	0 1 0
2445	0 0 1
2446	0 1 0
2447	0 1 0
2448	0 0 1
2449	0 1 0
2450	0 0 1
2451	0 1 0
2452	0 0 1
2453	0 0 1
2454	0 0 1
2455	1 0 0
2456	0 0 1
2457	0 1 0
2458	0 0 1
2459	0 1 0
2460	0 1 0
2461	0 1 0
2462	0 0 1
2463	0 1 0
2464	0 1 0
2465	0 1 0
2466	0 1 0
2467	1 0 0
2468	1 0 0
2469	0 0 1
2470	0 1 0
2471	0 0 1
2472	0 0 1
2473	0 0 1
2474	0 1 0
2475	1 0 0
2476	1 0 0
2477	0 1 0
2478	1 0 0
2479	1 0 0
2480	0 1 0
2481	0 1 0
2482	1 0 0
2483	1 0 0
2484	0 0 1
2485	0 1 0
2486	0 0 1
2487	0 1 0
2488	1 0 0
2489	0 1 0
2490	1 0 0
2491	1 0 0
2492	0 1 0
2493	0 0 1
2494	0 1 0
2495	1 0 0
2496	0 0 1
2497	1 0 0
2498	0 1 0
2499	1 0 0
2500	0 1 0
2501	1 0 0
2502	0 1 0
2503	0 1 0
2504	0 1 0
2505	1 0 0
2506	0 0 1
2507	1 0 0
2508	0 0 1
2509	1 0 0
2510	1 0 0
2511	0 0 1
2512	0 1 0
2513	0 0 1
2514	0 0 1
2515	0 1 0
2516	1 0 0
2517	0 1 0
2518	1 0 0
2519	0 0 1
2520	0 1 0
2521	1 0 0
2522	0 1 0
2523	1 0 0
2524	0 0 1
2525	0 1 0
2526	1 0 0
2527	1 0 0
2528	0 1 0
2529	0 1 0
2530	0 0 1
2531	1 0 0
2532	1 0 0
2533	1 0 0
2534	0 0 1
2535	0 1 0
2536	0 1 0
2537	1 0 0
2538	0 1 0
2539	1 0 0
2540	1 0 0
2541	0 1 0
2542	1 0 0
2543	0 0 1
2544	0 0 1
2545	1 0 0
2546	1 0 0
2547	0 0 1
2548	1 0 0
2549	0 0 1
2550	1 0 0
2551	0 0 1
2552	0 0 1
2553	0 1 0
2554	0 0 1
2555	0 1 0
2556	0 0 1
2557	1 0 0
2558	0 0 1
2559	0 1 0
2560	0 0 1
2561	1 0 0
2562	0 0 1
2563	0 1 0
2564	0 0 1
2565	0 1 0
2566	0 0 1
2567	1 0 0
2568	0 0 1
2569	0 1 0
2570	0 0 1
2571	0 0 1
2572	0 1 0
2573	0 0 1
2574	1 0 0
2575	1 0 0
2576	0 1 0
2577	0 0 1
2578	0 0 1
2579	0 0 1
2580	0 1 0
2581	0 0 1
2582	0 1 0
2583	0 0 1
2584	1 0 0
2585	1 0 0
2586	0 0 1
2587	0 0 1
2588	0 0 1
2589	0 0 1
2590	0 1 0
2591	0 1 0
2592	1 0 0
2593	0 0 1
2594	1 0 0
2595	1 0 0
2596	1 0 0
2597	0 1 0
2598	1 0 0
2599	0 0 1
2600	0 1 0
2601	0 0 1
2602	0 1 0
2603	0 0 1
2604	0 0 1
2605	0 0 1
2606	0 0 1
2607	1 0 0
2608	0 1 0
2609	0 0 1
2610	0 0 1
2611	0 0 1
2612	0 0 1
2613	0 0 1
2614	0 1 0
2615	0 0 1
2616	0 1 0
2617	0 1 0
2618	0 0 1
2619	0 1 0
2620	0 0 1
2621	0 0 1
2622	0 0 1
2623	0 0 1
2624	0 0 1
2625	0 1 0
2626	0 1 0
2627	0 0 1
2628	0 1 0
2629	1 0 0
2630	0 1 0
2631	0 0 1
2632	0 0 1
2633	0 1 0
2634	1 0 0
2635	0 1 0
2636	0 1 0
2637	1 0 0
2638	0 1 0
2639	0 1 0
2640	1 0 0
2641	0 0 1
2642	0 0 1
2643	1 0 0
2644	1 0 0
2645	1 0 0
2646	1 0 0
2647	0 1 0
2648	1 0 0
2649	0 0 1
2650	1 0 0
2651	0 0 1
2652	0 1 0
2653	0 1 0
2654	0 1 0
2655	1 0 0
2656	0 1 0
2657	0 0 1
2658	0 0 1
2659	0 0 1
2660	1 0 0
2661	0 0 1
2662	0 1 0
2663	1 0 0
2664	0 0 1
2665	0 1 0
2666	1 0 0
2667	1 0 0
2668	0 1 0
2669	0 0 1
2670	0 0 1
2671	0 0 1
2672	1 0 0
2673	0 0 1
2674	1 0 0
2675	1 0 0
2676	0 1 0
2677	1 0 0
2678	0 0 1
2679	0 0 1
2680	1 0 0
2681	0 1 0
2682	1 0 0
2683	0 1 0
2684	1 0 0
2685	0 0 1
2686	1 0 0
2687	1 0 0
2688	1 0 0
2689	0 1 0
2690	0 0 1
2691	0 1 0
2692	1 0 0
2693	0 1 0
2694	0 1 0
2695	0 1 0
2696	0 1 0
2697	0 0 1
2698	0 1 0
2699	0 0 1
2700	0 1 0
2701	0 1 0
2702	1 0 0
2703	1 0 0
2704	1 0 0
2705	1 0 0
2706	0 1 0
2707	0 1 0
2708	0 0 1
2709	0 0 1
2710	0 1 0
2711	1 0 0
2712	1 0 0
2713	1 0 0
2714	0 1 0
2715	1 0 0
2716	1 0 0
2717	1 0 0
2718	1 0 0
2719	0 1 0
2720	0 0 1
2721	1 0 0
2722	1 0 0
2723	0 1 0
2724	1 0 0
2725	0 1 0
2726	0 0 1
2727	0 0 1
2728	0 1 0
2729	0 0 1
2730	0 0 1
2731	1 0 0
2732	0 0 1
2733	0 0 1
2734	0 1 0
2735	1 0 0
2736	1 0 0
2737	0 0 1
2738	1 0 0
2739	1 0 0
2740	1 0 0
2741	1 0 0
2742	0 0 1
2743	0 1 0
2744	0 0 1
2745	0 1 0
2746	1 0 0
2747	0 0 1
2748	1 0 0
2749	1 0 0
2750	0 1 0
2751	0 1 0
2752	1 0 0
2753	0 0 1
2754	0 0 1
2755	1 0 0
2756	0 1 0
2757	1 0 0
2758	1 0 0
2759	0 0 1
2760	0 1 0
2761	1 0 0
2762	0 0 1
2763	0 1 0
2764	0 1 0
2765	1 0 0
2766	0 0 1
2767	1 0 0
2768	1 0 0
2769	0 0 1
2770	0 0 1
2771	0 0 1
2772	0 0 1
2773	0 1 0
2774	1 0 0
2775	0 1 0
2776	0 1 0
2777	1 0 0
2778	0 1 0
2779	0 0 1
2780	1 0 0
2781	0 0 1
2782	0 0 1
2783	1 0 0
2784	1 0 0
2785	0 0 1
2786	1 0 0
2787	1 0 0
2788	1 0 0
2789	1 0 0
2790	1 0 0
2791	1 0 0
2792	0 0 1
2793	0 0 1
2794	0 1 0
2795	0 0 1
2796	0 0 1
2797	1 0 0
2798	0 1 0
2799	1 0 0
2800	0 1 0
2801	0 0 1
2802	0 1 0
2803	0 1 0
2804	1 0 0
2805	0 1 0
2806	0 1 0
2807	0 0 1
2808	0 1 0
2809	1 0 0
2810	0 0 1
2811	1 0 0
2812	0 1 0
2813	0 1 0
2814	0 1 0
2815	1 0 0
2816	0 1 0
2817	0 0 1
2818	1 0 0
2819	0 1 0
2820	1 0 0
2821	0 0 1
2822	0 0 1
2823	0 1 0
2824	0 0 1
2825	0 0 1
2826	0 1 0
2827	0 1 0
2828	0 0 1
2829	1 0 0
2830	0 0 1
2831	0 1 0
2832	0 1 0
2833	0 0 1
2834	1 0 0
2835	1 0 0
2836	1 0 0
2837	1 0 0
2838	0 1 0
2839	0 0 1
2840	0 1 0
2841	0 1 0
2842	0 0 1
2843	0 0 1
2844	1 0 0
2845	1 0 0
2846	1 0 0
2847	1 0 0
2848	0 1 0
2849	0 0 1
2850	1 0 0
2851	0 1 0
2852	0 1 0
2853	1 0 0
2854	0 1 0
2855	0 0 1
2856	0 0 1
2857	0 0 1
2858	0 1 0
2859	0 1 0
2860	0 0 1
2861	0 0 1
2862	0 0 1
2863	1 0 0
2864	1 0 0
2865	1 0 0
2866	0 1 0
2867	1 0 0
2868	1 0 0
2869	0 0 1
2870	0 0 1
2871	0 1 0
2872	1 0 0
2873	0 0 1
2874	0 0 1
2875	0 0 1
2876	1 0 0
2877	0 0 1
2878	1 0 0
2879	1 0 0
2880	0 0 1
2881	0 1 0
2882	0 0 1
2883	1 0 0
2884	0 1 0
2885	0 1 0
2886	0 1 0
2887	0 0 1
2888	0 0 1
2889	1 0 0
2890	0 1 0
2891	1 0 0
2892	0 0 1
2893	0 1 0
2894	1 0 0
2895	1 0 0
2896	0 1 0
2897	1 0 0
2898	1 0 0
2899	1 0 0
2900	0 1 0
2901	0 0 1
2902	1 0 0
2903	0 0 1
2904	1 0 0
2905	0 1 0
2906	0 1 0
2907	1 0 0
2908	1 0 0
2909	1 0 0
2910	0 0 1
2911	0 1 0
2912	0 1 0
2913	0 1 0
2914	1 0 0
2915	0 1 0
2916	0 0 1
2917	1 0 0
2918	0 1 0
2919	0 1 0
2920	1 0 0
2921	0 1 0
2922	0 1 0
2923	1 0 0
2924	0 0 1
2925	1 0 0
2926	0 1 0
2927	1 0 0
2928	0 0 1
2929	0 1 0
2930	1 0 0
2931	0 1 0
2932	0 1 0
2933	0 0 1
2934	1 0 0
2935	0 1 0
2936	0 1 0
2937	0 1 0
2938	1 0 0
2939	1 0 0
2940	0 1 0
2941	0 0 1
2942	0 1 0
2943	0 0 1
2944	1 0 0
2945	1 0 0
2946	0 0 1
2947	0 0 1
2948	0 1 0
2949	0 1 0
2950	1 0 0
2951	0 0 1
2952	0 1 0
2953	0 0 1
2954	0 1 0
2955	0 0 1
2956	0 1 0
2957	0 1 0
2958	0 0 1
2959	0 1 0
2960	1 0 0
2961	1 0 0
2962	1 0 0
2963	1 0 0
2964	1 0 0
2965	0 1 0
2966	0 0 1
2967	0 0 1
2968	1 0 0
2969	1 0 0
2970	1 0 0
2971	0 0 1
2972	0 0 1
2973	1 0 0
2974	1 0 0
2975	0 0 1
2976	1 0 0
2977	1 0 0
2978	0 0 1
2979	1 0 0
2980	0 0 1
2981	1 0 0
2982	0 0 1
2983	1 0 0
2984	0 1 0
2985	1 0 0
2986	0 1 0
2987	1 0 0
2988	1 0 0
2989	0 0 1
2990	0 0 1
2991	1 0 0
2992	1 0 0
2993	0 0 1
2994	0 0 1
2995	0 0 1
2996	0 1 0
2997	1 0 0
2998	0 0 1
2999	1 0 0
3000	0 1 0
3001	0 0 1
3002	0 1 0
3003	1 0 0
3004	0 1 0
3005	0 1 0
3006	1 0 0
3007	1 0 0
3008	0 0 1
3009	0 1 0
3010	1 0 0
3011	0 0 1
3012	1 0 0
3013	0 0 1
3014	1 0 0
3015	1 0 0
3016	1 0 0
3017	0 1 0
3018	1 0 0
3019	0 1 0
3020	0 1 0
3021	1 0 0
3022	0 0 1
3023	1 0 0
3024	0 1 0
3025	1 0 0
3026	0 0 1
3027	0 0 1
3028	0 0 1
3029	0 0 1
3030	1 0 0
3031	0 1 0
3032	0 0 1
3033	0 1 0
3034	0 1 0
3035	1 0 0
3036	0 1 0
3037	0 1 0
3038	1 0 0
3039	0 0 1
3040	0 1 0
3041	1 0 0
3042	0 0 1
3043	1 0 0
3044	0 1 0
3045	0 1 0
3046	0 0 1
3047	1 0 0
3048	1 0 0
3049	0 0 1
3050	0 0 1
3051	1 0 0
3052	1 0 0
3053	0 0 1
3054	0 1 0
3055	0 1 0
3056	0 0 1
3057	0 0 1
3058	0 0 1
3059	0 0 1
3060	1 0 0
3061	0 1 0
3062	0 0 1
3063	0 1 0
3064	1 0 0
3065	1 0 0
3066	0 0 1
3067	1 0 0
3068	0 0 1
3069	1 0 0
3070	0 1 0
3071	0 0 1
3072	0 0 1
3073	0 0 1
3074	0 0 1
3075	0 1 0
3076	1 0 0
3077	0 0 1
3078	0 0 1
3079	0 1 0
3080	0 0 1
3081	0 0 1
3082	0 1 0
3083	0 1 0
3084	0 1 0
3085	0 0 1
3086	1 0 0
3087	0 0 1
3088	0 1 0
3089	0 0 1
3090	1 0 0
3091	1 0 0
3092	0 0 1
3093	0 0 1
3094	1 0 0
3095	0 1 0
3096	0 0 1
3097	0 0 1
3098	1 0 0
3099	0 1 0
3100	1 0 0
3101	1 0 0
3102	0 1 0
3103	1 0 0
3104	0 0 1
3105	0 0 1
3106	0 1 0
3107	0 1 0
3108	0 0 1
3109	0 1 0
3110	0 0 1
3111	1 0 0
3112	0 1 0
3113	1 0 0
3114	0 0 1
3115	0 1 0
3116	1 0 0
3117	0 0 1
3118	0 1 0
3119	0 0 1
3120	0 0 1
3121	0 1 0
3122	1 0 0
3123	0 0 1
3124	0 1 0
3125	0 0 1
3126	1 0 0
3127	0 1 0
3128	0 0 1
3129	1 0 0
3130	0 0 1
3131	1 0 0
3132	0 1 0
3133	0 0 1
3134	0 1 0
3135	0 1 0
3136	0 1 0
3137	1 0 0
3138	0 1 0
3139	0 1 0
3140	0 0 1
3141	0 1 0
3142	0 1 0
3143	0 0 1
3144	0 0 1
3145	0 1 0
3146	0 0 1
3147	0 0 1
3148	0 1 0
3149	1 0 0
3150	1 0 0
3151	0 0 1
3152	0 1 0
3153	1 0 0
3154	0 0 1
3155	0 0 1
3156	0 0 1
3157	0 1 0
3158	1 0 0
3159	0 1 0
3160	1 0 0
3161	0 1 0
3162	1 0 0
3163	0 0 1
3164	1 0 0
3165	0 1 0
3166	1 0 0
3167	0 1 0
3168	0 0 1
3169	0 1 0
3170	0 1 0
3171	0 0 1
3172	0 1 0
3173	0 0 1
3174	0 0 1
3175	0 0 1
3176	0 0 1
3177	0 1 0
3178	0 1 0
3179	1 0 0
3180	0 1 0
3181	0 0 1
3182	0 1 0
3183	1 0 0
3184	0 1 0
3185	0 0 1
3186	1 0 0
3187	0 1 0
3188	0 0 1
3189	1 0 0
3190	1 0 0
3191	1 0 0
3192	0 1 0
3193	1 0 0
3194	0 0 1
3195	0 0 1
3196	0 0 1
3197	1 0 0
3198	0 0 1
3199	1 0 0
3200	0 0 1
3201	1 0 0
3202	0 0 1
3203	1 0 0
3204	0 1 0
3205	1 0 0
3206	0 1 0
3207	0 1 0
3208	1 0 0
3209	1 0 0
3210	1 0 0
3211	0 0 1
3212	1 0 0
3213	1 0 0
3214	0 0 1
3215	0 0 1
3216	0 0 1
3217	0 0 1
3218	0 0 1
3219	0 1 0
3220	0 0 1
3221	0 1 0
3222	0 0 1
3223	0 1 0
3224	0 1 0
3225	0 0 1
3226	0 1 0
3227	0 1 0
3228	0 1 0
3229	0 0 1
3230	0 1 0
3231	0 0 1
3232	0 1 0
3233	1 0 0
3234	1 0 0
3235	0 1 0
3236	1 0 0
3237	0 0 1
3238	0 0 1
3239	0 0 1
3240	0 0 1
3241	0 0 1
3242	1 0 0
3243	0 0 1
3244	1 0 0
3245	0 1 0
3246	1 0 0
3247	0 0 1
3248	0 0 1
3249	1 0 0
3250	0 0 1
3251	0 0 1
3252	0 1 0
3253	0 0 1
3254	1 0 0
3255	1 0 0
3256	0 1 0
3257	0 0 1
3258	1 0 0
3259	0 0 1
3260	1 0 0
3261	0 0 1
3262	0 1 0
3263	1 0 0
3264	1 0 0
3265	1 0 0
3266	0 1 0
3267	0 1 0
3268	0 1 0
3269	0 0 1
3270	0 0 1
3271	0 1 0
3272	0 0 1
3273	0 1 0
3274	0 0 1
3275	0 0 1
3276	0 0 1
3277	1 0 0
3278	0 1 0
3279	0 0 1
3280	0 1 0
3281	1 0 0
3282	0 1 0
3283	1 0 0
3284	0 1 0
3285	0 0 1
3286	0 0 1
3287	0 0 1
3288	1 0 0
3289	0 1 0
3290	1 0 0
3291	0 0 1
3292	1 0 0
3293	1 0 0
3294	0 1 0
3295	1 0 0
3296	0 1 0
3297	0 0 1
3298	0 1 0
3299	0 0 1
3300	0 0 1
3301	0 1 0
3302	0 1 0
3303	0 1 0
3304	1 0 0
3305	0 1 0
3306	0 1 0
3307	1 0 0
3308	0 0 1
3309	0 0 1
3310	0 0 1
3311	0 0 1
3312	0 1 0
3313	0 1 0
3314	0 0 1
3315	0 1 0
3316	1 0 0
3317	0 0 1
3318	1 0 0
3319	1 0 0
3320	0 1 0
3321	0 0 1
3322	0 1 0
3323	0 0 1
3324	0 1 0
3325	0 1 0
3326	0 0 1
3327	0 1 0
3328	0 0 1
3329	1 0 0
3330	0 1 0
3331	0 0 1
3332	1 0 0
3333	0 1 0
3334	1 0 0
3335	1 0 0
3336	0 0 1
3337	0 0 1
3338	1 0 0
3339	0 1 0
3340	0 1 0
3341	0 1 0
3342	0 1 0
3343	1 0 0
3344	0 1 0
3345	0 1 0
3346	0 0 1
3347	0 0 1
3348	0 0 1
3349	1 0 0
3350	0 0 1
3351	0 1 0
3352	1 0 0
3353	0 0 1
3354	0 0 1
3355	0 1 0
3356	0 1 0
3357	1 0 0
3358	1 0 0
3359	0 0 1
3360	1 0 0
3361	1 0 0
3362	0 1 0
3363	0 0 1
3364	0 1 0
3365	0 0 1
3366	0 1 0
3367	0 0 1
3368	0 0 1
3369	0 0 1
3370	0 1 0
3371	0 0 1
3372	1 0 0
3373	0 1 0
3374	0 1 0
3375	0 0 1
3376	1 0 0
3377	0 0 1
3378	0 1 0
3379	0 1 0
3380	1 0 0
3381	0 0 1
3382	0 1 0
3383	1 0 0
3384	1 0 0
3385	0 0 1
3386	0 1 0
3387	1 0 0
3388	0 0 1
3389	1 0 0
3390	0 1 0
3391	1 0 0
3392	1 0 0
3393	0 1 0
3394	0 0 1
3395	1 0 0
3396	1 0 0
3397	0 0 1
3398	0 1 0
3399	1 0 0
3400	0 0 1
3401	0 0 1
3402	1 0 0
3403	0 1 0
3404	0 1 0
3405	0 1 0
3406	0 1 0
3407	1 0 0
3408	0 1 0
3409	0 1 0
3410	0 0 1
3411	1 0 0
3412	0 1 0
3413	0 0 1
3414	0 0 1
3415	1 0 0
3416	0 0 1
3417	1 0 0
3418	0 1 0
3419	1 0 0
3420	0 1 0
3421	1 0 0
3422	0 0 1
3423	0 0 1
3424	0 0 1
3425	0 0 1
3426	0 1 0
3427	1 0 0
3428	0 0 1
3429	0 1 0
3430	0 0 1
3431	0 1 0
3432	1 0 0
3433	0 1 0
3434	0 1 0
3435	0 1 0
3436	0 0 1
3437	1 0 0
3438	0 0 1
3439	0 0 1
3440	0 1 0
3441	1 0 0
3442	0 0 1
3443	0 1 0
3444	1 0 0
3445	0 0 1
3446	0 0 1
3447	0 1 0
3448	0 0 1
3449	0 1 0
3450	1 0 0
3451	1 0 0
3452	0 1 0
3453	0 1 0
3454	1 0 0
3455	0 0 1
3456	1 0 0
3457	0 1 0
3458	0 1 0
3459	1 0 0
3460	1 0 0
3461	1 0 0
3462	0 0 1
3463	0 0 1
3464	0 1 0
3465	1 0 0
3466	1 0 0
3467	1 0 0
3468	1 0 0
3469	0 0 1
3470	0 0 1
3471	0 1 0
3472	0 1 0
3473	0 0 1
3474	1 0 0
3475	0 1 0
3476	0 0 1
3477	0 1 0
3478	0 1 0
3479	1 0 0
3480	0 1 0
3481	1 0 0
3482	1 0 0
3483	0 1 0
3484	0 0 1
3485	0 0 1
3486	1 0 0
3487	0 0 1
3488	1 0 0
3489	1 0 0
3490	1 0 0
3491	0 0 1
3492	0 0 1
3493	1 0 0
3494	0 0 1
3495	0 0 1
3496	0 1 0
3497	0 0 1
3498	0 1 0
3499	0 0 1
3500	0 1 0
3501	0 0 1
3502	0 0 1
3503	1 0 0
3504	0 0 1
3505	0 1 0
3506	0 0 1
3507	0 1 0
3508	1 0 0
3509	1 0 0
3510	0 1 0
3511	0 0 1
3512	0 1 0
3513	0 1 0
3514	0 1 0
3515	0 1 0
3516	0 1 0
3517	1 0 0
3518	0 0 1
3519	0 0 1
3520	0 0 1
3521	0 1 0
3522	1 0 0
3523	0 1 0
3524	0 1 0
3525	0 1 0
3526	1 0 0
3527	1 0 0
3528	1 0 0
3529	0 0 1
3530	0 1 0
3531	1 0 0
3532	0 1 0
3533	0 1 0
3534	0 1 0
3535	0 0 1
3536	0 1 0
3537	0 1 0
3538	0 1 0
3539	0 0 1
3540	0 0 1
3541	0 1 0
3542	0 0 1
3543	0 0 1
3544	1 0 0
3545	0 1 0
3546	0 1 0
3547	0 1 0
3548	1 0 0
3549	1 0 0
3550	1 0 0
3551	0 1 0
3552	1 0 0
3553	1 0 0
3554	1 0 0
3555	1 0 0
3556	0 1 0
3557	0 1 0
3558	0 0 1
3559	0 0 1
3560	0 0 1
3561	1 0 0
3562	0 0 1
3563	1 0 0
3564	1 0 0
3565	1 0 0
3566	0 0 1
3567	1 0 0
3568	1 0 0
3569	0 1 0
3570	1 0 0
3571	1 0 0
3572	1 0 0
3573	0 0 1
3574	1 0 0
3575	0 1 0
3576	1 0 0
3577	1 0 0
3578	0 0 1
3579	0 1 0
3580	0 0 1
3581	0 0 1
3582	1 0 0
3583	0 1 0
3584	0 0 1
3585	1 0 0
3586	0 1 0
3587	0 0 1
3588	0 1 0
3589	1 0 0
3590	1 0 0
3591	0 0 1
3592	1 0 0
3593	1 0 0
3594	0 0 1
3595	1 0 0
3596	0 0 1
3597	0 1 0
3598	1 0 0
3599	1 0 0
3600	0 1 0
3601	1 0 0
3602	1 0 0
3603	0 1 0
3604	0 0 1
3605	0 0 1
3606	0 1 0
3607	1 0 0
3608	0 0 1
3609	0 0 1
3610	0 0 1
3611	0 0 1
3612	0 1 0
3613	0 0 1
3614	0 0 1
3615	0 0 1
3616	0 0 1
3617	0 1 0
3618	0 0 1
3619	0 0 1
3620	0 0 1
3621	1 0 0
3622	1 0 0
3623	0 1 0
3624	0 0 1
3625	0 0 1
3626	0 0 1
3627	1 0 0
3628	1 0 0
3629	0 1 0
3630	0 0 1
3631	0 1 0
3632	0 1 0
3633	0 1 0
3634	0 1 0
3635	0 1 0
3636	0 0 1
3637	1 0 0
3638	0 1 0
3639	0 0 1
3640	0 0 1
3641	0 0 1
3642	1 0 0
3643	0 0 1
3644	0 1 0
3645	0 0 1
3646	1 0 0
3647	0 1 0
3648	0 1 0
3649	1 0 0
3650	0 1 0
3651	1 0 0
3652	0 0 1
3653	1 0 0
3654	1 0 0
3655	0 1 0
3656	0 0 1
3657	0 0 1
3658	1 0 0
3659	1 0 0
3660	0 1 0
3661	1 0 0
3662	1 0 0
3663	0 1 0
3664	0 0 1
3665	1 0 0
3666	0 1 0
3667	0 0 1
3668	1 0 0
3669	0 1 0
3670	0 0 1
3671	1 0 0
3672	0 1 0
3673	0 0 1
3674	0 1 0
3675	0 1 0
3676	0 1 0
3677	1 0 0
3678	0 0 1
3679	1 0 0
3680	0 1 0
3681	0 1 0
3682	0 0 1
3683	0 0 1
3684	0 0 1
3685	1 0 0
3686	1 0 0
3687	1 0 0
3688	1 0 0
3689	1 0 0
3690	0 1 0
3691	1 0 0
3692	0 1 0
3693	1 0 0
3694	1 0 0
3695	0 1 0
3696	0 0 1
3697	1 0 0
3698	0 0 1
3699	1 0 0
3700	0 0 1
3701	0 1 0
3702	0 1 0
3703	1 0 0
3704	0 0 1
3705	0 1 0
3706	0 0 1
3707	1 0 0
3708	0 0 1
3709	0 1 0
3710	0 1 0
3711	1 0 0
3712	1 0 0
3713	0 0 1
3714	0 0 1
3715	1 0 0
3716	0 1 0
3717	0 0 1
3718	0 0 1
3719	0 0 1
3720	1 0 0
3721	0 0 1
3722	1 0 0
3723	0 0 1
3724	1 0 0
3725	1 0 0
3726	0 0 1
3727	0 1 0
3728	0 0 1
3729	0 0 1
3730	1 0 0
3731	0 0 1
3732	0 0 1
3733	0 1 0
3734	0 1 0
3735	0 0 1
3736	0 0 1
3737	0 0 1
3738	0 0 1
3739	0 1 0
3740	0 0 1
3741	0 1 0
3742	0 1 0
3743	0 0 1
3744	0 1 0
3745	0 0 1
3746	1 0 0
3747	1 0 0
3748	0 1 0
3749	0 1 0
3750	0 0 1
3751	1 0 0
3752	1 0 0
3753	0 0 1
3754	0 0 1
3755	1 0 0
3756	1 0 0
3757	1 0 0
3758	1 0 0
3759	1 0 0
3760	0 0 1
3761	1 0 0
3762	0 0 1
3763	0 1 0
3764	1 0 0
3765	0 1 0
3766	0 0 1
3767	0 0 1
3768	0 0 1
3769	1 0 0
3770	0 1 0
3771	0 1 0
3772	0 0 1
3773	0 1 0
3774	0 1 0
3775	1 0 0
3776	0 1 0
3777	0 1 0
3778	1 0 0
3779	1 0 0
3780	1 0 0
3781	0 1 0
3782	1 0 0
3783	0 1 0
3784	0 0 1
3785	1 0 0
3786	1 0 0
3787	1 0 0
3788	1 0 0
3789	1 0 0
3790	0 1 0
3791	0 0 1
3792	0 0 1
3793	0 0 1
3794	0 0 1
3795	1 0 0
3796	0 1 0
3797	0 1 0
3798	1 0 0
3799	0 1 0
3800	0 1 0
3801	1 0 0
3802	0 0 1
3803	0 0 1
3804	0 1 0
3805	0 0 1
3806	1 0 0
3807	0 0 1
3808	1 0 0
3809	0 0 1
3810	0 0 1
3811	0 0 1
3812	1 0 0
3813	0 0 1
3814	0 1 0
3815	0 0 1
3816	1 0 0
3817	1 0 0
3818	1 0 0
3819	0 0 1
3820	0 0 1
3821	1 0 0
3822	1 0 0
3823	1 0 0
3824	0 1 0
3825	0 1 0
3826	1 0 0
3827	0 0 1
3828	0 1 0
3829	0 1 0
3830	0 0 1
3831	1 0 0
3832	0 0 1
3833	0 1 0
3834	0 1 0
3835	0 0 1
3836	0 0 1
3837	0 0 1
3838	0 0 1
3839	0 0 1
3840	1 0 0
3841	1 0 0
3842	0 0 1
3843	0 0 1
3844	0 1 0
3845	0 1 0
3846	0 1 0
3847	0 0 1
3848	0 0 1
3849	0 0 1
3850	1 0 0
3851	0 1 0
3852	0 1 0
3853	0 0 1
3854	0 1 0
3855	0 1 0
3856	0 0 1
3857	0 0 1
3858	0 1 0
3859	0 1 0
3860	0 1 0
3861	1 0 0
3862	0 0 1
3863	0 1 0
3864	0 1 0
3865	0 1 0
3866	0 0 1
3867	0 1 0
3868	1 0 0
3869	1 0 0
3870	0 0 1
3871	0 1 0
3872	0 1 0
3873	1 0 0
3874	0 1 0
3875	0 1 0
3876	0 0 1
3877	0 0 1
3878	0 1 0
3879	1 0 0
3880	0 0 1
3881	0 0 1
3882	0 0 1
3883	0 0 1
3884	1 0 0
3885	1 0 0
3886	0 1 0
3887	0 1 0
3888	1 0 0
3889	0 0 1
3890	0 0 1
3891	0 0 1
3892	0 0 1
3893	0 0 1
3894	1 0 0
3895	0 0 1
3896	0 0 1
3897	0 1 0
3898	0 1 0
3899	1 0 0
3900	1 0 0
3901	1 0 0
3902	1 0 0
3903	1 0 0
3904	0 0 1
3905	1 0 0
3906	1 0 0
3907	0 0 1
3908	0 1 0
3909	1 0 0
3910	1 0 0
3911	1 0 0
3912	1 0 0
3913	1 0 0
3914	1 0 0
3915	0 1 0
3916	0 1 0
3917	0 1 0
3918	0 1 0
3919	0 0 1
3920	0 1 0
3921	0 0 1
3922	0 0 1
3923	1 0 0
3924	0 1 0
3925	0 1 0
3926	1 0 0
3927	1 0 0
3928	1 0 0
3929	1 0 0
3930	0 1 0
3931	0 1 0
3932	0 0 1
3933	0 0 1
3934	0 1 0
3935	0 0 1
3936	1 0 0
3937	0 1 0
3938	0 1 0
3939	1 0 0
3940	0 1 0
3941	1 0 0
3942	0 1 0
3943	0 0 1
3944	0 0 1
3945	0 0 1
3946	0 0 1
3947	0 0 1
3948	0 0 1
3949	0 0 1
3950	0 0 1
3951	0 0 1
3952	0 1 0
3953	0 0 1
3954	0 0 1
3955	0 0 1
3956	1 0 0
3957	1 0 0
3958	0 1 0
3959	1 0 0
3960	0 1 0
3961	0 1 0
3962	0 0 1
3963	0 1 0
3964	0 1 0
3965	1 0 0
3966	1 0 0
3967	0 1 0
3968	0 1 0
3969	0 1 0
3970	0 0 1
3971	0 1 0
3972	1 0 0
3973	0 1 0
3974	0 0 1
3975	1 0 0
3976	0 0 1
3977	0 0 1
3978	0 0 1
3979	0 1 0
3980	0 0 1
3981	1 0 0
3982	1 0 0
3983	0 1 0
3984	0 0 1
3985	0 1 0
3986	0 0 1
3987	0 0 1
3988	0 1 0
3989	0 0 1
3990	0 0 1
3991	0 1 0
3992	0 1 0
3993	0 1 0
3994	0 1 0
3995	0 1 0
3996	0 1 0
3997	0 1 0
3998	0 0 1
3999	0 1 0
4000	0 0 1
4001	0 0 1
4002	0 1 0
4003	1 0 0
4004	0 1 0
4005	0 0 1
4006	0 0 1
4007	0 1 0
4008	1 0 0
4009	0 0 1
4010	0 1 0
4011	1 0 0
4012	1 0 0
4013	0 0 1
4014	0 0 1
4015	0 0 1
4016	0 1 0
4017	1 0 0
4018	0 1 0
4019	0 1 0
4020	1 0 0
4021	0 1 0
4022	0 0 1
4023	1 0 0
4024	1 0 0
4025	0 0 1
4026	0 1 0
4027	0 0 1
4028	0 0 1
4029	1 0 0
4030	1 0 0
4031	1 0 0
4032	1 0 0
4033	0 0 1
4034	0 0 1
4035	0 1 0
4036	1 0 0
4037	1 0 0
4038	0 0 1
4039	0 0 1
4040	1 0 0
4041	1 0 0
4042	0 0 1
4043	0 1 0
4044	0 0 1
4045	0 0 1
4046	0 0 1
4047	0 1 0
4048	0 1 0
4049	0 1 0
4050	1 0 0
4051	0 1 0
4052	0 0 1
4053	0 1 0
4054	1 0 0
4055	1 0 0
4056	1 0 0
4057	0 1 0
4058	0 0 1
4059	0 1 0
4060	0 0 1
4061	0 1 0
4062	1 0 0
4063	0 1 0
4064	1 0 0
4065	0 1 0
4066	0 1 0
4067	0 1 0
4068	0 1 0
4069	0 0 1
4070	0 0 1
4071	0 0 1
4072	0 0 1
4073	0 0 1
4074	0 1 0
4075	0 1 0
4076	0 1 0
4077	1 0 0
4078	0 0 1
4079	0 1 0
4080	0 0 1
4081	0 1 0
4082	0 0 1
4083	0 0 1
4084	0 0 1
4085	1 0 0
4086	1 0 0
4087	0 1 0
4088	0 0 1
4089	0 0 1
4090	0 1 0
4091	1 0 0
4092	1 0 0
4093	0 1 0
4094	0 1 0
4095	0 0 1
4096	1 0 0
4097	1 0 0
4098	0 0 1
4099	0 1 0
4100	1 0 0
4101	0 0 1
4102	1 0 0
4103	1 0 0
4104	1 0 0
4105	0 0 1
4106	0 0 1
4107	0 1 0
4108	0 1 0
4109	0 1 0
4110	1 0 0
4111	0 1 0
4112	0 1 0
4113	1 0 0
4114	0 0 1
4115	0 1 0
4116	0 1 0
4117	0 0 1
4118	1 0 0
4119	1 0 0
4120	1 0 0
4121	0 0 1
4122	0 1 0
4123	0 1 0
4124	0 0 1
4125	0 1 0
4126	0 0 1
4127	1 0 0
4128	1 0 0
4129	0 1 0
4130	1 0 0
4131	0 1 0
4132	1 0 0
4133	0 1 0
4134	1 0 0
4135	0 0 1
4136	0 0 1
4137	0 1 0
4138	0 1 0
4139	0 0 1
4140	0 1 0
4141	0 1 0
4142	1 0 0
4143	0 1 0
4144	0 1 0
4145	1 0 0
4146	0 1 0
4147	0 0 1
4148	0 1 0
4149	0 0 1
4150	0 0 1
4151	0 0 1
4152	1 0 0
4153	0 0 1
4154	1 0 0
4155	0 1 0
4156	0 0 1
4157	1 0 0
4158	0 1 0
4159	0 1 0
4160	0 0 1
4161	0 0 1
4162	0 0 1
4163	0 0 1
4164	0 0 1
4165	0 0 1
4166	1 0 0
4167	0 1 0
4168	0 1 0
4169	0 1 0
4170	0 0 1
4171	0 0 1
4172	0 1 0
4173	0 0 1
4174	1 0 0
4175	0 0 1
4176	0 0 1
4177	0 1 0
4178	0 0 1
4179	0 0 1
4180	0 0 1
4181	0 0 1
4182	0 0 1
4183	0 1 0
4184	1 0 0
4185	0 1 0
4186	0 1 0
4187	0 1 0
4188	1 0 0
4189	0 0 1
4190	0 1 0
4191	0 1 0
4192	0 1 0
4193	0 0 1
4194	0 1 0
4195	0 1 0
4196	0 0 1
4197	0 0 1
4198	1 0 0
4199	0 0 1
4200	1 0 0
4201	0 0 1
4202	0 0 1
4203	0 1 0
4204	0 0 1
4205	1 0 0
4206	0 1 0
4207	0 0 1
4208	0 0 1
4209	1 0 0
4210	0 1 0
4211	0 0 1
4212	0 1 0
4213	1 0 0
4214	0 1 0
4215	0 0 1
4216	0 0 1
4217	0 0 1
4218	0 0 1
4219	1 0 0
4220	0 0 1
4221	0 1 0
4222	0 0 1
4223	0 1 0
4224	0 1 0
4225	0 1 0
4226	0 0 1
4227	0 0 1
4228	1 0 0
4229	0 1 0
4230	0 0 1
4231	0 0 1
4232	1 0 0
4233	0 1 0
4234	1 0 0
4235	0 0 1
4236	0 1 0
4237	1 0 0
4238	1 0 0
4239	1 0 0
4240	1 0 0
4241	1 0 0
4242	1 0 0
4243	0 0 1
4244	1 0 0
4245	0 0 1
4246	0 0 1
4247	0 1 0
4248	0 1 0
4249	0 1 0
4250	0 0 1
4251	0 0 1
4252	1 0 0
4253	0 1 0
4254	0 1 0
4255	0 1 0
4256	1 0 0
4257	0 0 1
4258	1 0 0
4259	1 0 0
4260	1 0 0
4261	0 0 1
4262	1 0 0
4263	0 0 1
4264	0 1 0
4265	0 1 0
4266	0 0 1
4267	0 1 0
4268	1 0 0
4269	1 0 0
4270	0 1 0
4271	0 0 1
4272	1 0 0
4273	0 0 1
4274	0 0 1
4275	0 1 0
4276	0 0 1
4277	0 1 0
4278	0 1 0
4279	0 1 0
4280	0 0 1
4281	1 0 0
4282	1 0 0
4283	0 1 0
4284	1 0 0
4285	1 0 0
4286	1 0 0
4287	0 0 1
4288	0 1 0
4289	1 0 0
4290	0 0 1
4291	0 0 1
4292	1 0 0
4293	0 0 1
4294	0 1 0
4295	0 1 0
4296	0 1 0
4297	1 0 0
4298	0 1 0
4299	0 0 1
4300	0 1 0
4301	1 0 0
4302	1 0 0
4303	0 1 0
4304	0 1 0
4305	1 0 0
4306	0 0 1
4307	0 1 0
4308	0 1 0
4309	0 0 1
4310	0 0 1
4311	0 1 0
4312	1 0 0
4313	0 0 1
4314	1 0 0
4315	1 0 0
4316	1 0 0
4317	1 0 0
4318	0 0 1
4319	0 0 1
4320	0 0 1
4321	0 0 1
4322	0 0 1
4323	1 0 0
4324	1 0 0
4325	0 1 0
4326	0 0 1
4327	0 0 1
4328	0 0 1
4329	1 0 0
4330	1 0 0
4331	0 1 0
4332	0 1 0
4333	0 0 1
4334	1 0 0
4335	1 0 0
4336	0 1 0
4337	0 1 0
4338	1 0 0
4339	1 0 0
4340	0 1 0
4341	0 0 1
4342	0 1 0
4343	1 0 0
4344	0 1 0
4345	0 1 0
4346	1 0 0
4347	0 0 1
4348	0 0 1
4349	0 0 1
4350	1 0 0
4351	1 0 0
4352	1 0 0
4353	1 0 0
4354	1 0 0
4355	1 0 0
4356	0 1 0
4357	0 1 0
4358	0 0 1
4359	0 0 1
4360	0 0 1
4361	0 0 1
4362	1 0 0
4363	0 0 1
4364	0 0 1
4365	0 1 0
4366	0 0 1
4367	1 0 0
4368	0 0 1
4369	0 0 1
4370	0 1 0
4371	0 0 1
4372	0 0 1
4373	1 0 0
4374	0 0 1
4375	1 0 0
4376	0 1 0
4377	0 1 0
4378	0 0 1
4379	0 1 0
4380	0 0 1
4381	1 0 0
4382	0 0 1
4383	1 0 0
4384	0 0 1
4385	0 1 0
4386	0 1 0
4387	1 0 0
4388	0 1 0
4389	1 0 0
4390	0 0 1
4391	0 0 1
4392	1 0 0
4393	0 0 1
4394	1 0 0
4395	0 0 1
4396	0 0 1
4397	0 1 0
4398	1 0 0
4399	1 0 0
4400	1 0 0
4401	1 0 0
4402	0 0 1
4403	1 0 0
4404	0 0 1
4405	0 1 0
4406	1 0 0
4407	1 0 0
4408	0 0 1
4409	0 0 1
4410	0 0 1
4411	0 0 1
4412	0 1 0
4413	0 0 1
4414	1 0 0
4415	1 0 0
4416	0 0 1
4417	0 0 1
4418	0 0 1
4419	0 0 1
4420	1 0 0
4421	0 0 1
4422	0 0 1
4423	1 0 0
4424	0 0 1
4425	0 1 0
4426	0 1 0
4427	0 0 1
4428	1 0 0
4429	0 1 0
4430	0 0 1
4431	0 0 1
4432	0 0 1
4433	0 0 1
4434	0 0 1
4435	0 1 0
4436	0 0 1
4437	0 1 0
4438	0 1 0
4439	1 0 0
4440	0 0 1
4441	0 0 1
4442	0 1 0
4443	0 1 0
4444	1 0 0
4445	0 0 1
4446	0 1 0
4447	0 0 1
4448	0 0 1
4449	0 1 0
4450	0 1 0
4451	0 1 0
4452	0 1 0
4453	0 1 0
4454	0 0 1
4455	0 1 0
4456	1 0 0
4457	0 1 0
4458	1 0 0
4459	1 0 0
4460	0 0 1
4461	0 1 0
4462	0 1 0
4463	0 1 0
4464	1 0 0
4465	1 0 0
4466	0 1 0
4467	0 0 1
4468	0 0 1
4469	1 0 0
4470	0 1 0
4471	0 0 1
4472	1 0 0
4473	1 0 0
4474	0 1 0
4475	1 0 0
4476	1 0 0
4477	1 0 0
4478	1 0 0
4479	1 0 0
4480	0 1 0
4481	1 0 0
4482	0 1 0
4483	0 0 1
4484	0 0 1
4485	0 0 1
4486	0 0 1
4487	0 0 1
4488	1 0 0
4489	1 0 0
4490	0 1 0
4491	0 0 1
4492	1 0 0
4493	0 1 0
4494	1 0 0
4495	0 0 1
4496	0 1 0
4497	0 0 1
4498	1 0 0
4499	0 1 0
4500	0 0 1
4501	0 0 1
4502	0 1 0
4503	1 0 0
4504	0 1 0
4505	1 0 0
4506	0 0 1
4507	0 0 1
4508	0 1 0
4509	1 0 0
4510	1 0 0
4511	1 0 0
4512	0 0 1
4513	1 0 0
4514	0 0 1
4515	0 0 1
4516	1 0 0
4517	0 0 1
4518	0 1 0
4519	0 1 0
4520	1 0 0
4521	1 0 0
4522	1 0 0
4523	0 1 0
4524	1 0 0
4525	0 0 1
4526	1 0 0
4527	0 0 1
4528	1 0 0
4529	0 1 0
4530	0 1 0
4531	0 0 1
4532	0 1 0
4533	0 1 0
4534	1 0 0
4535	0 0 1
4536	0 0 1
4537	1 0 0
4538	1 0 0
4539	1 0 0
4540	0 0 1
4541	0 0 1
4542	1 0 0
4543	0 1 0
4544	0 0 1
4545	0 0 1
4546	1 0 0
4547	0 1 0
4548	0 1 0
4549	0 1 0
4550	0 0 1
4551	0 0 1
4552	0 0 1
4553	0 1 0
4554	0 1 0
4555	1 0 0
4556	1 0 0
4557	0 0 1
4558	0 0 1
4559	0 0 1
4560	0 1 0
4561	1 0 0
4562	0 0 1
4563	0 0 1
4564	1 0 0
4565	1 0 0
4566	0 0 1
4567	0 1 0
4568	0 1 0
4569	1 0 0
4570	1 0 0
4571	1 0 0
4572	0 0 1
4573	0 0 1
4574	1 0 0
4575	0 1 0
4576	0 1 0
4577	0 1 0
4578	1 0 0
4579	0 1 0
4580	0 1 0
4581	1 0 0
4582	0 0 1
4583	0 0 1
4584	1 0 0
4585	1 0 0
4586	0 0 1
4587	0 1 0
4588	0 0 1
4589	1 0 0
4590	0 0 1
4591	1 0 0
4592	0 0 1
4593	0 1 0
4594	0 1 0
4595	0 0 1
4596	0 1 0
4597	1 0 0
4598	0 1 0
4599	0 0 1
4600	0 1 0
4601	1 0 0
4602	0 0 1
4603	0 0 1
4604	0 1 0
4605	1 0 0
4606	0 1 0
4607	1 0 0
4608	0 0 1
4609	0 0 1
4610	0 0 1
4611	0 0 1
4612	0 0 1
4613	0 0 1
4614	0 0 1
4615	0 1 0
4616	1 0 0
4617	0 0 1
4618	1 0 0
4619	1 0 0
4620	1 0 0
4621	0 1 0
4622	0 1 0
4623	1 0 0
4624	1 0 0
4625	0 1 0
4626	0 0 1
4627	1 0 0
4628	0 0 1
4629	0 1 0
4630	0 0 1
4631	1 0 0
4632	1 0 0
4633	1 0 0
4634	0 1 0
4635	1 0 0
4636	1 0 0
4637	0 0 1
4638	0 1 0
4639	0 1 0
4640	1 0 0
4641	1 0 0
4642	0 0 1
4643	0 1 0
4644	0 0 1
4645	0 1 0
4646	0 0 1
4647	0 1 0
4648	0 0 1
4649	0 0 1
4650	0 1 0
4651	1 0 0
4652	1 0 0
4653	1 0 0
4654	1 0 0
4655	1 0 0
4656	0 1 0
4657	1 0 0
4658	0 0 1
4659	0 0 1
4660	0 1 0
4661	0 0 1
4662	0 1 0
4663	1 0 0
4664	0 0 1
4665	0 1 0
4666	1 0 0
4667	1 0 0
4668	1 0 0
4669	0 1 0
4670	0 1 0
4671	0 0 1
4672	0 0 1
4673	1 0 0
4674	0 1 0
4675	0 1 0
4676	0 1 0
4677	0 0 1
4678	0 1 0
4679	0 1 0
4680	1 0 0
4681	1 0 0
4682	1 0 0
4683	0 0 1
4684	0 0 1
4685	1 0 0
4686	0 0 1
4687	1 0 0
4688	0 1 0
4689	1 0 0
4690	1 0 0
4691	0 0 1
4692	1 0 0
4693	1 0 0
4694	0 1 0
4695	0 1 0
4696	1 0 0
4697	0 1 0
4698	0 0 1
4699	1 0 0
4700	0 1 0
4701	0 1 0
4702	0 1 0
4703	1 0 0
4704	1 0 0
4705	0 1 0
4706	0 1 0
4707	1 0 0
4708	1 0 0
4709	0 1 0
4710	0 0 1
4711	0 0 1
4712	0 0 1
4713	0 1 0
4714	0 0 1
4715	0 1 0
4716	0 0 1
4717	0 0 1
4718	0 1 0
4719	0 0 1
4720	0 1 0
4721	0 1 0
4722	1 0 0
4723	0 1 0
4724	0 1 0
4725	0 0 1
4726	1 0 0
4727	0 1 0
4728	0 0 1
4729	1 0 0
4730	1 0 0
4731	0 0 1
4732	0 0 1
4733	0 0 1
4734	0 1 0
4735	0 1 0
4736	0 1 0
4737	0 1 0
4738	0 1 0
4739	0 0 1
4740	0 1 0
4741	0 0 1
4742	0 1 0
4743	0 1 0
4744	0 1 0
4745	0 1 0
4746	0 1 0
4747	0 1 0
4748	1 0 0
4749	0 1 0
4750	0 1 0
4751	0 0 1
4752	1 0 0
4753	1 0 0
4754	1 0 0
4755	1 0 0
4756	0 1 0
4757	0 1 0
4758	1 0 0
4759	0 1 0
4760	0 0 1
4761	0 0 1
4762	0 1 0
4763	1 0 0
4764	1 0 0
4765	1 0 0
4766	1 0 0
4767	0 1 0
4768	1 0 0
4769	1 0 0
4770	1 0 0
4771	0 1 0
4772	0 0 1
4773	0 0 1
4774	0 0 1
4775	0 0 1
4776	1 0 0
4777	0 1 0
4778	0 0 1
4779	0 1 0
4780	0 0 1
4781	0 1 0
4782	1 0 0
4783	0 0 1
4784	0 1 0
4785	1 0 0
4786	0 1 0
4787	0 0 1
4788	1 0 0
4789	0 0 1
4790	0 0 1
4791	0 0 1
4792	0 1 0
4793	0 0 1
4794	0 1 0
4795	1 0 0
4796	1 0 0
4797	1 0 0
4798	1 0 0
4799	0 0 1
4800	0 0 1
4801	0 1 0
4802	1 0 0
4803	0 0 1
4804	1 0 0
4805	0 0 1
4806	0 1 0
4807	0 1 0
4808	0 0 1
4809	1 0 0
4810	0 0 1
4811	1 0 0
4812	1 0 0
4813	0 0 1
4814	0 1 0
4815	0 0 1
4816	0 0 1
4817	0 0 1
4818	1 0 0
4819	0 1 0
4820	0 0 1
4821	1 0 0
4822	0 0 1
4823	1 0 0
4824	0 1 0
4825	1 0 0
4826	0 0 1
4827	0 0 1
4828	0 1 0
4829	0 0 1
4830	1 0 0
4831	1 0 0
4832	1 0 0
4833	0 0 1
4834	1 0 0
4835	0 0 1
4836	1 0 0
4837	1 0 0
4838	1 0 0
4839	0 0 1
4840	0 1 0
4841	0 0 1
4842	0 0 1
4843	0 0 1
4844	0 0 1
4845	0 1 0
4846	1 0 0
4847	0 1 0
4848	1 0 0
4849	1 0 0
4850	1 0 0
4851	1 0 0
4852	0 0 1
4853	1 0 0
4854	1 0 0
4855	1 0 0
4856	0 0 1
4857	0 0 1
4858	1 0 0
4859	0 1 0
4860	1 0 0
4861	0 0 1
4862	0 0 1
4863	0 0 1
4864	0 0 1
4865	0 1 0
4866	1 0 0
4867	0 0 1
4868	0 0 1
4869	0 1 0
4870	0 1 0
4871	1 0 0
4872	0 1 0
4873	0 1 0
4874	1 0 0
4875	0 1 0
4876	0 1 0
4877	0 0 1
4878	0 1 0
4879	0 0 1
4880	0 1 0
4881	0 1 0
4882	1 0 0
4883	0 1 0
4884	1 0 0
4885	0 1 0
4886	0 1 0
4887	0 0 1
4888	0 0 1
4889	0 1 0
4890	1 0 0
4891	1 0 0
4892	1 0 0
4893	1 0 0
4894	0 0 1
4895	1 0 0
4896	1 0 0
4897	0 0 1
4898	1 0 0
4899	0 0 1
4900	0 0 1
4901	1 0 0
4902	0 0 1
4903	0 1 0
4904	0 0 1
4905	0 1 0
4906	0 1 0
4907	0 0 1
4908	0 1 0
4909	0 0 1
4910	0 1 0
4911	1 0 0
4912	1 0 0
4913	0 1 0
4914	0 0 1
4915	0 0 1
4916	0 1 0
4917	0 0 1
4918	1 0 0
4919	0 0 1
4920	0 1 0
4921	1 0 0
4922	1 0 0
4923	0 1 0
4924	0 0 1
4925	0 0 1
4926	0 0 1
4927	0 0 1
4928	0 1 0
4929	1 0 0
4930	0 1 0
4931	1 0 0
4932	0 0 1
4933	0 1 0
4934	0 1 0
4935	0 0 1
4936	1 0 0
4937	0 0 1
4938	1 0 0
4939	1 0 0
4940	1 0 0
4941	0 0 1
4942	0 0 1
4943	1 0 0
4944	1 0 0
4945	0 0 1
4946	1 0 0
4947	0 0 1
4948	0 1 0
4949	0 1 0
4950	1 0 0
4951	1 0 0
4952	0 0 1
4953	0 1 0
4954	0 0 1
4955	0 1 0
4956	1 0 0
4957	1 0 0
4958	0 0 1
4959	1 0 0
4960	1 0 0
4961	1 0 0
4962	0 0 1
4963	1 0 0
4964	0 0 1
4965	1 0 0
4966	1 0 0
4967	0 1 0
4968	0 1 0
4969	1 0 0
4970	0 0 1
4971	0 0 1
4972	0 1 0
4973	1 0 0
4974	0 1 0
4975	0 1 0
4976	0 1 0
4977	0 1 0
4978	1 0 0
4979	0 0 1
4980	0 1 0
4981	0 1 0
4982	0 1 0
4983	0 1 0
4984	0 1 0
4985	0 0 1
4986	0 0 1
4987	0 1 0
4988	0 1 0
4989	0 1 0
4990	1 0 0
4991	0 0 1
4992	1 0 0
4993	0 1 0
4994	0 1 0
4995	1 0 0
4996	0 0 1
4997	1 0 0
4998	0 1 0
4999	0 0 1
