0	0 0 1
1	1 0 0
2	0 0 1
3	0 1 0
4	0 0 1
5	1 0 0
6	0 1 0
7	1 0 0
8	0 0 1
9	1 0 0
10	0 1 0
11	1 0 0
12	0 1 0
13	1 0 0
14	0 0 1
15	0 1 0
16	1 0 0
17	0 1 0
18	0 0 1
19	0 0 1
20	0 0 1
21	1 0 0
22	0 1 0
23	0 0 1
24	0 0 1
25	1 0 0
26	0 0 1
27	0 1 0
28	0 1 0
29	1 0 0
30	0 0 1
31	0 0 1
32	0 1 0
33	0 0 1
34	0 1 0
35	0 0 1
36	0 1 0
37	0 1 0
38	0 1 0
39	1 0 0
40	0 0 1
41	1 0 0
42	1 0 0
43	0 1 0
44	1 0 0
45	0 1 0
46	0 1 0
47	0 0 1
48	1 0 0
49	1 0 0
50	1 0 0
51	0 0 1
52	1 0 0
53	0 0 1
54	1 0 0
55	1 0 0
56	1 0 0
57	0 1 0
58	0 0 1
59	0 1 0
60	0 0 1
61	1 0 0
62	0 0 1
63	0 0 1
64	0 0 1
65	1 0 0
66	0 1 0
67	1 0 0
68	0 0 1
69	1 0 0
70	0 1 0
71	0 0 1
72	1 0 0
73	0 1 0
74	0 0 1
75	1 0 0
76	1 0 0
77	0 1 0
78	0 1 0
79	1 0 0
80	0 1 0
81	0 0 1
82	0 1 0
83	1 0 0
84	0 1 0
85	1 0 0
86	0 0 1
87	1 0 0
88	0 0 1
89	0 0 1
90	0 1 0
91	0 0 1
92	0 1 0
93	0 0 1
94	1 0 0
95	1 0 0
96	1 0 0
97	0 1 0
98	1 0 0
99	0 1 0
100	0 1 0
101	0 0 1
102	0 0 1
103	0 1 0
104	0 1 0
105	1 0 0
106	0 1 0
107	1 0 0
108	0 1 0
109	0 1 0
110	0 0 1
111	0 0 1
112	1 0 0
113	0 1 0
114	0 1 0
115	0 0 1
116	0 1 0
117	0 0 1
118	0 1 0
119	1 0 0
120	0 0 1
121	0 0 1
122	0 1 0
123	0 1 0
124	0 1 0
125	1 0 0
126	0 1 0
127	1 0 0
128	0 0 1
129	0 1 0
130	0 1 0
131	1 0 0
132	1 0 0
133	0 1 0
134	0 0 1
135	0 1 0
136	0 0 1
137	0 1 0
138	0 0 1
139	0 1 0
140	0 1 0
141	1 0 0
142	0 1 0
143	0 1 0
144	1 0 0
145	0 1 0
146	0 1 0
147	0 1 0
148	0 0 1
149	0 1 0
150	1 0 0
151	0 1 0
152	0 1 0
153	0 0 1
154	0 1 0
155	0 1 0
156	1 0 0
157	0 1 0
158	0 1 0
159	0 0 1
160	0 0 1
161	0 1 0
162	0 1 0
163	0 0 1
164	0 1 0
165	1 0 0
166	0 1 0
167	0 1 0
168	0 0 1
169	0 1 0
170	0 1 0
171	0 1 0
172	1 0 0
173	0 1 0
174	1 0 0
175	0 1 0
176	0 0 1
177	0 1 0
178	0 0 1
179	0 0 1
180	1 0 0
181	1 0 0
182	1 0 0
183	1 0 0
184	1 0 0
185	1 0 0
186	1 0 0
187	0 1 0
188	1 0 0
189	1 0 0
190	0 1 0
191	0 1 0
192	1 0 0
193	1 0 0
194	0 1 0
195	0 1 0
196	1 0 0
197	0 1 0
198	0 1 0
199	0 1 0
200	0 1 0
201	1 0 0
202	0 0 1
203	0 1 0
204	1 0 0
205	0 1 0
206	0 1 0
207	0 1 0
208	1 0 0
209	0 1 0
210	1 0 0
211	0 1 0
212	1 0 0
213	1 0 0
214	0 1 0
215	1 0 0
216	0 0 1
217	0 1 0
218	1 0 0
219	0 1 0
220	0 1 0
221	1 0 0
222	1 0 0
223	0 0 1
224	0 0 1
225	1 0 0
226	0 0 1
227	0 1 0
228	0 0 1
229	0 1 0
230	0 1 0
231	1 0 0
232	1 0 0
233	1 0 0
234	0 1 0
235	0 0 1
236	0 1 0
237	1 0 0
238	1 0 0
239	1 0 0
240	0 0 1
241	0 0 1
242	0 0 1
243	0 0 1
244	0 1 0
245	0 1 0
246	0 1 0
247	0 1 0
248	0 1 0
249	0 0 1
250	0 0 1
251	1 0 0
252	0 0 1
253	0 0 1
254	0 0 1
255	0 1 0
256	0 0 1
257	1 0 0
258	0 0 1
259	0 0 1
260	0 1 0
261	0 1 0
262	0 0 1
263	0 0 1
264	0 1 0
265	1 0 0
266	1 0 0
267	0 0 1
268	0 1 0
269	0 0 1
270	0 1 0
271	0 1 0
272	1 0 0
273	0 0 1
274	1 0 0
275	0 0 1
276	0 0 1
277	0 0 1
278	0 0 1
279	0 0 1
280	0 0 1
281	0 0 1
282	1 0 0
283	0 1 0
284	1 0 0
285	1 0 0
286	0 0 1
287	0 0 1
288	0 1 0
289	1 0 0
290	1 0 0
291	0 0 1
292	1 0 0
293	0 1 0
294	0 1 0
295	1 0 0
296	0 0 1
297	1 0 0
298	0 1 0
299	0 1 0
300	0 1 0
301	0 0 1
302	1 0 0
303	1 0 0
304	0 1 0
305	1 0 0
306	1 0 0
307	0 1 0
308	0 1 0
309	0 0 1
310	0 0 1
311	0 0 1
312	1 0 0
313	0 0 1
314	0 1 0
315	0 0 1
316	0 0 1
317	0 0 1
318	1 0 0
319	0 1 0
320	1 0 0
321	1 0 0
322	0 1 0
323	0 1 0
324	0 1 0
325	0 1 0
326	0 0 1
327	0 1 0
328	1 0 0
329	1 0 0
330	1 0 0
331	0 0 1
332	0 1 0
333	0 1 0
334	1 0 0
335	0 1 0
336	0 0 1
337	0 0 1
338	1 0 0
339	0 0 1
340	0 0 1
341	0 1 0
342	1 0 0
343	0 0 1
344	0 0 1
345	0 0 1
346	0 1 0
347	0 1 0
348	0 0 1
349	0 1 0
350	0 1 0
351	0 1 0
352	1 0 0
353	0 0 1
354	1 0 0
355	0 1 0
356	1 0 0
357	1 0 0
358	0 1 0
359	0 1 0
360	0 1 0
361	0 0 1
362	0 1 0
363	1 0 0
364	0 1 0
365	0 0 1
366	0 0 1
367	0 1 0
368	0 0 1
369	1 0 0
370	0 0 1
371	0 1 0
372	1 0 0
373	0 0 1
374	0 1 0
375	0 1 0
376	1 0 0
377	0 0 1
378	1 0 0
379	1 0 0
380	0 0 1
381	0 0 1
382	0 1 0
383	1 0 0
384	1 0 0
385	1 0 0
386	0 0 1
387	0 0 1
388	1 0 0
389	0 0 1
390	0 1 0
391	0 0 1
392	0 1 0
393	1 0 0
394	0 1 0
395	0 1 0
396	0 0 1
397	1 0 0
398	0 1 0
399	0 1 0
400	1 0 0
401	0 0 1
402	0 0 1
403	0 0 1
404	0 0 1
405	1 0 0
406	1 0 0
407	0 1 0
408	0 0 1
409	0 1 0
410	0 1 0
411	1 0 0
412	0 1 0
413	0 0 1
414	1 0 0
415	0 0 1
416	0 0 1
417	0 0 1
418	0 1 0
419	0 1 0
420	1 0 0
421	0 1 0
422	0 1 0
423	1 0 0
424	1 0 0
425	1 0 0
426	1 0 0
427	1 0 0
428	0 0 1
429	0 0 1
430	0 0 1
431	0 0 1
432	1 0 0
433	0 0 1
434	1 0 0
435	0 0 1
436	1 0 0
437	1 0 0
438	0 0 1
439	1 0 0
440	1 0 0
441	1 0 0
442	1 0 0
443	0 1 0
444	0 1 0
445	1 0 0
446	1 0 0
447	0 0 1
448	0 0 1
449	0 0 1
450	0 0 1
451	0 1 0
452	0 0 1
453	0 0 1
454	0 1 0
455	0 1 0
456	0 0 1
457	0 1 0
458	0 1 0
459	0 1 0
460	0 1 0
461	0 0 1
462	0 1 0
463	1 0 0
464	1 0 0
465	0 0 1
466	0 1 0
467	0 0 1
468	0 0 1
469	0 1 0
470	0 0 1
471	1 0 0
472	1 0 0
473	0 1 0
474	0 1 0
475	1 0 0
476	0 1 0
477	1 0 0
478	1 0 0
479	1 0 0
480	0 1 0
481	0 0 1
482	0 0 1
483	0 1 0
484	0 1 0
485	1 0 0
486	0 1 0
487	0 1 0
488	1 0 0
489	0 1 0
490	1 0 0
491	0 1 0
492	0 0 1
493	0 0 1
494	0 0 1
495	0 1 0
496	1 0 0
497	1 0 0
498	1 0 0
499	1 0 0
500	1 0 0
501	1 0 0
502	0 0 1
503	1 0 0
504	0 0 1
505	0 0 1
506	0 1 0
507	1 0 0
508	0 1 0
509	0 0 1
510	1 0 0
511	0 0 1
512	0 0 1
513	0 1 0
514	0 0 1
515	0 1 0
516	1 0 0
517	1 0 0
518	0 1 0
519	1 0 0
520	1 0 0
521	0 0 1
522	0 1 0
523	1 0 0
524	1 0 0
525	1 0 0
526	1 0 0
527	0 1 0
528	1 0 0
529	0 1 0
530	0 1 0
531	1 0 0
532	0 0 1
533	1 0 0
534	1 0 0
535	0 0 1
536	0 0 1
537	0 1 0
538	0 0 1
539	0 1 0
540	0 0 1
541	0 0 1
542	0 1 0
543	1 0 0
544	1 0 0
545	0 1 0
546	1 0 0
547	1 0 0
548	0 1 0
549	1 0 0
550	1 0 0
551	1 0 0
552	0 0 1
553	0 0 1
554	1 0 0
555	0 0 1
556	0 0 1
557	1 0 0
558	0 1 0
559	0 0 1
560	0 1 0
561	1 0 0
562	1 0 0
563	1 0 0
564	1 0 0
565	0 0 1
566	1 0 0
567	0 1 0
568	0 0 1
569	1 0 0
570	0 1 0
571	0 0 1
572	0 0 1
573	1 0 0
574	0 0 1
575	0 0 1
576	1 0 0
577	0 1 0
578	0 0 1
579	0 1 0
580	1 0 0
581	0 0 1
582	0 1 0
583	1 0 0
584	0 0 1
585	0 0 1
586	0 1 0
587	0 0 1
588	0 1 0
589	0 1 0
590	1 0 0
591	0 0 1
592	0 0 1
593	1 0 0
594	0 1 0
595	0 1 0
596	0 0 1
597	1 0 0
598	1 0 0
599	0 0 1
600	0 0 1
601	0 0 1
602	1 0 0
603	0 1 0
604	1 0 0
605	0 0 1
606	0 1 0
607	0 0 1
608	1 0 0
609	0 0 1
610	0 0 1
611	0 1 0
612	1 0 0
613	0 1 0
614	0 0 1
615	0 0 1
616	1 0 0
617	1 0 0
618	0 1 0
619	1 0 0
620	0 1 0
621	0 0 1
622	1 0 0
623	0 1 0
624	0 0 1
625	1 0 0
626	0 0 1
627	1 0 0
628	0 1 0
629	1 0 0
630	0 1 0
631	0 1 0
632	0 0 1
633	0 1 0
634	1 0 0
635	0 0 1
636	0 0 1
637	1 0 0
638	1 0 0
639	0 1 0
640	0 0 1
641	0 0 1
642	1 0 0
643	0 1 0
644	1 0 0
645	0 0 1
646	1 0 0
647	1 0 0
648	0 1 0
649	1 0 0
650	1 0 0
651	1 0 0
652	1 0 0
653	0 0 1
654	0 1 0
655	0 1 0
656	0 0 1
657	1 0 0
658	0 1 0
659	0 0 1
660	1 0 0
661	0 0 1
662	0 0 1
663	0 0 1
664	1 0 0
665	0 1 0
666	0 0 1
667	1 0 0
668	1 0 0
669	0 1 0
670	1 0 0
671	0 1 0
672	0 1 0
673	1 0 0
674	0 0 1
675	0 1 0
676	0 1 0
677	0 1 0
678	0 0 1
679	1 0 0
680	1 0 0
681	1 0 0
682	0 1 0
683	0 0 1
684	1 0 0
685	0 1 0
686	1 0 0
687	0 1 0
688	1 0 0
689	0 1 0
690	1 0 0
691	0 0 1
692	1 0 0
693	1 0 0
694	0 0 1
695	0 0 1
696	1 0 0
697	0 1 0
698	1 0 0
699	0 1 0
700	0 0 1
701	0 0 1
702	0 0 1
703	1 0 0
704	0 1 0
705	1 0 0
706	0 1 0
707	0 0 1
708	1 0 0
709	0 0 1
710	1 0 0
711	0 1 0
712	0 1 0
713	1 0 0
714	0 0 1
715	1 0 0
716	0 1 0
717	1 0 0
718	0 0 1
719	0 1 0
720	1 0 0
721	0 0 1
722	0 1 0
723	0 1 0
724	1 0 0
725	0 0 1
726	1 0 0
727	1 0 0
728	0 0 1
729	0 0 1
730	0 1 0
731	0 0 1
732	0 0 1
733	0 1 0
734	0 0 1
735	0 0 1
736	1 0 0
737	0 0 1
738	0 0 1
739	0 0 1
740	0 1 0
741	0 0 1
742	1 0 0
743	1 0 0
744	0 0 1
745	0 1 0
746	1 0 0
747	0 0 1
748	1 0 0
749	0 1 0
750	0 1 0
751	0 1 0
752	0 1 0
753	1 0 0
754	0 1 0
755	0 1 0
756	0 1 0
757	1 0 0
758	0 1 0
759	0 1 0
760	0 1 0
761	1 0 0
762	1 0 0
763	1 0 0
764	0 0 1
765	0 1 0
766	0 0 1
767	0 1 0
768	0 0 1
769	0 0 1
770	1 0 0
771	1 0 0
772	0 0 1
773	0 1 0
774	0 0 1
775	0 0 1
776	1 0 0
777	0 0 1
778	0 1 0
779	1 0 0
780	0 1 0
781	0 1 0
782	0 1 0
783	0 0 1
784	0 0 1
785	0 1 0
786	0 1 0
787	0 0 1
788	0 0 1
789	0 1 0
790	0 1 0
791	0 1 0
792	0 0 1
793	0 1 0
794	0 1 0
795	1 0 0
796	0 1 0
797	0 0 1
798	0 0 1
799	0 0 1
800	0 0 1
801	0 1 0
802	0 0 1
803	0 1 0
804	0 1 0
805	0 0 1
806	1 0 0
807	0 1 0
808	0 0 1
809	1 0 0
810	0 0 1
811	0 0 1
812	0 0 1
813	1 0 0
814	0 1 0
815	0 0 1
816	0 0 1
817	1 0 0
818	0 0 1
819	0 0 1
820	1 0 0
821	0 0 1
822	0 1 0
823	0 1 0
824	0 0 1
825	1 0 0
826	0 0 1
827	0 0 1
828	0 0 1
829	1 0 0
830	0 1 0
831	1 0 0
832	0 1 0
833	0 0 1
834	0 1 0
835	1 0 0
836	0 0 1
837	0 0 1
838	0 1 0
839	0 1 0
840	0 1 0
841	0 0 1
842	0 1 0
843	1 0 0
844	0 1 0
845	1 0 0
846	1 0 0
847	1 0 0
848	0 0 1
849	1 0 0
850	0 1 0
851	0 0 1
852	0 1 0
853	0 1 0
854	0 1 0
855	0 0 1
856	0 1 0
857	0 0 1
858	1 0 0
859	1 0 0
860	0 0 1
861	1 0 0
862	0 0 1
863	0 1 0
864	0 1 0
865	0 0 1
866	1 0 0
867	1 0 0
868	0 0 1
869	0 1 0
870	0 0 1
871	1 0 0
872	1 0 0
873	0 1 0
874	0 0 1
875	0 0 1
876	0 1 0
877	0 0 1
878	0 0 1
879	0 0 1
880	0 0 1
881	0 0 1
882	0 0 1
883	1 0 0
884	0 1 0
885	0 0 1
886	1 0 0
887	0 0 1
888	1 0 0
889	1 0 0
890	1 0 0
891	1 0 0
892	0 1 0
893	0 0 1
894	0 1 0
895	0 1 0
896	0 1 0
897	0 1 0
898	1 0 0
899	0 0 1
900	1 0 0
901	0 0 1
902	0 1 0
903	0 0 1
904	1 0 0
905	1 0 0
906	0 1 0
907	0 0 1
908	0 0 1
909	0 1 0
910	0 1 0
911	0 1 0
912	0 1 0
913	1 0 0
914	1 0 0
915	0 0 1
916	1 0 0
917	0 0 1
918	0 1 0
919	0 0 1
920	0 0 1
921	0 0 1
922	0 0 1
923	1 0 0
924	1 0 0
925	0 1 0
926	0 0 1
927	1 0 0
928	0 1 0
929	0 1 0
930	0 1 0
931	1 0 0
932	1 0 0
933	0 1 0
934	1 0 0
935	1 0 0
936	0 0 1
937	0 0 1
938	0 0 1
939	0 1 0
940	0 0 1
941	0 0 1
942	1 0 0
943	0 0 1
944	1 0 0
945	0 1 0
946	1 0 0
947	1 0 0
948	0 1 0
949	0 0 1
950	0 0 1
951	0 1 0
952	0 1 0
953	0 0 1
954	0 1 0
955	0 0 1
956	0 1 0
957	0 1 0
958	0 0 1
959	1 0 0
960	0 1 0
961	0 0 1
962	0 1 0
963	0 1 0
964	0 1 0
965	1 0 0
966	0 1 0
967	0 1 0
968	0 0 1
969	0 0 1
970	0 0 1
971	1 0 0
972	0 1 0
973	0 0 1
974	1 0 0
975	0 1 0
976	1 0 0
977	1 0 0
978	1 0 0
979	0 1 0
980	0 0 1
981	0 0 1
982	0 1 0
983	1 0 0
984	0 1 0
985	1 0 0
986	1 0 0
987	1 0 0
988	0 1 0
989	1 0 0
990	0 1 0
991	0 1 0
992	0 1 0
993	1 0 0
994	0 1 0
995	1 0 0
996	1 0 0
997	0 0 1
998	0 1 0
999	0 1 0
1000	0 0 1
1001	0 0 1
1002	0 0 1
1003	0 0 1
1004	0 1 0
1005	1 0 0
1006	0 1 0
1007	1 0 0
1008	0 0 1
1009	0 1 0
1010	0 1 0
1011	0 1 0
1012	1 0 0
1013	0 1 0
1014	1 0 0
1015	1 0 0
1016	0 1 0
1017	0 1 0
1018	1 0 0
1019	1 0 0
1020	0 0 1
1021	0 0 1
1022	0 1 0
1023	0 0 1
1024	0 1 0
1025	0 1 0
1026	1 0 0
1027	0 0 1
1028	0 0 1
1029	0 1 0
1030	1 0 0
1031	1 0 0
1032	1 0 0
1033	0 1 0
1034	1 0 0
1035	0 0 1
1036	0 0 1
1037	0 1 0
1038	0 0 1
1039	0 0 1
1040	0 0 1
1041	0 0 1
1042	1 0 0
1043	1 0 0
1044	1 0 0
1045	1 0 0
1046	0 0 1
1047	1 0 0
1048	1 0 0
1049	1 0 0
1050	1 0 0
1051	0 0 1
1052	0 0 1
1053	0 1 0
1054	0 1 0
1055	0 0 1
1056	0 0 1
1057	0 0 1
1058	0 1 0
1059	0 0 1
1060	0 0 1
1061	0 0 1
1062	0 1 0
1063	1 0 0
1064	0 0 1
1065	0 0 1
1066	0 1 0
1067	1 0 0
1068	0 0 1
1069	1 0 0
1070	0 1 0
1071	1 0 0
1072	0 1 0
1073	1 0 0
1074	0 0 1
1075	1 0 0
1076	0 0 1
1077	0 0 1
1078	1 0 0
1079	0 0 1
1080	0 0 1
1081	0 0 1
1082	0 0 1
1083	0 0 1
1084	1 0 0
1085	0 0 1
1086	0 0 1
1087	1 0 0
1088	1 0 0
1089	0 1 0
1090	0 1 0
1091	0 0 1
1092	0 0 1
1093	0 0 1
1094	0 1 0
1095	0 1 0
1096	0 0 1
1097	0 1 0
1098	0 0 1
1099	1 0 0
1100	0 0 1
1101	1 0 0
1102	0 0 1
1103	1 0 0
1104	0 0 1
1105	1 0 0
1106	0 1 0
1107	0 1 0
1108	1 0 0
1109	1 0 0
1110	1 0 0
1111	0 0 1
1112	0 0 1
1113	1 0 0
1114	0 0 1
1115	1 0 0
1116	1 0 0
1117	0 1 0
1118	0 1 0
1119	1 0 0
1120	0 1 0
1121	0 1 0
1122	1 0 0
1123	0 1 0
1124	0 0 1
1125	0 0 1
1126	1 0 0
1127	0 1 0
1128	0 1 0
1129	0 0 1
1130	1 0 0
1131	0 0 1
1132	0 1 0
1133	0 1 0
1134	0 0 1
1135	0 0 1
1136	1 0 0
1137	0 1 0
1138	0 1 0
1139	0 0 1
1140	1 0 0
1141	1 0 0
1142	0 0 1
1143	0 0 1
1144	0 1 0
1145	0 1 0
1146	0 1 0
1147	1 0 0
1148	0 0 1
1149	0 1 0
1150	0 0 1
1151	1 0 0
1152	1 0 0
1153	0 1 0
1154	1 0 0
1155	0 1 0
1156	0 0 1
1157	0 1 0
1158	0 0 1
1159	1 0 0
1160	1 0 0
1161	0 0 1
1162	0 1 0
1163	0 0 1
1164	1 0 0
1165	1 0 0
1166	0 1 0
1167	1 0 0
1168	0 1 0
1169	1 0 0
1170	0 1 0
1171	0 1 0
1172	0 1 0
1173	0 1 0
1174	1 0 0
1175	0 1 0
1176	0 1 0
1177	0 1 0
1178	0 0 1
1179	0 1 0
1180	1 0 0
1181	0 0 1
1182	0 0 1
1183	0 1 0
1184	0 0 1
1185	0 1 0
1186	0 1 0
1187	0 1 0
1188	0 1 0
1189	1 0 0
1190	1 0 0
1191	0 0 1
1192	1 0 0
1193	0 0 1
1194	1 0 0
1195	0 0 1
1196	0 0 1
1197	1 0 0
1198	0 1 0
1199	0 1 0
1200	1 0 0
1201	0 0 1
1202	0 1 0
1203	0 1 0
1204	0 1 0
1205	0 1 0
1206	0 0 1
1207	0 1 0
1208	0 1 0
1209	1 0 0
1210	1 0 0
1211	0 1 0
1212	0 1 0
1213	0 0 1
1214	1 0 0
1215	0 0 1
1216	0 0 1
1217	0 1 0
1218	1 0 0
1219	0 1 0
1220	1 0 0
1221	1 0 0
1222	1 0 0
1223	0 1 0
1224	1 0 0
1225	1 0 0
1226	0 0 1
1227	1 0 0
1228	0 0 1
1229	0 0 1
1230	1 0 0
1231	1 0 0
1232	1 0 0
1233	0 0 1
1234	0 1 0
1235	1 0 0
1236	0 0 1
1237	0 1 0
1238	0 0 1
1239	0 1 0
1240	0 0 1
1241	0 1 0
1242	0 0 1
1243	1 0 0
1244	0 1 0
1245	0 0 1
1246	1 0 0
1247	0 0 1
1248	1 0 0
1249	1 0 0
1250	0 1 0
1251	0 1 0
1252	0 0 1
1253	1 0 0
1254	0 0 1
1255	0 1 0
1256	0 0 1
1257	0 0 1
1258	0 0 1
1259	0 1 0
1260	0 1 0
1261	1 0 0
1262	0 0 1
1263	1 0 0
1264	1 0 0
1265	0 0 1
1266	0 1 0
1267	0 0 1
1268	1 0 0
1269	0 0 1
1270	0 0 1
1271	0 0 1
1272	1 0 0
1273	1 0 0
1274	1 0 0
1275	0 1 0
1276	1 0 0
1277	1 0 0
1278	0 1 0
1279	0 0 1
1280	0 0 1
1281	0 1 0
1282	0 1 0
1283	0 0 1
1284	0 0 1
1285	0 1 0
1286	1 0 0
1287	0 0 1
1288	0 1 0
1289	1 0 0
1290	1 0 0
1291	0 1 0
1292	0 1 0
1293	0 1 0
1294	0 0 1
1295	0 0 1
1296	0 0 1
1297	0 0 1
1298	0 0 1
1299	0 0 1
1300	0 1 0
1301	1 0 0
1302	1 0 0
1303	1 0 0
1304	1 0 0
1305	0 0 1
1306	1 0 0
1307	1 0 0
1308	1 0 0
1309	1 0 0
1310	1 0 0
1311	0 1 0
1312	0 0 1
1313	0 0 1
1314	1 0 0
1315	0 0 1
1316	0 1 0
1317	1 0 0
1318	1 0 0
1319	0 1 0
1320	0 0 1
1321	0 0 1
1322	1 0 0
1323	0 1 0
1324	1 0 0
1325	0 0 1
1326	0 1 0
1327	0 0 1
1328	0 1 0
1329	1 0 0
1330	0 1 0
1331	1 0 0
1332	0 1 0
1333	1 0 0
1334	0 1 0
1335	0 0 1
1336	1 0 0
1337	0 0 1
1338	1 0 0
1339	0 1 0
1340	0 0 1
1341	0 1 0
1342	1 0 0
1343	0 1 0
1344	0 1 0
1345	0 1 0
1346	0 1 0
1347	0 0 1
1348	1 0 0
1349	0 0 1
1350	0 0 1
1351	1 0 0
1352	0 0 1
1353	0 0 1
1354	0 1 0
1355	1 0 0
1356	0 0 1
1357	0 0 1
1358	0 1 0
1359	1 0 0
1360	0 0 1
1361	0 0 1
1362	1 0 0
1363	1 0 0
1364	0 1 0
1365	0 1 0
1366	1 0 0
1367	1 0 0
1368	0 0 1
1369	0 0 1
1370	0 1 0
1371	1 0 0
1372	0 0 1
1373	0 0 1
1374	0 0 1
1375	0 0 1
1376	0 0 1
1377	1 0 0
1378	1 0 0
1379	1 0 0
1380	0 1 0
1381	0 1 0
1382	0 0 1
1383	1 0 0
1384	0 1 0
1385	0 0 1
1386	0 0 1
1387	0 1 0
1388	0 0 1
1389	0 0 1
1390	1 0 0
1391	0 0 1
1392	0 1 0
1393	1 0 0
1394	0 1 0
1395	1 0 0
1396	0 1 0
1397	0 0 1
1398	0 1 0
1399	0 1 0
1400	0 1 0
1401	0 1 0
1402	0 1 0
1403	1 0 0
1404	0 0 1
1405	0 1 0
1406	1 0 0
1407	1 0 0
1408	0 0 1
1409	0 1 0
1410	0 1 0
1411	0 0 1
1412	0 1 0
1413	0 0 1
1414	0 0 1
1415	0 0 1
1416	1 0 0
1417	0 0 1
1418	1 0 0
1419	0 1 0
1420	0 1 0
1421	1 0 0
1422	0 0 1
1423	0 0 1
1424	0 1 0
1425	1 0 0
1426	0 1 0
1427	0 1 0
1428	0 0 1
1429	0 0 1
1430	0 0 1
1431	0 1 0
1432	0 1 0
1433	1 0 0
1434	0 0 1
1435	0 0 1
1436	0 1 0
1437	0 0 1
1438	0 0 1
1439	0 0 1
1440	0 0 1
1441	0 1 0
1442	0 0 1
1443	0 0 1
1444	0 1 0
1445	0 0 1
1446	1 0 0
1447	0 1 0
1448	0 1 0
1449	1 0 0
1450	0 0 1
1451	0 1 0
1452	1 0 0
1453	0 0 1
1454	0 1 0
1455	0 1 0
1456	0 1 0
1457	0 0 1
1458	0 0 1
1459	0 1 0
1460	0 0 1
1461	1 0 0
1462	1 0 0
1463	0 0 1
1464	1 0 0
1465	0 0 1
1466	0 0 1
1467	0 0 1
1468	0 1 0
1469	0 0 1
1470	0 1 0
1471	0 1 0
1472	1 0 0
1473	0 0 1
1474	0 0 1
1475	0 1 0
1476	0 1 0
1477	0 0 1
1478	0 0 1
1479	0 1 0
1480	1 0 0
1481	1 0 0
1482	0 1 0
1483	0 1 0
1484	0 1 0
1485	1 0 0
1486	0 1 0
1487	1 0 0
1488	0 1 0
1489	0 1 0
1490	0 1 0
1491	0 1 0
1492	0 0 1
1493	0 0 1
1494	0 1 0
1495	1 0 0
1496	1 0 0
1497	0 0 1
1498	0 1 0
1499	0 1 0
1500	0 0 1
1501	1 0 0
1502	0 1 0
1503	1 0 0
1504	0 1 0
1505	0 0 1
1506	1 0 0
1507	1 0 0
1508	0 0 1
1509	1 0 0
1510	0 0 1
1511	0 1 0
1512	0 1 0
1513	0 0 1
1514	0 0 1
1515	0 1 0
1516	0 1 0
1517	0 1 0
1518	0 1 0
1519	1 0 0
1520	1 0 0
1521	0 0 1
1522	0 0 1
1523	0 0 1
1524	1 0 0
1525	0 0 1
1526	0 0 1
1527	0 1 0
1528	1 0 0
1529	0 1 0
1530	0 0 1
1531	0 0 1
1532	0 0 1
1533	0 0 1
1534	0 0 1
1535	0 1 0
1536	0 0 1
1537	0 0 1
1538	1 0 0
1539	1 0 0
1540	1 0 0
1541	0 0 1
1542	0 0 1
1543	1 0 0
1544	0 1 0
1545	0 0 1
1546	0 1 0
1547	0 0 1
1548	0 0 1
1549	1 0 0
1550	0 0 1
1551	1 0 0
1552	1 0 0
1553	0 1 0
1554	1 0 0
1555	0 0 1
1556	1 0 0
1557	0 0 1
1558	0 0 1
1559	1 0 0
1560	0 1 0
1561	1 0 0
1562	0 1 0
1563	0 1 0
1564	0 1 0
1565	0 1 0
1566	1 0 0
1567	0 1 0
1568	1 0 0
1569	0 1 0
1570	1 0 0
1571	1 0 0
1572	0 0 1
1573	0 1 0
1574	0 1 0
1575	1 0 0
1576	1 0 0
1577	1 0 0
1578	0 1 0
1579	1 0 0
1580	0 0 1
1581	0 0 1
1582	1 0 0
1583	1 0 0
1584	0 1 0
1585	0 1 0
1586	1 0 0
1587	0 0 1
1588	1 0 0
1589	0 1 0
1590	0 0 1
1591	0 1 0
1592	1 0 0
1593	0 1 0
1594	0 1 0
1595	0 1 0
1596	0 0 1
1597	0 0 1
1598	1 0 0
1599	0 1 0
1600	0 0 1
1601	1 0 0
1602	0 0 1
1603	1 0 0
1604	0 1 0
1605	0 1 0
1606	0 1 0
1607	0 0 1
1608	0 0 1
1609	1 0 0
1610	1 0 0
1611	1 0 0
1612	0 0 1
1613	0 1 0
1614	0 1 0
1615	0 0 1
1616	0 0 1
1617	0 1 0
1618	0 1 0
1619	0 1 0
1620	0 0 1
1621	0 0 1
1622	0 1 0
1623	0 1 0
1624	1 0 0
1625	0 0 1
1626	0 1 0
1627	0 1 0
1628	0 0 1
1629	0 1 0
1630	1 0 0
1631	0 1 0
1632	1 0 0
1633	1 0 0
1634	0 0 1
1635	0 1 0
1636	0 1 0
1637	0 1 0
1638	0 0 1
1639	0 1 0
1640	0 0 1
1641	0 0 1
1642	1 0 0
1643	1 0 0
1644	0 0 1
1645	0 1 0
1646	0 1 0
1647	0 0 1
1648	1 0 0
1649	1 0 0
1650	1 0 0
1651	0 0 1
1652	1 0 0
1653	1 0 0
1654	0 0 1
1655	1 0 0
1656	1 0 0
1657	0 0 1
1658	0 0 1
1659	1 0 0
1660	1 0 0
1661	0 0 1
1662	0 1 0
1663	0 1 0
1664	0 0 1
1665	0 0 1
1666	0 0 1
1667	0 1 0
1668	0 0 1
1669	0 0 1
1670	1 0 0
1671	0 1 0
1672	1 0 0
1673	0 1 0
1674	0 0 1
1675	0 1 0
1676	0 0 1
1677	0 0 1
1678	0 1 0
1679	0 0 1
1680	1 0 0
1681	0 1 0
1682	1 0 0
1683	1 0 0
1684	0 1 0
1685	0 1 0
1686	1 0 0
1687	0 1 0
1688	0 1 0
1689	1 0 0
1690	0 0 1
1691	0 0 1
1692	1 0 0
1693	0 0 1
1694	1 0 0
1695	1 0 0
1696	0 0 1
1697	1 0 0
1698	1 0 0
1699	0 1 0
1700	0 0 1
1701	0 0 1
1702	0 1 0
1703	1 0 0
1704	1 0 0
1705	0 0 1
1706	1 0 0
1707	0 1 0
1708	0 0 1
1709	0 1 0
1710	1 0 0
1711	0 1 0
1712	0 1 0
1713	1 0 0
1714	1 0 0
1715	1 0 0
1716	0 1 0
1717	0 0 1
1718	0 1 0
1719	0 1 0
1720	0 0 1
1721	1 0 0
1722	1 0 0
1723	1 0 0
1724	0 0 1
1725	1 0 0
1726	1 0 0
1727	0 1 0
1728	0 1 0
1729	1 0 0
1730	1 0 0
1731	1 0 0
1732	1 0 0
1733	0 0 1
1734	0 1 0
1735	0 0 1
1736	1 0 0
1737	1 0 0
1738	1 0 0
1739	0 1 0
1740	0 0 1
1741	0 1 0
1742	0 1 0
1743	0 0 1
1744	0 1 0
1745	1 0 0
1746	0 1 0
1747	0 1 0
1748	1 0 0
1749	1 0 0
1750	1 0 0
1751	1 0 0
1752	0 1 0
1753	1 0 0
1754	1 0 0
1755	0 1 0
1756	0 0 1
1757	0 1 0
1758	0 1 0
1759	0 0 1
1760	1 0 0
1761	0 1 0
1762	0 0 1
1763	0 1 0
1764	1 0 0
1765	0 1 0
1766	0 0 1
1767	0 0 1
1768	1 0 0
1769	1 0 0
1770	0 1 0
1771	1 0 0
1772	1 0 0
1773	0 1 0
1774	1 0 0
1775	0 1 0
1776	0 0 1
1777	1 0 0
1778	0 0 1
1779	0 0 1
1780	0 0 1
1781	0 1 0
1782	1 0 0
1783	0 1 0
1784	0 0 1
1785	0 1 0
1786	0 0 1
1787	0 0 1
1788	0 1 0
1789	0 1 0
1790	1 0 0
1791	0 0 1
1792	1 0 0
1793	1 0 0
1794	1 0 0
1795	0 0 1
1796	0 0 1
1797	0 1 0
1798	1 0 0
1799	1 0 0
1800	0 1 0
1801	1 0 0
1802	0 0 1
1803	0 1 0
1804	1 0 0
1805	0 0 1
1806	1 0 0
1807	1 0 0
1808	0 1 0
1809	0 0 1
1810	0 0 1
1811	0 0 1
1812	1 0 0
1813	0 0 1
1814	1 0 0
1815	0 1 0
1816	1 0 0
1817	0 1 0
1818	0 0 1
1819	0 1 0
1820	0 1 0
1821	0 0 1
1822	1 0 0
1823	0 0 1
1824	0 1 0
1825	0 1 0
1826	0 1 0
1827	0 0 1
1828	0 0 1
1829	1 0 0
1830	0 0 1
1831	0 1 0
1832	0 0 1
1833	0 1 0
1834	0 0 1
1835	0 0 1
1836	1 0 0
1837	0 0 1
1838	0 0 1
1839	0 0 1
1840	0 0 1
1841	0 0 1
1842	0 0 1
1843	0 0 1
1844	1 0 0
1845	0 0 1
1846	1 0 0
1847	0 0 1
1848	1 0 0
1849	0 1 0
1850	0 1 0
1851	1 0 0
1852	1 0 0
1853	0 0 1
1854	0 1 0
1855	0 0 1
1856	1 0 0
1857	1 0 0
1858	1 0 0
1859	0 0 1
1860	0 0 1
1861	1 0 0
1862	0 0 1
1863	0 0 1
1864	1 0 0
1865	0 0 1
1866	0 0 1
1867	1 0 0
1868	1 0 0
1869	1 0 0
1870	1 0 0
1871	0 1 0
1872	0 0 1
1873	0 0 1
1874	0 0 1
1875	1 0 0
1876	0 1 0
1877	1 0 0
1878	0 0 1
1879	0 0 1
1880	0 0 1
1881	0 1 0
1882	0 0 1
1883	0 1 0
1884	0 1 0
1885	1 0 0
1886	0 0 1
1887	1 0 0
1888	1 0 0
1889	1 0 0
1890	1 0 0
1891	0 0 1
1892	0 1 0
1893	1 0 0
1894	1 0 0
1895	0 1 0
1896	1 0 0
1897	1 0 0
1898	0 0 1
1899	1 0 0
1900	0 0 1
1901	0 1 0
1902	0 1 0
1903	0 0 1
1904	1 0 0
1905	1 0 0
1906	0 0 1
1907	0 1 0
1908	1 0 0
1909	1 0 0
1910	0 1 0
1911	0 0 1
1912	0 1 0
1913	1 0 0
1914	0 1 0
1915	0 0 1
1916	0 0 1
1917	1 0 0
1918	0 1 0
1919	1 0 0
1920	1 0 0
1921	0 1 0
1922	1 0 0
1923	0 1 0
1924	0 1 0
1925	0 0 1
1926	0 1 0
1927	0 0 1
1928	0 0 1
1929	0 1 0
1930	1 0 0
1931	0 1 0
1932	1 0 0
1933	0 0 1
1934	0 1 0
1935	0 0 1
1936	0 1 0
1937	0 1 0
1938	0 1 0
1939	0 1 0
1940	0 0 1
1941	1 0 0
1942	0 0 1
1943	0 1 0
1944	1 0 0
1945	0 1 0
1946	0 0 1
1947	0 0 1
1948	0 0 1
1949	0 0 1
1950	1 0 0
1951	0 0 1
1952	0 0 1
1953	0 1 0
1954	0 0 1
1955	0 1 0
1956	0 0 1
1957	1 0 0
1958	0 0 1
1959	1 0 0
1960	0 0 1
1961	1 0 0
1962	0 0 1
1963	1 0 0
1964	0 1 0
1965	0 0 1
1966	0 0 1
1967	0 0 1
1968	0 1 0
1969	0 1 0
1970	0 0 1
1971	0 0 1
1972	0 1 0
1973	0 1 0
1974	0 0 1
1975	1 0 0
1976	0 0 1
1977	0 1 0
1978	0 0 1
1979	1 0 0
1980	0 1 0
1981	0 1 0
1982	0 0 1
1983	0 1 0
1984	0 1 0
1985	0 0 1
1986	0 0 1
1987	0 0 1
1988	0 1 0
1989	0 0 1
1990	0 0 1
1991	0 0 1
1992	0 1 0
1993	0 1 0
1994	0 1 0
1995	1 0 0
1996	0 1 0
1997	0 1 0
1998	1 0 0
1999	0 1 0
2000	0 0 1
2001	0 0 1
2002	1 0 0
2003	0 0 1
2004	1 0 0
2005	0 1 0
2006	0 0 1
2007	0 1 0
2008	1 0 0
2009	0 0 1
2010	0 0 1
2011	0 1 0
2012	0 1 0
2013	0 0 1
2014	0 0 1
2015	0 1 0
2016	1 0 0
2017	1 0 0
2018	1 0 0
2019	1 0 0
2020	1 0 0
2021	0 0 1
2022	1 0 0
2023	0 0 1
2024	1 0 0
2025	1 0 0
2026	1 0 0
2027	0 0 1
2028	1 0 0
2029	1 0 0
2030	0 0 1
2031	0 0 1
2032	0 1 0
2033	1 0 0
2034	1 0 0
2035	0 0 1
2036	0 0 1
2037	0 1 0
2038	0 0 1
2039	0 1 0
2040	0 0 1
2041	0 0 1
2042	1 0 0
2043	0 0 1
2044	1 0 0
2045	0 0 1
2046	0 1 0
2047	0 1 0
2048	1 0 0
2049	0 0 1
2050	0 1 0
2051	0 1 0
2052	0 1 0
2053	0 0 1
2054	0 1 0
2055	1 0 0
2056	1 0 0
2057	0 0 1
2058	0 0 1
2059	0 0 1
2060	0 0 1
2061	1 0 0
2062	0 0 1
2063	0 1 0
2064	1 0 0
2065	1 0 0
2066	0 1 0
2067	0 1 0
2068	1 0 0
2069	0 0 1
2070	0 1 0
2071	1 0 0
2072	1 0 0
2073	1 0 0
2074	1 0 0
2075	1 0 0
2076	0 1 0
2077	1 0 0
2078	0 1 0
2079	0 1 0
2080	0 1 0
2081	1 0 0
2082	1 0 0
2083	1 0 0
2084	1 0 0
2085	1 0 0
2086	1 0 0
2087	0 1 0
2088	0 1 0
2089	1 0 0
2090	0 1 0
2091	1 0 0
2092	1 0 0
2093	0 1 0
2094	0 1 0
2095	1 0 0
2096	0 0 1
2097	0 1 0
2098	0 0 1
2099	1 0 0
2100	0 0 1
2101	0 1 0
2102	0 0 1
2103	0 1 0
2104	1 0 0
2105	1 0 0
2106	0 1 0
2107	0 0 1
2108	1 0 0
2109	0 1 0
2110	0 0 1
2111	1 0 0
2112	0 1 0
2113	0 0 1
2114	1 0 0
2115	0 0 1
2116	0 0 1
2117	0 1 0
2118	0 1 0
2119	0 1 0
2120	0 0 1
2121	1 0 0
2122	0 0 1
2123	0 0 1
2124	1 0 0
2125	0 1 0
2126	0 1 0
2127	0 1 0
2128	0 0 1
2129	0 0 1
2130	0 0 1
2131	1 0 0
2132	0 1 0
2133	0 1 0
2134	0 0 1
2135	0 0 1
2136	0 0 1
2137	0 1 0
2138	0 0 1
2139	0 1 0
2140	0 1 0
2141	1 0 0
2142	0 1 0
2143	0 0 1
2144	0 0 1
2145	0 0 1
2146	0 1 0
2147	1 0 0
2148	0 0 1
2149	1 0 0
2150	0 0 1
2151	0 1 0
2152	1 0 0
2153	0 0 1
2154	0 1 0
2155	1 0 0
2156	1 0 0
2157	0 1 0
2158	0 0 1
2159	0 1 0
2160	0 1 0
2161	0 1 0
2162	1 0 0
2163	0 1 0
2164	1 0 0
2165	1 0 0
2166	0 1 0
2167	0 1 0
2168	0 0 1
2169	0 1 0
2170	0 1 0
2171	0 0 1
2172	0 1 0
2173	0 1 0
2174	1 0 0
2175	0 1 0
2176	0 0 1
2177	0 1 0
2178	0 0 1
2179	0 0 1
2180	0 0 1
2181	0 1 0
2182	0 1 0
2183	1 0 0
2184	1 0 0
2185	0 0 1
2186	0 0 1
2187	0 0 1
2188	0 1 0
2189	1 0 0
2190	1 0 0
2191	0 0 1
2192	0 1 0
2193	0 1 0
2194	0 1 0
2195	1 0 0
2196	0 1 0
2197	0 1 0
2198	0 0 1
2199	0 0 1
2200	0 1 0
2201	0 1 0
2202	0 0 1
2203	0 1 0
2204	0 0 1
2205	1 0 0
2206	0 1 0
2207	0 0 1
2208	0 0 1
2209	0 1 0
2210	0 1 0
2211	0 1 0
2212	0 0 1
2213	1 0 0
2214	1 0 0
2215	0 1 0
2216	0 1 0
2217	0 0 1
2218	1 0 0
2219	0 0 1
2220	1 0 0
2221	0 0 1
2222	0 1 0
2223	0 0 1
2224	1 0 0
2225	0 1 0
2226	1 0 0
2227	1 0 0
2228	0 0 1
2229	0 0 1
2230	0 1 0
2231	1 0 0
2232	0 1 0
2233	1 0 0
2234	0 0 1
2235	1 0 0
2236	0 0 1
2237	1 0 0
2238	1 0 0
2239	1 0 0
2240	1 0 0
2241	1 0 0
2242	0 0 1
2243	0 0 1
2244	1 0 0
2245	0 1 0
2246	1 0 0
2247	0 0 1
2248	0 1 0
2249	1 0 0
2250	0 0 1
2251	0 1 0
2252	1 0 0
2253	0 0 1
2254	0 0 1
2255	0 0 1
2256	0 1 0
2257	1 0 0
2258	0 1 0
2259	0 1 0
2260	0 1 0
2261	0 0 1
2262	0 0 1
2263	1 0 0
2264	1 0 0
2265	0 1 0
2266	0 1 0
2267	0 1 0
2268	0 0 1
2269	0 1 0
2270	0 1 0
2271	1 0 0
2272	0 1 0
2273	1 0 0
2274	0 1 0
2275	0 0 1
2276	0 1 0
2277	0 0 1
2278	1 0 0
2279	0 1 0
2280	0 1 0
2281	0 0 1
2282	1 0 0
2283	0 0 1
2284	1 0 0
2285	0 0 1
2286	1 0 0
2287	1 0 0
2288	1 0 0
2289	0 1 0
2290	1 0 0
2291	1 0 0
2292	0 0 1
2293	0 1 0
2294	0 0 1
2295	0 0 1
2296	0 0 1
2297	0 0 1
2298	0 1 0
2299	0 0 1
2300	0 1 0
2301	0 0 1
2302	0 0 1
2303	0 0 1
2304	0 0 1
2305	1 0 0
2306	0 0 1
2307	0 1 0
2308	1 0 0
2309	0 0 1
2310	0 0 1
2311	0 0 1
2312	1 0 0
2313	0 1 0
2314	1 0 0
2315	0 0 1
2316	0 0 1
2317	0 0 1
2318	0 1 0
2319	0 1 0
2320	1 0 0
2321	0 0 1
2322	0 0 1
2323	0 0 1
2324	1 0 0
2325	0 1 0
2326	0 1 0
2327	1 0 0
2328	1 0 0
2329	1 0 0
2330	0 0 1
2331	0 1 0
2332	0 0 1
2333	0 0 1
2334	1 0 0
2335	0 1 0
2336	1 0 0
2337	1 0 0
2338	1 0 0
2339	0 1 0
2340	0 1 0
2341	0 1 0
2342	1 0 0
2343	0 1 0
2344	0 0 1
2345	1 0 0
2346	1 0 0
2347	0 1 0
2348	0 0 1
2349	1 0 0
2350	1 0 0
2351	1 0 0
2352	0 1 0
2353	1 0 0
2354	0 1 0
2355	0 0 1
2356	0 1 0
2357	0 1 0
2358	0 0 1
2359	1 0 0
2360	1 0 0
2361	1 0 0
2362	0 0 1
2363	0 0 1
2364	0 1 0
2365	0 1 0
2366	0 1 0
2367	1 0 0
2368	1 0 0
2369	0 0 1
2370	0 1 0
2371	1 0 0
2372	0 0 1
2373	0 0 1
2374	1 0 0
2375	0 1 0
2376	1 0 0
2377	1 0 0
2378	1 0 0
2379	0 1 0
2380	0 1 0
2381	1 0 0
2382	0 0 1
2383	1 0 0
2384	0 1 0
2385	0 0 1
2386	0 0 1
2387	0 0 1
2388	0 1 0
2389	0 1 0
2390	0 0 1
2391	0 0 1
2392	0 0 1
2393	1 0 0
2394	0 1 0
2395	0 0 1
2396	0 1 0
2397	0 1 0
2398	0 1 0
2399	0 0 1
2400	0 1 0
2401	0 1 0
2402	0 1 0
2403	0 1 0
2404	1 0 0
2405	1 0 0
2406	0 0 1
2407	1 0 0
2408	0 1 0
2409	0 1 0
2410	0 1 0
2411	0 0 1
2412	1 0 0
2413	0 1 0
2414	1 0 0
2415	0 0 1
2416	0 1 0
2417	0 0 1
2418	1 0 0
2419	0 1 0
2420	1 0 0
2421	0 1 0
2422	1 0 0
2423	1 0 0
2424	0 1 0
2425	0 0 1
2426	0 1 0
2427	1 0 0
2428	0 1 0
2429	0 0 1
2430	0 1 0
2431	1 0 0
2432	0 1 0
2433	0 0 1
2434	0 0 1
2435	0 0 1
2436	0 1 0
2437	0 1 0
2438	0 1 0
2439	0 1 0
2440	0 0 1
2441	0 1 0
2442	0 0 1
2443	0 1 0
2444	0 0 1
2445	0 0 1
2446	0 0 1
2447	1 0 0
2448	1 0 0
2449	1 0 0
2450	0 0 1
2451	1 0 0
2452	0 1 0
2453	0 0 1
2454	0 1 0
2455	0 0 1
2456	0 0 1
2457	0 0 1
2458	1 0 0
2459	1 0 0
2460	1 0 0
2461	1 0 0
2462	0 0 1
2463	0 0 1
2464	0 1 0
2465	0 1 0
2466	0 1 0
2467	1 0 0
2468	1 0 0
2469	0 1 0
2470	1 0 0
2471	0 0 1
2472	0 0 1
2473	0 0 1
2474	1 0 0
2475	0 0 1
2476	0 0 1
2477	0 0 1
2478	1 0 0
2479	0 1 0
2480	0 0 1
2481	0 1 0
2482	0 0 1
2483	1 0 0
2484	0 1 0
2485	1 0 0
2486	0 1 0
2487	0 1 0
2488	0 0 1
2489	1 0 0
2490	0 0 1
2491	0 0 1
2492	1 0 0
2493	0 1 0
2494	0 1 0
2495	0 1 0
2496	0 1 0
2497	0 0 1
2498	0 0 1
2499	0 1 0
2500	0 1 0
2501	1 0 0
2502	0 0 1
2503	0 1 0
2504	0 0 1
2505	1 0 0
2506	0 0 1
2507	0 0 1
2508	0 0 1
2509	0 1 0
2510	0 0 1
2511	0 1 0
2512	1 0 0
2513	0 0 1
2514	1 0 0
2515	0 1 0
2516	0 1 0
2517	1 0 0
2518	0 1 0
2519	0 0 1
2520	0 1 0
2521	0 0 1
2522	0 1 0
2523	1 0 0
2524	0 0 1
2525	0 1 0
2526	0 0 1
2527	0 0 1
2528	0 1 0
2529	0 0 1
2530	0 1 0
2531	0 1 0
2532	0 0 1
2533	0 1 0
2534	0 1 0
2535	1 0 0
2536	0 1 0
2537	1 0 0
2538	0 0 1
2539	0 1 0
2540	0 1 0
2541	0 1 0
2542	1 0 0
2543	0 0 1
2544	0 1 0
2545	0 0 1
2546	1 0 0
2547	1 0 0
2548	0 0 1
2549	0 0 1
2550	0 0 1
2551	1 0 0
2552	1 0 0
2553	1 0 0
2554	0 0 1
2555	0 0 1
2556	0 1 0
2557	1 0 0
2558	1 0 0
2559	1 0 0
2560	0 1 0
2561	0 1 0
2562	1 0 0
2563	0 0 1
2564	1 0 0
2565	0 1 0
2566	0 1 0
2567	0 0 1
2568	0 1 0
2569	1 0 0
2570	0 1 0
2571	0 1 0
2572	1 0 0
2573	0 0 1
2574	0 1 0
2575	1 0 0
2576	0 1 0
2577	1 0 0
2578	1 0 0
2579	1 0 0
2580	0 0 1
2581	0 1 0
2582	0 0 1
2583	0 0 1
2584	0 1 0
2585	0 1 0
2586	1 0 0
2587	0 1 0
2588	1 0 0
2589	0 1 0
2590	0 0 1
2591	0 0 1
2592	1 0 0
2593	1 0 0
2594	1 0 0
2595	0 1 0
2596	1 0 0
2597	0 0 1
2598	1 0 0
2599	0 1 0
2600	0 1 0
2601	0 1 0
2602	1 0 0
2603	0 0 1
2604	1 0 0
2605	1 0 0
2606	0 1 0
2607	1 0 0
2608	0 1 0
2609	0 0 1
2610	1 0 0
2611	1 0 0
2612	1 0 0
2613	1 0 0
2614	1 0 0
2615	0 0 1
2616	1 0 0
2617	0 0 1
2618	0 0 1
2619	0 0 1
2620	0 0 1
2621	0 1 0
2622	0 1 0
2623	1 0 0
2624	0 1 0
2625	0 1 0
2626	1 0 0
2627	1 0 0
2628	0 0 1
2629	0 0 1
2630	0 1 0
2631	1 0 0
2632	0 0 1
2633	1 0 0
2634	0 0 1
2635	1 0 0
2636	0 0 1
2637	0 0 1
2638	1 0 0
2639	1 0 0
2640	0 1 0
2641	0 0 1
2642	0 0 1
2643	1 0 0
2644	0 0 1
2645	0 0 1
2646	0 1 0
2647	1 0 0
2648	1 0 0
2649	0 0 1
2650	0 1 0
2651	1 0 0
2652	1 0 0
2653	0 1 0
2654	0 0 1
2655	0 0 1
2656	0 0 1
2657	1 0 0
2658	0 1 0
2659	1 0 0
2660	1 0 0
2661	1 0 0
2662	0 0 1
2663	0 1 0
2664	0 1 0
2665	0 0 1
2666	0 0 1
2667	0 0 1
2668	0 0 1
2669	0 0 1
2670	0 1 0
2671	1 0 0
2672	0 0 1
2673	1 0 0
2674	1 0 0
2675	0 0 1
2676	1 0 0
2677	0 0 1
2678	1 0 0
2679	1 0 0
2680	0 0 1
2681	1 0 0
2682	1 0 0
2683	1 0 0
2684	0 0 1
2685	1 0 0
2686	0 0 1
2687	0 1 0
2688	0 0 1
2689	1 0 0
2690	0 1 0
2691	0 0 1
2692	0 0 1
2693	0 1 0
2694	1 0 0
2695	1 0 0
2696	0 0 1
2697	0 0 1
2698	0 0 1
2699	1 0 0
2700	1 0 0
2701	1 0 0
2702	0 1 0
2703	1 0 0
2704	1 0 0
2705	0 0 1
2706	0 1 0
2707	1 0 0
2708	0 1 0
2709	1 0 0
2710	0 0 1
2711	0 0 1
2712	0 0 1
2713	0 1 0
2714	1 0 0
2715	1 0 0
2716	0 0 1
2717	0 1 0
2718	1 0 0
2719	0 0 1
2720	0 1 0
2721	1 0 0
2722	0 0 1
2723	1 0 0
2724	1 0 0
2725	1 0 0
2726	0 1 0
2727	1 0 0
2728	1 0 0
2729	0 1 0
2730	1 0 0
2731	1 0 0
2732	0 0 1
2733	1 0 0
2734	1 0 0
2735	1 0 0
2736	0 1 0
2737	1 0 0
2738	1 0 0
2739	0 0 1
2740	0 0 1
2741	0 1 0
2742	0 1 0
2743	0 0 1
2744	0 1 0
2745	0 0 1
2746	1 0 0
2747	1 0 0
2748	0 0 1
2749	1 0 0
2750	0 1 0
2751	0 1 0
2752	1 0 0
2753	0 1 0
2754	1 0 0
2755	1 0 0
2756	1 0 0
2757	0 0 1
2758	0 1 0
2759	1 0 0
2760	1 0 0
2761	0 0 1
2762	0 1 0
2763	0 0 1
2764	0 1 0
2765	1 0 0
2766	1 0 0
2767	0 0 1
2768	0 0 1
2769	1 0 0
2770	1 0 0
2771	1 0 0
2772	1 0 0
2773	0 0 1
2774	0 0 1
2775	0 1 0
2776	0 1 0
2777	0 0 1
2778	1 0 0
2779	0 1 0
2780	0 1 0
2781	0 0 1
2782	0 1 0
2783	0 0 1
2784	0 0 1
2785	0 0 1
2786	0 1 0
2787	0 1 0
2788	1 0 0
2789	0 0 1
2790	1 0 0
2791	0 0 1
2792	0 1 0
2793	0 0 1
2794	0 0 1
2795	1 0 0
2796	0 0 1
2797	0 0 1
2798	0 1 0
2799	1 0 0
2800	0 0 1
2801	1 0 0
2802	0 1 0
2803	0 1 0
2804	0 1 0
2805	1 0 0
2806	1 0 0
2807	0 1 0
2808	0 0 1
2809	0 1 0
2810	0 1 0
2811	0 1 0
2812	0 1 0
2813	0 0 1
2814	0 0 1
2815	1 0 0
2816	1 0 0
2817	0 1 0
2818	0 0 1
2819	0 1 0
2820	1 0 0
2821	0 1 0
2822	1 0 0
2823	1 0 0
2824	0 1 0
2825	0 0 1
2826	1 0 0
2827	1 0 0
2828	0 0 1
2829	0 0 1
2830	0 1 0
2831	0 0 1
2832	0 1 0
2833	0 1 0
2834	1 0 0
2835	1 0 0
2836	1 0 0
2837	1 0 0
2838	0 1 0
2839	0 1 0
2840	0 0 1
2841	0 0 1
2842	0 1 0
2843	1 0 0
2844	1 0 0
2845	1 0 0
2846	1 0 0
2847	0 1 0
2848	1 0 0
2849	0 0 1
2850	0 1 0
2851	0 1 0
2852	0 0 1
2853	0 1 0
2854	0 1 0
2855	0 0 1
2856	1 0 0
2857	0 0 1
2858	0 0 1
2859	0 0 1
2860	1 0 0
2861	1 0 0
2862	0 0 1
2863	0 1 0
2864	0 1 0
2865	0 1 0
2866	0 1 0
2867	1 0 0
2868	1 0 0
2869	1 0 0
2870	1 0 0
2871	0 1 0
2872	0 1 0
2873	0 1 0
2874	0 1 0
2875	0 1 0
2876	0 0 1
2877	1 0 0
2878	1 0 0
2879	1 0 0
2880	0 0 1
2881	1 0 0
2882	0 1 0
2883	0 0 1
2884	0 1 0
2885	1 0 0
2886	0 1 0
2887	1 0 0
2888	0 1 0
2889	1 0 0
2890	0 0 1
2891	0 1 0
2892	0 1 0
2893	0 0 1
2894	0 0 1
2895	1 0 0
2896	0 0 1
2897	0 1 0
2898	0 0 1
2899	1 0 0
2900	1 0 0
2901	1 0 0
2902	0 1 0
2903	0 1 0
2904	1 0 0
2905	0 1 0
2906	1 0 0
2907	0 1 0
2908	1 0 0
2909	0 0 1
2910	0 1 0
2911	1 0 0
2912	0 0 1
2913	1 0 0
2914	1 0 0
2915	0 0 1
2916	0 1 0
2917	1 0 0
2918	1 0 0
2919	0 1 0
2920	0 0 1
2921	1 0 0
2922	0 1 0
2923	0 1 0
2924	0 1 0
2925	0 0 1
2926	1 0 0
2927	1 0 0
2928	1 0 0
2929	0 0 1
2930	0 1 0
2931	0 0 1
2932	1 0 0
2933	0 0 1
2934	1 0 0
2935	0 0 1
2936	0 0 1
2937	1 0 0
2938	1 0 0
2939	1 0 0
2940	0 0 1
2941	1 0 0
2942	0 1 0
2943	1 0 0
2944	0 1 0
2945	1 0 0
2946	0 1 0
2947	1 0 0
2948	1 0 0
2949	0 1 0
2950	1 0 0
2951	0 1 0
2952	1 0 0
2953	0 1 0
2954	1 0 0
2955	0 1 0
2956	0 0 1
2957	0 1 0
2958	1 0 0
2959	1 0 0
2960	0 0 1
2961	0 1 0
2962	0 0 1
2963	0 0 1
2964	0 0 1
2965	0 1 0
2966	1 0 0
2967	0 1 0
2968	0 0 1
2969	1 0 0
2970	0 0 1
2971	1 0 0
2972	0 1 0
2973	0 0 1
2974	0 0 1
2975	0 1 0
2976	0 0 1
2977	0 1 0
2978	1 0 0
2979	1 0 0
2980	0 0 1
2981	1 0 0
2982	0 0 1
2983	0 0 1
2984	0 0 1
2985	0 1 0
2986	0 0 1
2987	1 0 0
2988	1 0 0
2989	0 0 1
2990	0 0 1
2991	0 0 1
2992	1 0 0
2993	0 0 1
2994	0 0 1
2995	0 0 1
2996	1 0 0
2997	0 0 1
2998	0 0 1
2999	1 0 0
3000	0 0 1
3001	0 1 0
3002	0 0 1
3003	0 0 1
3004	0 1 0
3005	0 1 0
3006	1 0 0
3007	0 0 1
3008	0 0 1
3009	0 1 0
3010	1 0 0
3011	1 0 0
3012	1 0 0
3013	0 1 0
3014	1 0 0
3015	1 0 0
3016	1 0 0
3017	1 0 0
3018	0 0 1
3019	0 0 1
3020	1 0 0
3021	1 0 0
3022	0 1 0
3023	0 0 1
3024	0 1 0
3025	0 1 0
3026	1 0 0
3027	1 0 0
3028	1 0 0
3029	0 0 1
3030	0 1 0
3031	0 1 0
3032	1 0 0
3033	1 0 0
3034	1 0 0
3035	1 0 0
3036	1 0 0
3037	0 1 0
3038	1 0 0
3039	0 0 1
3040	1 0 0
3041	0 1 0
3042	0 0 1
3043	0 0 1
3044	1 0 0
3045	0 1 0
3046	0 0 1
3047	1 0 0
3048	1 0 0
3049	1 0 0
3050	1 0 0
3051	1 0 0
3052	1 0 0
3053	0 0 1
3054	0 0 1
3055	0 0 1
3056	1 0 0
3057	0 1 0
3058	0 1 0
3059	1 0 0
3060	0 1 0
3061	0 1 0
3062	1 0 0
3063	0 1 0
3064	1 0 0
3065	0 0 1
3066	1 0 0
3067	0 1 0
3068	0 0 1
3069	1 0 0
3070	0 1 0
3071	0 1 0
3072	0 0 1
3073	1 0 0
3074	1 0 0
3075	0 0 1
3076	0 0 1
3077	1 0 0
3078	0 0 1
3079	0 1 0
3080	0 0 1
3081	1 0 0
3082	0 1 0
3083	0 1 0
3084	0 0 1
3085	1 0 0
3086	0 1 0
3087	0 0 1
3088	0 0 1
3089	0 0 1
3090	1 0 0
3091	0 1 0
3092	0 1 0
3093	0 1 0
3094	0 1 0
3095	0 1 0
3096	1 0 0
3097	1 0 0
3098	0 1 0
3099	0 1 0
3100	0 1 0
3101	0 1 0
3102	0 0 1
3103	0 1 0
3104	0 1 0
3105	1 0 0
3106	0 0 1
3107	1 0 0
3108	0 1 0
3109	1 0 0
3110	0 1 0
3111	1 0 0
3112	1 0 0
3113	0 1 0
3114	1 0 0
3115	0 0 1
3116	1 0 0
3117	0 1 0
3118	0 1 0
3119	1 0 0
3120	0 1 0
3121	0 0 1
3122	0 0 1
3123	1 0 0
3124	0 1 0
3125	1 0 0
3126	0 0 1
3127	1 0 0
3128	1 0 0
3129	0 1 0
3130	1 0 0
3131	0 0 1
3132	0 1 0
3133	1 0 0
3134	0 0 1
3135	1 0 0
3136	0 0 1
3137	1 0 0
3138	0 0 1
3139	1 0 0
3140	1 0 0
3141	0 0 1
3142	0 0 1
3143	0 0 1
3144	0 1 0
3145	1 0 0
3146	0 1 0
3147	0 1 0
3148	0 0 1
3149	1 0 0
3150	0 0 1
3151	1 0 0
3152	0 0 1
3153	0 1 0
3154	0 0 1
3155	1 0 0
3156	1 0 0
3157	0 1 0
3158	1 0 0
3159	0 0 1
3160	1 0 0
3161	0 1 0
3162	0 0 1
3163	0 0 1
3164	1 0 0
3165	0 1 0
3166	0 0 1
3167	1 0 0
3168	0 0 1
3169	1 0 0
3170	0 0 1
3171	0 0 1
3172	0 0 1
3173	0 1 0
3174	0 1 0
3175	0 1 0
3176	0 1 0
3177	0 0 1
3178	0 1 0
3179	0 1 0
3180	0 0 1
3181	1 0 0
3182	0 0 1
3183	0 0 1
3184	0 1 0
3185	0 0 1
3186	1 0 0
3187	1 0 0
3188	1 0 0
3189	0 0 1
3190	0 0 1
3191	1 0 0
3192	1 0 0
3193	0 0 1
3194	0 1 0
3195	0 1 0
3196	0 0 1
3197	1 0 0
3198	0 1 0
3199	0 1 0
3200	0 1 0
3201	0 1 0
3202	1 0 0
3203	0 1 0
3204	0 0 1
3205	1 0 0
3206	1 0 0
3207	0 1 0
3208	1 0 0
3209	0 0 1
3210	0 1 0
3211	0 1 0
3212	1 0 0
3213	0 0 1
3214	1 0 0
3215	0 1 0
3216	0 1 0
3217	0 1 0
3218	0 0 1
3219	0 0 1
3220	0 1 0
3221	0 0 1
3222	1 0 0
3223	1 0 0
3224	0 0 1
3225	0 1 0
3226	0 0 1
3227	0 0 1
3228	1 0 0
3229	1 0 0
3230	0 0 1
3231	0 1 0
3232	0 0 1
3233	0 1 0
3234	0 1 0
3235	1 0 0
3236	1 0 0
3237	1 0 0
3238	0 1 0
3239	0 0 1
3240	0 0 1
3241	0 1 0
3242	1 0 0
3243	1 0 0
3244	0 1 0
3245	0 0 1
3246	0 0 1
3247	0 0 1
3248	1 0 0
3249	1 0 0
3250	0 0 1
3251	0 0 1
3252	0 1 0
3253	0 0 1
3254	0 0 1
3255	0 1 0
3256	1 0 0
3257	1 0 0
3258	0 1 0
3259	0 0 1
3260	0 1 0
3261	0 0 1
3262	0 0 1
3263	0 0 1
3264	0 0 1
3265	0 0 1
3266	1 0 0
3267	0 1 0
3268	0 1 0
3269	1 0 0
3270	0 1 0
3271	0 0 1
3272	1 0 0
3273	0 1 0
3274	0 0 1
3275	1 0 0
3276	1 0 0
3277	0 1 0
3278	0 0 1
3279	1 0 0
3280	0 0 1
3281	0 0 1
3282	0 0 1
3283	1 0 0
3284	0 1 0
3285	0 0 1
3286	1 0 0
3287	0 1 0
3288	1 0 0
3289	0 1 0
3290	0 0 1
3291	0 1 0
3292	1 0 0
3293	0 1 0
3294	1 0 0
3295	1 0 0
3296	0 1 0
3297	1 0 0
3298	0 0 1
3299	0 1 0
3300	1 0 0
3301	0 1 0
3302	0 1 0
3303	0 1 0
3304	0 0 1
3305	0 1 0
3306	0 1 0
3307	0 1 0
3308	0 0 1
3309	1 0 0
3310	0 0 1
3311	1 0 0
3312	0 0 1
3313	1 0 0
3314	0 1 0
3315	0 0 1
3316	1 0 0
3317	0 1 0
3318	0 0 1
3319	0 1 0
3320	0 1 0
3321	0 1 0
3322	0 1 0
3323	0 1 0
3324	0 1 0
3325	0 1 0
3326	0 1 0
3327	0 0 1
3328	0 0 1
3329	0 1 0
3330	1 0 0
3331	0 1 0
3332	0 1 0
3333	0 1 0
3334	0 0 1
3335	0 1 0
3336	0 1 0
3337	0 1 0
3338	0 0 1
3339	0 1 0
3340	0 1 0
3341	0 1 0
3342	1 0 0
3343	1 0 0
3344	1 0 0
3345	0 1 0
3346	1 0 0
3347	1 0 0
3348	1 0 0
3349	1 0 0
3350	0 1 0
3351	1 0 0
3352	0 0 1
3353	0 0 1
3354	0 0 1
3355	0 0 1
3356	0 0 1
3357	0 0 1
3358	1 0 0
3359	1 0 0
3360	1 0 0
3361	1 0 0
3362	0 1 0
3363	1 0 0
3364	0 1 0
3365	0 0 1
3366	1 0 0
3367	0 0 1
3368	0 0 1
3369	1 0 0
3370	0 1 0
3371	0 1 0
3372	0 1 0
3373	0 0 1
3374	0 1 0
3375	1 0 0
3376	0 1 0
3377	0 1 0
3378	0 1 0
3379	0 0 1
3380	0 0 1
3381	0 1 0
3382	0 0 1
3383	1 0 0
3384	0 1 0
3385	0 0 1
3386	0 0 1
3387	0 0 1
3388	1 0 0
3389	1 0 0
3390	1 0 0
3391	1 0 0
3392	1 0 0
3393	0 1 0
3394	0 1 0
3395	0 1 0
3396	1 0 0
3397	0 0 1
3398	1 0 0
3399	0 0 1
3400	0 1 0
3401	0 0 1
3402	0 1 0
3403	0 1 0
3404	0 0 1
3405	0 1 0
3406	0 1 0
3407	0 0 1
3408	1 0 0
3409	0 0 1
3410	1 0 0
3411	0 0 1
3412	0 1 0
3413	0 1 0
3414	0 0 1
3415	0 1 0
3416	0 0 1
3417	0 0 1
3418	1 0 0
3419	0 0 1
3420	0 0 1
3421	0 1 0
3422	0 1 0
3423	0 0 1
3424	1 0 0
3425	0 0 1
3426	0 1 0
3427	1 0 0
3428	0 1 0
3429	0 1 0
3430	0 1 0
3431	0 1 0
3432	1 0 0
3433	0 0 1
3434	1 0 0
3435	1 0 0
3436	0 1 0
3437	1 0 0
3438	0 1 0
3439	0 1 0
3440	0 0 1
3441	1 0 0
3442	1 0 0
3443	0 0 1
3444	0 1 0
3445	0 1 0
3446	1 0 0
3447	0 1 0
3448	0 0 1
3449	1 0 0
3450	0 1 0
3451	0 0 1
3452	1 0 0
3453	0 1 0
3454	0 0 1
3455	0 0 1
3456	0 0 1
3457	0 0 1
3458	0 1 0
3459	0 0 1
3460	0 0 1
3461	0 1 0
3462	0 0 1
3463	0 1 0
3464	1 0 0
3465	1 0 0
3466	0 0 1
3467	0 0 1
3468	1 0 0
3469	1 0 0
3470	1 0 0
3471	1 0 0
3472	0 1 0
3473	1 0 0
3474	0 0 1
3475	0 1 0
3476	0 1 0
3477	0 0 1
3478	0 0 1
3479	0 1 0
3480	0 0 1
3481	0 0 1
3482	1 0 0
3483	0 1 0
3484	0 0 1
3485	1 0 0
3486	1 0 0
3487	0 0 1
3488	0 1 0
3489	0 1 0
3490	0 1 0
3491	0 1 0
3492	0 1 0
3493	0 1 0
3494	0 0 1
3495	0 0 1
3496	1 0 0
3497	1 0 0
3498	0 1 0
3499	0 0 1
3500	1 0 0
3501	0 1 0
3502	0 0 1
3503	0 1 0
3504	0 1 0
3505	1 0 0
3506	1 0 0
3507	1 0 0
3508	1 0 0
3509	0 0 1
3510	0 0 1
3511	0 0 1
3512	1 0 0
3513	0 1 0
3514	0 1 0
3515	1 0 0
3516	0 0 1
3517	0 1 0
3518	0 1 0
3519	0 1 0
3520	0 1 0
3521	0 1 0
3522	0 0 1
3523	0 1 0
3524	0 0 1
3525	1 0 0
3526	0 0 1
3527	0 1 0
3528	0 0 1
3529	0 0 1
3530	1 0 0
3531	0 1 0
3532	0 1 0
3533	1 0 0
3534	0 0 1
3535	0 1 0
3536	0 1 0
3537	1 0 0
3538	0 0 1
3539	1 0 0
3540	0 1 0
3541	1 0 0
3542	0 0 1
3543	0 0 1
3544	1 0 0
3545	1 0 0
3546	0 0 1
3547	1 0 0
3548	0 0 1
3549	1 0 0
3550	0 0 1
3551	0 0 1
3552	0 1 0
3553	1 0 0
3554	1 0 0
3555	1 0 0
3556	0 1 0
3557	0 1 0
3558	0 0 1
3559	0 1 0
3560	1 0 0
3561	0 1 0
3562	0 1 0
3563	0 0 1
3564	0 0 1
3565	0 1 0
3566	0 1 0
3567	1 0 0
3568	0 0 1
3569	0 1 0
3570	0 0 1
3571	1 0 0
3572	0 0 1
3573	0 0 1
3574	0 1 0
3575	0 0 1
3576	0 1 0
3577	1 0 0
3578	0 0 1
3579	1 0 0
3580	0 0 1
3581	0 1 0
3582	0 1 0
3583	1 0 0
3584	0 1 0
3585	1 0 0
3586	0 1 0
3587	0 0 1
3588	0 0 1
3589	0 1 0
3590	1 0 0
3591	0 0 1
3592	0 1 0
3593	0 0 1
3594	0 1 0
3595	1 0 0
3596	0 0 1
3597	0 0 1
3598	0 1 0
3599	0 1 0
3600	0 1 0
3601	0 1 0
3602	0 0 1
3603	0 1 0
3604	1 0 0
3605	0 0 1
3606	1 0 0
3607	0 0 1
3608	0 1 0
3609	0 1 0
3610	1 0 0
3611	1 0 0
3612	1 0 0
3613	0 1 0
3614	0 0 1
3615	0 1 0
3616	0 1 0
3617	0 1 0
3618	0 0 1
3619	0 1 0
3620	0 1 0
3621	1 0 0
3622	1 0 0
3623	0 1 0
3624	1 0 0
3625	1 0 0
3626	0 0 1
3627	0 1 0
3628	1 0 0
3629	1 0 0
3630	0 1 0
3631	0 0 1
3632	0 0 1
3633	1 0 0
3634	0 1 0
3635	0 1 0
3636	1 0 0
3637	0 1 0
3638	1 0 0
3639	0 1 0
3640	0 1 0
3641	0 1 0
3642	0 0 1
3643	1 0 0
3644	1 0 0
3645	0 1 0
3646	0 1 0
3647	1 0 0
3648	0 0 1
3649	0 1 0
3650	1 0 0
3651	0 0 1
3652	0 1 0
3653	1 0 0
3654	0 1 0
3655	0 0 1
3656	0 1 0
3657	0 1 0
3658	0 1 0
3659	1 0 0
3660	0 1 0
3661	1 0 0
3662	1 0 0
3663	0 1 0
3664	0 1 0
3665	0 0 1
3666	0 1 0
3667	0 0 1
3668	1 0 0
3669	0 1 0
3670	0 1 0
3671	0 0 1
3672	0 0 1
3673	0 0 1
3674	0 1 0
3675	0 0 1
3676	0 0 1
3677	1 0 0
3678	1 0 0
3679	0 1 0
3680	0 1 0
3681	0 0 1
3682	1 0 0
3683	1 0 0
3684	0 0 1
3685	1 0 0
3686	0 0 1
3687	0 0 1
3688	1 0 0
3689	0 0 1
3690	0 1 0
3691	0 0 1
3692	0 1 0
3693	0 0 1
3694	1 0 0
3695	0 0 1
3696	0 0 1
3697	1 0 0
3698	0 1 0
3699	0 1 0
3700	1 0 0
3701	0 0 1
3702	0 1 0
3703	0 0 1
3704	0 1 0
3705	0 0 1
3706	0 1 0
3707	0 1 0
3708	0 1 0
3709	0 1 0
3710	0 1 0
3711	1 0 0
3712	0 0 1
3713	1 0 0
3714	0 1 0
3715	1 0 0
3716	0 1 0
3717	1 0 0
3718	0 0 1
3719	1 0 0
3720	1 0 0
3721	0 0 1
3722	1 0 0
3723	0 1 0
3724	0 0 1
3725	0 0 1
3726	1 0 0
3727	1 0 0
3728	0 1 0
3729	1 0 0
3730	0 1 0
3731	1 0 0
3732	0 0 1
3733	0 0 1
3734	1 0 0
3735	0 0 1
3736	1 0 0
3737	0 0 1
3738	0 0 1
3739	0 0 1
3740	1 0 0
3741	0 0 1
3742	0 1 0
3743	0 0 1
3744	1 0 0
3745	1 0 0
3746	0 0 1
3747	1 0 0
3748	0 0 1
3749	1 0 0
3750	1 0 0
3751	0 0 1
3752	0 0 1
3753	0 1 0
3754	0 0 1
3755	1 0 0
3756	0 0 1
3757	1 0 0
3758	0 1 0
3759	0 0 1
3760	0 0 1
3761	1 0 0
3762	0 0 1
3763	0 0 1
3764	1 0 0
3765	0 1 0
3766	1 0 0
3767	0 0 1
3768	0 1 0
3769	0 1 0
3770	1 0 0
3771	1 0 0
3772	1 0 0
3773	0 0 1
3774	0 0 1
3775	0 1 0
3776	0 1 0
3777	0 1 0
3778	0 0 1
3779	0 1 0
3780	0 0 1
3781	1 0 0
3782	1 0 0
3783	1 0 0
3784	0 0 1
3785	0 0 1
3786	0 0 1
3787	1 0 0
3788	0 1 0
3789	0 0 1
3790	0 0 1
3791	0 0 1
3792	1 0 0
3793	0 1 0
3794	0 1 0
3795	0 0 1
3796	0 1 0
3797	0 1 0
3798	0 0 1
3799	0 0 1
3800	0 1 0
3801	0 0 1
3802	1 0 0
3803	0 1 0
3804	0 1 0
3805	0 1 0
3806	1 0 0
3807	0 0 1
3808	1 0 0
3809	1 0 0
3810	1 0 0
3811	1 0 0
3812	0 0 1
3813	1 0 0
3814	0 1 0
3815	1 0 0
3816	0 1 0
3817	0 0 1
3818	0 0 1
3819	1 0 0
3820	0 0 1
3821	0 1 0
3822	1 0 0
3823	0 1 0
3824	0 0 1
3825	1 0 0
3826	0 1 0
3827	1 0 0
3828	1 0 0
3829	0 0 1
3830	0 1 0
3831	0 1 0
3832	0 1 0
3833	0 0 1
3834	1 0 0
3835	0 1 0
3836	1 0 0
3837	0 1 0
3838	1 0 0
3839	1 0 0
3840	0 0 1
3841	0 0 1
3842	0 1 0
3843	0 1 0
3844	1 0 0
3845	0 0 1
3846	0 0 1
3847	0 1 0
3848	0 0 1
3849	0 0 1
3850	1 0 0
3851	1 0 0
3852	0 0 1
3853	1 0 0
3854	1 0 0
3855	0 0 1
3856	0 0 1
3857	1 0 0
3858	0 1 0
3859	0 0 1
3860	0 1 0
3861	1 0 0
3862	0 0 1
3863	0 0 1
3864	1 0 0
3865	1 0 0
3866	1 0 0
3867	1 0 0
3868	0 0 1
3869	0 1 0
3870	0 0 1
3871	0 1 0
3872	1 0 0
3873	0 1 0
3874	1 0 0
3875	1 0 0
3876	0 1 0
3877	1 0 0
3878	0 0 1
3879	0 1 0
3880	0 1 0
3881	0 1 0
3882	0 1 0
3883	1 0 0
3884	1 0 0
3885	1 0 0
3886	1 0 0
3887	1 0 0
3888	0 0 1
3889	0 0 1
3890	1 0 0
3891	0 0 1
3892	0 0 1
3893	0 1 0
3894	0 0 1
3895	0 1 0
3896	1 0 0
3897	0 0 1
3898	0 0 1
3899	1 0 0
3900	0 1 0
3901	0 0 1
3902	0 0 1
3903	0 1 0
3904	1 0 0
3905	0 0 1
3906	0 0 1
3907	0 0 1
3908	0 1 0
3909	0 0 1
3910	0 0 1
3911	0 1 0
3912	1 0 0
3913	0 0 1
3914	1 0 0
3915	0 1 0
3916	0 0 1
3917	1 0 0
3918	0 1 0
3919	1 0 0
3920	0 1 0
3921	0 0 1
3922	0 1 0
3923	0 0 1
3924	1 0 0
3925	0 1 0
3926	1 0 0
3927	1 0 0
3928	0 0 1
3929	1 0 0
3930	0 1 0
3931	1 0 0
3932	0 1 0
3933	1 0 0
3934	1 0 0
3935	0 1 0
3936	0 0 1
3937	0 1 0
3938	0 1 0
3939	0 0 1
3940	1 0 0
3941	1 0 0
3942	1 0 0
3943	0 0 1
3944	1 0 0
3945	1 0 0
3946	0 0 1
3947	0 0 1
3948	1 0 0
3949	1 0 0
3950	0 0 1
3951	0 1 0
3952	0 0 1
3953	0 1 0
3954	0 0 1
3955	0 0 1
3956	0 0 1
3957	1 0 0
3958	0 1 0
3959	0 0 1
3960	1 0 0
3961	0 0 1
3962	1 0 0
3963	0 1 0
3964	1 0 0
3965	0 1 0
3966	0 1 0
3967	0 1 0
3968	1 0 0
3969	0 1 0
3970	0 1 0
3971	0 0 1
3972	0 0 1
3973	0 1 0
3974	1 0 0
3975	1 0 0
3976	1 0 0
3977	1 0 0
3978	1 0 0
3979	1 0 0
3980	1 0 0
3981	1 0 0
3982	0 0 1
3983	0 1 0
3984	0 1 0
3985	1 0 0
3986	0 0 1
3987	0 1 0
3988	1 0 0
3989	1 0 0
3990	0 0 1
3991	1 0 0
3992	1 0 0
3993	1 0 0
3994	0 0 1
3995	0 1 0
3996	0 0 1
3997	0 0 1
3998	0 0 1
3999	1 0 0
4000	0 0 1
4001	1 0 0
4002	0 0 1
4003	1 0 0
4004	0 0 1
4005	1 0 0
4006	0 1 0
4007	0 1 0
4008	0 1 0
4009	1 0 0
4010	0 0 1
4011	0 0 1
4012	0 1 0
4013	1 0 0
4014	1 0 0
4015	1 0 0
4016	0 1 0
4017	1 0 0
4018	0 0 1
4019	0 1 0
4020	0 1 0
4021	0 1 0
4022	0 0 1
4023	1 0 0
4024	0 0 1
4025	1 0 0
4026	0 1 0
4027	0 0 1
4028	0 1 0
4029	0 0 1
4030	1 0 0
4031	0 1 0
4032	0 1 0
4033	0 0 1
4034	0 0 1
4035	0 1 0
4036	0 0 1
4037	0 1 0
4038	0 0 1
4039	0 1 0
4040	0 1 0
4041	0 0 1
4042	1 0 0
4043	0 0 1
4044	0 1 0
4045	0 0 1
4046	0 1 0
4047	1 0 0
4048	1 0 0
4049	1 0 0
4050	1 0 0
4051	1 0 0
4052	1 0 0
4053	1 0 0
4054	0 0 1
4055	0 1 0
4056	0 1 0
4057	1 0 0
4058	1 0 0
4059	1 0 0
4060	0 1 0
4061	0 1 0
4062	0 1 0
4063	0 1 0
4064	0 0 1
4065	1 0 0
4066	0 1 0
4067	1 0 0
4068	0 1 0
4069	0 1 0
4070	1 0 0
4071	0 1 0
4072	1 0 0
4073	1 0 0
4074	0 1 0
4075	1 0 0
4076	0 0 1
4077	0 1 0
4078	0 1 0
4079	1 0 0
4080	0 1 0
4081	0 1 0
4082	0 0 1
4083	0 0 1
4084	0 1 0
4085	0 0 1
4086	1 0 0
4087	1 0 0
4088	0 1 0
4089	1 0 0
4090	1 0 0
4091	1 0 0
4092	0 0 1
4093	0 1 0
4094	0 0 1
4095	1 0 0
4096	1 0 0
4097	0 0 1
4098	0 1 0
4099	0 0 1
4100	1 0 0
4101	0 1 0
4102	0 0 1
4103	1 0 0
4104	0 1 0
4105	1 0 0
4106	0 1 0
4107	0 0 1
4108	1 0 0
4109	1 0 0
4110	0 1 0
4111	0 0 1
4112	1 0 0
4113	1 0 0
4114	0 0 1
4115	0 1 0
4116	0 0 1
4117	0 0 1
4118	0 1 0
4119	1 0 0
4120	0 1 0
4121	0 0 1
4122	0 1 0
4123	0 1 0
4124	0 1 0
4125	1 0 0
4126	0 1 0
4127	1 0 0
4128	0 0 1
4129	0 0 1
4130	1 0 0
4131	1 0 0
4132	0 0 1
4133	0 1 0
4134	0 1 0
4135	0 1 0
4136	0 1 0
4137	0 0 1
4138	0 1 0
4139	0 1 0
4140	0 1 0
4141	1 0 0
4142	1 0 0
4143	0 0 1
4144	0 0 1
4145	0 1 0
4146	1 0 0
4147	0 1 0
4148	0 1 0
4149	0 1 0
4150	0 1 0
4151	0 0 1
4152	0 1 0
4153	1 0 0
4154	1 0 0
4155	0 0 1
4156	1 0 0
4157	0 1 0
4158	0 0 1
4159	0 0 1
4160	1 0 0
4161	0 1 0
4162	0 0 1
4163	0 0 1
4164	1 0 0
4165	0 1 0
4166	1 0 0
4167	0 0 1
4168	1 0 0
4169	0 1 0
4170	1 0 0
4171	0 0 1
4172	0 0 1
4173	1 0 0
4174	1 0 0
4175	0 0 1
4176	0 1 0
4177	1 0 0
4178	1 0 0
4179	1 0 0
4180	0 1 0
4181	0 0 1
4182	0 1 0
4183	0 0 1
4184	1 0 0
4185	0 0 1
4186	0 1 0
4187	0 1 0
4188	0 0 1
4189	1 0 0
4190	0 1 0
4191	0 0 1
4192	0 1 0
4193	1 0 0
4194	1 0 0
4195	0 0 1
4196	0 1 0
4197	0 0 1
4198	1 0 0
4199	0 1 0
4200	0 1 0
4201	0 1 0
4202	1 0 0
4203	1 0 0
4204	0 0 1
4205	0 1 0
4206	0 1 0
4207	1 0 0
4208	0 1 0
4209	0 1 0
4210	1 0 0
4211	0 0 1
4212	1 0 0
4213	0 1 0
4214	0 1 0
4215	0 1 0
4216	1 0 0
4217	1 0 0
4218	1 0 0
4219	0 0 1
4220	0 1 0
4221	0 1 0
4222	0 1 0
4223	0 1 0
4224	1 0 0
4225	0 0 1
4226	1 0 0
4227	1 0 0
4228	0 0 1
4229	0 0 1
4230	0 0 1
4231	1 0 0
4232	1 0 0
4233	1 0 0
4234	0 1 0
4235	0 0 1
4236	0 1 0
4237	1 0 0
4238	0 1 0
4239	0 1 0
4240	0 0 1
4241	0 0 1
4242	0 1 0
4243	1 0 0
4244	1 0 0
4245	1 0 0
4246	0 1 0
4247	1 0 0
4248	1 0 0
4249	0 0 1
4250	1 0 0
4251	1 0 0
4252	0 0 1
4253	0 1 0
4254	0 1 0
4255	0 1 0
4256	0 1 0
4257	0 0 1
4258	0 0 1
4259	0 1 0
4260	1 0 0
4261	0 1 0
4262	0 0 1
4263	0 0 1
4264	0 1 0
4265	1 0 0
4266	1 0 0
4267	0 1 0
4268	0 0 1
4269	0 0 1
4270	0 1 0
4271	1 0 0
4272	1 0 0
4273	0 1 0
4274	0 0 1
4275	1 0 0
4276	0 0 1
4277	1 0 0
4278	0 1 0
4279	1 0 0
4280	0 0 1
4281	0 0 1
4282	1 0 0
4283	0 0 1
4284	0 0 1
4285	1 0 0
4286	1 0 0
4287	0 1 0
4288	1 0 0
4289	0 1 0
4290	1 0 0
4291	0 0 1
4292	0 0 1
4293	1 0 0
4294	1 0 0
4295	1 0 0
4296	0 0 1
4297	0 0 1
4298	0 1 0
4299	0 0 1
4300	0 1 0
4301	0 1 0
4302	0 1 0
4303	0 0 1
4304	1 0 0
4305	1 0 0
4306	0 0 1
4307	0 1 0
4308	1 0 0
4309	1 0 0
4310	0 0 1
4311	0 0 1
4312	0 1 0
4313	1 0 0
4314	1 0 0
4315	0 0 1
4316	0 0 1
4317	1 0 0
4318	0 0 1
4319	0 1 0
4320	1 0 0
4321	0 1 0
4322	1 0 0
4323	0 0 1
4324	0 1 0
4325	0 1 0
4326	0 1 0
4327	1 0 0
4328	0 0 1
4329	1 0 0
4330	0 1 0
4331	0 0 1
4332	1 0 0
4333	1 0 0
4334	0 1 0
4335	0 0 1
4336	0 1 0
4337	0 0 1
4338	0 0 1
4339	1 0 0
4340	0 0 1
4341	0 0 1
4342	0 1 0
4343	0 1 0
4344	1 0 0
4345	0 0 1
4346	0 1 0
4347	0 0 1
4348	0 1 0
4349	0 0 1
4350	0 0 1
4351	1 0 0
4352	0 1 0
4353	1 0 0
4354	0 0 1
4355	1 0 0
4356	0 1 0
4357	0 1 0
4358	0 0 1
4359	0 0 1
4360	1 0 0
4361	0 0 1
4362	0 1 0
4363	0 0 1
4364	0 1 0
4365	0 0 1
4366	0 1 0
4367	0 0 1
4368	0 0 1
4369	1 0 0
4370	0 0 1
4371	0 1 0
4372	0 0 1
4373	0 0 1
4374	1 0 0
4375	1 0 0
4376	1 0 0
4377	1 0 0
4378	1 0 0
4379	0 0 1
4380	0 0 1
4381	0 0 1
4382	0 0 1
4383	0 0 1
4384	0 0 1
4385	1 0 0
4386	1 0 0
4387	0 1 0
4388	1 0 0
4389	0 0 1
4390	0 1 0
4391	0 0 1
4392	0 1 0
4393	1 0 0
4394	1 0 0
4395	0 1 0
4396	0 0 1
4397	1 0 0
4398	1 0 0
4399	0 1 0
4400	0 1 0
4401	0 0 1
4402	0 1 0
4403	0 0 1
4404	0 1 0
4405	1 0 0
4406	0 0 1
4407	0 1 0
4408	1 0 0
4409	1 0 0
4410	1 0 0
4411	0 1 0
4412	0 0 1
4413	0 1 0
4414	0 1 0
4415	0 1 0
4416	0 0 1
4417	1 0 0
4418	1 0 0
4419	0 1 0
4420	0 0 1
4421	0 1 0
4422	0 1 0
4423	1 0 0
4424	0 1 0
4425	1 0 0
4426	0 1 0
4427	1 0 0
4428	0 0 1
4429	1 0 0
4430	1 0 0
4431	0 1 0
4432	0 0 1
4433	1 0 0
4434	1 0 0
4435	0 1 0
4436	1 0 0
4437	0 1 0
4438	1 0 0
4439	0 0 1
4440	1 0 0
4441	0 1 0
4442	0 0 1
4443	1 0 0
4444	0 0 1
4445	1 0 0
4446	1 0 0
4447	0 0 1
4448	0 0 1
4449	0 1 0
4450	1 0 0
4451	0 1 0
4452	0 0 1
4453	0 1 0
4454	0 0 1
4455	0 1 0
4456	1 0 0
4457	0 0 1
4458	0 0 1
4459	0 1 0
4460	0 0 1
4461	0 0 1
4462	0 1 0
4463	1 0 0
4464	1 0 0
4465	0 0 1
4466	1 0 0
4467	0 0 1
4468	0 1 0
4469	0 0 1
4470	0 0 1
4471	0 1 0
4472	0 0 1
4473	0 0 1
4474	0 0 1
4475	0 1 0
4476	1 0 0
4477	0 0 1
4478	1 0 0
4479	0 0 1
4480	0 1 0
4481	0 1 0
4482	1 0 0
4483	0 1 0
4484	1 0 0
4485	1 0 0
4486	1 0 0
4487	1 0 0
4488	1 0 0
4489	0 1 0
4490	0 1 0
4491	0 0 1
4492	1 0 0
4493	0 1 0
4494	0 1 0
4495	1 0 0
4496	1 0 0
4497	0 0 1
4498	1 0 0
4499	0 1 0
4500	1 0 0
4501	0 0 1
4502	1 0 0
4503	1 0 0
4504	1 0 0
4505	1 0 0
4506	0 0 1
4507	0 1 0
4508	1 0 0
4509	1 0 0
4510	0 0 1
4511	0 1 0
4512	0 0 1
4513	0 0 1
4514	0 1 0
4515	0 1 0
4516	0 1 0
4517	1 0 0
4518	0 1 0
4519	0 0 1
4520	0 0 1
4521	1 0 0
4522	0 1 0
4523	0 1 0
4524	1 0 0
4525	0 1 0
4526	1 0 0
4527	0 0 1
4528	0 1 0
4529	0 0 1
4530	0 1 0
4531	0 0 1
4532	0 1 0
4533	0 0 1
4534	0 1 0
4535	0 1 0
4536	1 0 0
4537	0 1 0
4538	0 0 1
4539	0 1 0
4540	0 1 0
4541	0 0 1
4542	0 1 0
4543	1 0 0
4544	0 0 1
4545	1 0 0
4546	0 0 1
4547	1 0 0
4548	0 0 1
4549	0 1 0
4550	1 0 0
4551	1 0 0
4552	0 1 0
4553	1 0 0
4554	0 0 1
4555	0 0 1
4556	1 0 0
4557	0 0 1
4558	1 0 0
4559	0 0 1
4560	0 0 1
4561	0 1 0
4562	0 1 0
4563	0 1 0
4564	0 0 1
4565	0 1 0
4566	0 0 1
4567	0 1 0
4568	0 1 0
4569	1 0 0
4570	0 1 0
4571	0 1 0
4572	0 1 0
4573	1 0 0
4574	1 0 0
4575	0 0 1
4576	1 0 0
4577	1 0 0
4578	1 0 0
4579	0 0 1
4580	1 0 0
4581	0 1 0
4582	0 0 1
4583	0 0 1
4584	0 0 1
4585	1 0 0
4586	1 0 0
4587	1 0 0
4588	0 0 1
4589	1 0 0
4590	1 0 0
4591	0 0 1
4592	0 1 0
4593	0 1 0
4594	1 0 0
4595	0 0 1
4596	1 0 0
4597	1 0 0
4598	1 0 0
4599	0 1 0
4600	1 0 0
4601	0 1 0
4602	0 0 1
4603	1 0 0
4604	0 1 0
4605	0 1 0
4606	0 0 1
4607	0 1 0
4608	1 0 0
4609	0 0 1
4610	0 0 1
4611	0 1 0
4612	0 1 0
4613	1 0 0
4614	0 0 1
4615	0 0 1
4616	0 1 0
4617	0 1 0
4618	1 0 0
4619	0 1 0
4620	0 1 0
4621	0 0 1
4622	1 0 0
4623	0 0 1
4624	0 0 1
4625	0 1 0
4626	0 1 0
4627	0 0 1
4628	1 0 0
4629	0 1 0
4630	0 1 0
4631	0 0 1
4632	0 0 1
4633	0 0 1
4634	1 0 0
4635	0 0 1
4636	0 0 1
4637	1 0 0
4638	0 1 0
4639	0 1 0
4640	0 1 0
4641	0 0 1
4642	0 1 0
4643	1 0 0
4644	1 0 0
4645	1 0 0
4646	0 0 1
4647	0 1 0
4648	1 0 0
4649	1 0 0
4650	0 0 1
4651	0 0 1
4652	1 0 0
4653	0 1 0
4654	1 0 0
4655	1 0 0
4656	0 1 0
4657	0 1 0
4658	0 0 1
4659	1 0 0
4660	0 0 1
4661	1 0 0
4662	1 0 0
4663	0 1 0
4664	1 0 0
4665	1 0 0
4666	1 0 0
4667	0 0 1
4668	0 0 1
4669	0 0 1
4670	1 0 0
4671	0 1 0
4672	1 0 0
4673	0 0 1
4674	0 1 0
4675	1 0 0
4676	0 0 1
4677	0 1 0
4678	0 0 1
4679	1 0 0
4680	1 0 0
4681	1 0 0
4682	0 0 1
4683	0 0 1
4684	0 0 1
4685	1 0 0
4686	0 0 1
4687	0 1 0
4688	1 0 0
4689	0 1 0
4690	0 0 1
4691	0 1 0
4692	1 0 0
4693	0 1 0
4694	0 1 0
4695	1 0 0
4696	0 1 0
4697	1 0 0
4698	0 0 1
4699	0 0 1
4700	1 0 0
4701	0 1 0
4702	1 0 0
4703	0 0 1
4704	0 1 0
4705	1 0 0
4706	0 0 1
4707	0 0 1
4708	0 0 1
4709	0 1 0
4710	0 1 0
4711	1 0 0
4712	1 0 0
4713	0 1 0
4714	0 0 1
4715	0 1 0
4716	1 0 0
4717	1 0 0
4718	0 0 1
4719	0 0 1
4720	1 0 0
4721	1 0 0
4722	0 1 0
4723	1 0 0
4724	1 0 0
4725	1 0 0
4726	0 0 1
4727	0 0 1
4728	0 0 1
4729	0 0 1
4730	0 1 0
4731	0 0 1
4732	0 1 0
4733	0 0 1
4734	0 1 0
4735	0 1 0
4736	0 0 1
4737	1 0 0
4738	1 0 0
4739	0 1 0
4740	1 0 0
4741	0 0 1
4742	0 1 0
4743	0 0 1
4744	0 1 0
4745	0 0 1
4746	0 0 1
4747	1 0 0
4748	0 0 1
4749	1 0 0
4750	0 1 0
4751	0 0 1
4752	1 0 0
4753	0 1 0
4754	0 0 1
4755	0 0 1
4756	0 1 0
4757	0 0 1
4758	0 0 1
4759	1 0 0
4760	1 0 0
4761	0 0 1
4762	0 1 0
4763	0 1 0
4764	0 1 0
4765	0 0 1
4766	0 1 0
4767	1 0 0
4768	0 0 1
4769	0 0 1
4770	0 0 1
4771	0 1 0
4772	0 0 1
4773	0 0 1
4774	0 1 0
4775	1 0 0
4776	0 0 1
4777	1 0 0
4778	1 0 0
4779	0 1 0
4780	0 1 0
4781	0 0 1
4782	0 1 0
4783	0 1 0
4784	1 0 0
4785	0 0 1
4786	0 0 1
4787	1 0 0
4788	0 0 1
4789	1 0 0
4790	0 1 0
4791	1 0 0
4792	1 0 0
4793	0 0 1
4794	0 1 0
4795	1 0 0
4796	0 1 0
4797	1 0 0
4798	0 0 1
4799	0 0 1
4800	1 0 0
4801	0 0 1
4802	0 1 0
4803	1 0 0
4804	1 0 0
4805	0 1 0
4806	0 0 1
4807	0 0 1
4808	1 0 0
4809	0 1 0
4810	1 0 0
4811	0 0 1
4812	0 0 1
4813	0 1 0
4814	0 1 0
4815	0 0 1
4816	1 0 0
4817	1 0 0
4818	0 1 0
4819	0 1 0
4820	0 1 0
4821	0 1 0
4822	1 0 0
4823	0 0 1
4824	1 0 0
4825	1 0 0
4826	0 1 0
4827	0 1 0
4828	0 1 0
4829	0 1 0
4830	1 0 0
4831	0 0 1
4832	0 1 0
4833	1 0 0
4834	0 1 0
4835	0 1 0
4836	0 1 0
4837	0 1 0
4838	0 0 1
4839	0 0 1
4840	1 0 0
4841	0 1 0
4842	0 1 0
4843	1 0 0
4844	1 0 0
4845	0 0 1
4846	0 1 0
4847	1 0 0
4848	0 1 0
4849	1 0 0
4850	0 1 0
4851	0 0 1
4852	1 0 0
4853	1 0 0
4854	0 0 1
4855	1 0 0
4856	1 0 0
4857	0 1 0
4858	0 1 0
4859	0 0 1
4860	0 1 0
4861	0 0 1
4862	0 1 0
4863	0 0 1
4864	0 0 1
4865	0 0 1
4866	1 0 0
4867	0 1 0
4868	0 0 1
4869	1 0 0
4870	0 0 1
4871	0 0 1
4872	0 1 0
4873	0 1 0
4874	1 0 0
4875	1 0 0
4876	1 0 0
4877	0 0 1
4878	0 0 1
4879	1 0 0
4880	1 0 0
4881	0 1 0
4882	0 1 0
4883	1 0 0
4884	0 0 1
4885	0 1 0
4886	0 0 1
4887	1 0 0
4888	1 0 0
4889	0 1 0
4890	0 1 0
4891	1 0 0
4892	1 0 0
4893	1 0 0
4894	1 0 0
4895	0 1 0
4896	1 0 0
4897	0 0 1
4898	0 1 0
4899	0 0 1
4900	1 0 0
4901	0 0 1
4902	1 0 0
4903	0 1 0
4904	0 0 1
4905	0 0 1
4906	0 1 0
4907	1 0 0
4908	0 1 0
4909	0 0 1
4910	0 0 1
4911	1 0 0
4912	0 0 1
4913	0 0 1
4914	0 0 1
4915	0 0 1
4916	0 0 1
4917	0 0 1
4918	0 1 0
4919	1 0 0
4920	1 0 0
4921	0 0 1
4922	0 1 0
4923	0 0 1
4924	0 1 0
4925	0 0 1
4926	0 0 1
4927	0 1 0
4928	0 0 1
4929	1 0 0
4930	1 0 0
4931	0 0 1
4932	1 0 0
4933	1 0 0
4934	0 0 1
4935	0 1 0
4936	0 0 1
4937	0 0 1
4938	1 0 0
4939	0 1 0
4940	0 0 1
4941	0 1 0
4942	0 0 1
4943	0 0 1
4944	0 0 1
4945	0 1 0
4946	0 0 1
4947	0 0 1
4948	0 1 0
4949	0 1 0
4950	1 0 0
4951	0 1 0
4952	0 1 0
4953	1 0 0
4954	0 0 1
4955	0 0 1
4956	0 0 1
4957	1 0 0
4958	0 1 0
4959	0 0 1
4960	0 0 1
4961	1 0 0
4962	0 1 0
4963	0 0 1
4964	1 0 0
4965	0 1 0
4966	1 0 0
4967	1 0 0
4968	0 1 0
4969	0 1 0
4970	0 1 0
4971	0 0 1
4972	1 0 0
4973	0 0 1
4974	0 0 1
4975	0 1 0
4976	0 0 1
4977	0 1 0
4978	0 0 1
4979	0 0 1
4980	0 0 1
4981	0 1 0
4982	0 0 1
4983	1 0 0
4984	0 0 1
4985	1 0 0
4986	0 1 0
4987	1 0 0
4988	0 0 1
4989	0 1 0
4990	1 0 0
4991	0 1 0
4992	0 0 1
4993	0 0 1
4994	1 0 0
4995	1 0 0
4996	0 1 0
4997	1 0 0
4998	0 1 0
4999	0 0 1
