0	0	1
1	0	1
2	1	0
3	1	0
4	0	1
5	1	0
6	0	1
7	0	1
8	0	1
9	0	1
10	0	1
11	1	0
12	1	0
13	0	1
14	1	0
15	1	0
16	1	0
17	1	0
18	1	0
19	0	1
20	1	0
21	0	1
22	1	0
23	1	0
24	1	0
25	1	0
26	1	0
27	1	0
28	1	0
29	1	0
30	1	0
31	0	1
32	1	0
33	1	0
34	0	1
35	0	1
36	0	1
37	0	1
38	1	0
39	0	1
40	1	0
41	0	1
42	0	1
43	1	0
44	1	0
45	1	0
46	1	0
47	0	1
48	0	1
49	0	1
50	0	1
51	1	0
52	1	0
53	1	0
54	0	1
55	0	1
56	1	0
57	1	0
58	0	1
59	1	0
60	0	1
61	1	0
62	1	0
63	1	0
64	0	1
65	0	1
66	1	0
67	0	1
68	0	1
69	0	1
70	1	0
71	1	0
72	1	0
73	0	1
74	1	0
75	1	0
76	1	0
77	0	1
78	1	0
79	1	0
80	0	1
81	1	0
82	0	1
83	0	1
84	1	0
85	1	0
86	1	0
87	1	0
88	1	0
89	1	0
90	0	1
91	0	1
92	0	1
93	0	1
94	1	0
95	0	1
96	1	0
97	0	1
98	1	0
99	0	1
100	1	0
101	0	1
102	0	1
103	0	1
104	1	0
105	1	0
106	0	1
107	1	0
108	0	1
109	0	1
110	0	1
111	0	1
112	0	1
113	1	0
114	1	0
115	0	1
116	1	0
117	1	0
118	1	0
119	0	1
120	1	0
121	0	1
122	1	0
123	1	0
124	0	1
125	0	1
126	0	1
127	1	0
128	0	1
129	0	1
130	0	1
131	1	0
132	1	0
133	1	0
134	1	0
135	0	1
136	1	0
137	0	1
138	1	0
139	1	0
140	1	0
141	0	1
142	0	1
143	0	1
144	0	1
145	0	1
146	0	1
147	1	0
148	0	1
149	1	0
150	1	0
151	0	1
152	1	0
153	1	0
154	0	1
155	1	0
156	0	1
157	1	0
158	1	0
159	0	1
160	1	0
161	0	1
162	0	1
163	0	1
164	1	0
165	1	0
166	0	1
167	1	0
168	1	0
169	1	0
170	0	1
171	1	0
172	1	0
173	0	1
174	1	0
175	0	1
176	0	1
177	1	0
178	1	0
179	1	0
180	1	0
181	1	0
182	1	0
183	0	1
184	1	0
185	0	1
186	1	0
187	1	0
188	0	1
189	0	1
190	1	0
191	0	1
192	0	1
193	0	1
194	1	0
195	1	0
196	1	0
197	0	1
198	0	1
199	0	1
200	1	0
201	1	0
202	0	1
203	1	0
204	0	1
205	0	1
206	1	0
207	1	0
208	0	1
209	0	1
210	1	0
211	1	0
212	0	1
213	0	1
214	1	0
215	0	1
216	1	0
217	1	0
218	0	1
219	1	0
220	0	1
221	0	1
222	1	0
223	1	0
224	1	0
225	0	1
226	1	0
227	1	0
228	1	0
229	1	0
230	0	1
231	0	1
232	0	1
233	0	1
234	0	1
235	0	1
236	1	0
237	0	1
238	1	0
239	1	0
240	1	0
241	0	1
242	0	1
243	0	1
244	1	0
245	1	0
246	1	0
247	1	0
248	1	0
249	1	0
250	0	1
251	0	1
252	1	0
253	1	0
254	1	0
255	1	0
256	1	0
257	1	0
258	1	0
259	0	1
260	1	0
261	0	1
262	1	0
263	1	0
264	0	1
265	1	0
266	0	1
267	1	0
268	0	1
269	0	1
270	0	1
271	0	1
272	0	1
273	0	1
274	1	0
275	0	1
276	0	1
277	0	1
278	0	1
279	0	1
280	1	0
281	1	0
282	1	0
283	1	0
284	0	1
285	0	1
286	1	0
287	0	1
288	1	0
289	0	1
290	0	1
291	1	0
292	1	0
293	1	0
294	1	0
295	0	1
296	1	0
297	1	0
298	0	1
299	0	1
300	1	0
301	0	1
302	0	1
303	1	0
304	1	0
305	0	1
306	1	0
307	1	0
308	0	1
309	0	1
310	1	0
311	1	0
312	0	1
313	0	1
314	1	0
315	1	0
316	1	0
317	0	1
318	1	0
319	0	1
320	0	1
321	1	0
322	0	1
323	1	0
324	1	0
325	1	0
326	0	1
327	1	0
328	0	1
329	0	1
330	1	0
331	0	1
332	1	0
333	1	0
334	1	0
335	0	1
336	0	1
337	1	0
338	0	1
339	1	0
340	0	1
341	0	1
342	0	1
343	1	0
344	1	0
345	0	1
346	0	1
347	1	0
348	0	1
349	0	1
350	0	1
351	1	0
352	0	1
353	0	1
354	1	0
355	1	0
356	0	1
357	1	0
358	1	0
359	0	1
360	1	0
361	0	1
362	1	0
363	0	1
364	1	0
365	0	1
366	1	0
367	0	1
368	1	0
369	0	1
370	0	1
371	1	0
372	1	0
373	1	0
374	0	1
375	1	0
376	1	0
377	0	1
378	1	0
379	1	0
380	0	1
381	1	0
382	1	0
383	1	0
384	0	1
385	0	1
386	0	1
387	0	1
388	1	0
389	1	0
390	0	1
391	1	0
392	1	0
393	1	0
394	1	0
395	1	0
396	1	0
397	1	0
398	1	0
399	1	0
400	0	1
401	0	1
402	0	1
403	0	1
404	0	1
405	1	0
406	0	1
407	0	1
408	0	1
409	1	0
410	1	0
411	0	1
412	1	0
413	1	0
414	0	1
415	1	0
416	0	1
417	1	0
418	1	0
419	0	1
420	0	1
421	1	0
422	1	0
423	0	1
424	0	1
425	1	0
426	0	1
427	1	0
428	1	0
429	1	0
430	1	0
431	1	0
432	0	1
433	0	1
434	1	0
435	0	1
436	0	1
437	1	0
438	1	0
439	0	1
440	1	0
441	0	1
442	0	1
443	0	1
444	1	0
445	1	0
446	0	1
447	1	0
448	0	1
449	0	1
450	0	1
451	0	1
452	1	0
453	0	1
454	0	1
455	0	1
456	0	1
457	1	0
458	0	1
459	0	1
460	1	0
461	1	0
462	1	0
463	0	1
464	0	1
465	1	0
466	1	0
467	1	0
468	1	0
469	1	0
470	0	1
471	1	0
472	1	0
473	1	0
474	0	1
475	1	0
476	0	1
477	0	1
478	0	1
479	0	1
480	0	1
481	1	0
482	0	1
483	0	1
484	1	0
485	1	0
486	0	1
487	0	1
488	1	0
489	0	1
490	0	1
491	0	1
492	0	1
493	0	1
494	0	1
495	0	1
496	1	0
497	0	1
498	1	0
499	0	1
500	0	1
501	0	1
502	1	0
503	1	0
504	1	0
505	0	1
506	0	1
507	0	1
508	1	0
509	0	1
510	1	0
511	0	1
512	1	0
513	0	1
514	0	1
515	1	0
516	1	0
517	0	1
518	1	0
519	1	0
520	0	1
521	0	1
522	0	1
523	0	1
524	1	0
525	0	1
526	1	0
527	0	1
528	0	1
529	0	1
530	0	1
531	1	0
532	1	0
533	1	0
534	1	0
535	1	0
536	1	0
537	0	1
538	0	1
539	0	1
540	0	1
541	0	1
542	1	0
543	1	0
544	1	0
545	1	0
546	0	1
547	0	1
548	0	1
549	0	1
550	0	1
551	1	0
552	0	1
553	0	1
554	1	0
555	1	0
556	1	0
557	1	0
558	1	0
559	0	1
560	1	0
561	1	0
562	1	0
563	0	1
564	0	1
565	0	1
566	0	1
567	1	0
568	0	1
569	0	1
570	0	1
571	1	0
572	1	0
573	1	0
574	1	0
575	0	1
576	1	0
577	0	1
578	0	1
579	1	0
580	0	1
581	0	1
582	1	0
583	0	1
584	0	1
585	1	0
586	0	1
587	0	1
588	0	1
589	0	1
590	0	1
591	1	0
592	1	0
593	0	1
594	0	1
595	1	0
596	0	1
597	1	0
598	0	1
599	0	1
600	1	0
601	1	0
602	1	0
603	1	0
604	1	0
605	0	1
606	0	1
607	1	0
608	0	1
609	0	1
610	0	1
611	1	0
612	1	0
613	0	1
614	1	0
615	0	1
616	0	1
617	1	0
618	0	1
619	1	0
620	1	0
621	0	1
622	0	1
623	0	1
624	1	0
625	1	0
626	1	0
627	1	0
628	0	1
629	0	1
630	1	0
631	1	0
632	0	1
633	0	1
634	1	0
635	0	1
636	0	1
637	0	1
638	0	1
639	1	0
640	0	1
641	0	1
642	1	0
643	1	0
644	1	0
645	0	1
646	1	0
647	0	1
648	1	0
649	0	1
650	1	0
651	1	0
652	1	0
653	0	1
654	1	0
655	1	0
656	1	0
657	0	1
658	0	1
659	1	0
660	1	0
661	0	1
662	0	1
663	1	0
664	1	0
665	1	0
666	0	1
667	0	1
668	0	1
669	0	1
670	1	0
671	0	1
672	0	1
673	1	0
674	1	0
675	1	0
676	0	1
677	0	1
678	0	1
679	0	1
680	1	0
681	1	0
682	1	0
683	0	1
684	1	0
685	1	0
686	1	0
687	0	1
688	1	0
689	0	1
690	1	0
691	0	1
692	1	0
693	1	0
694	0	1
695	1	0
696	0	1
697	0	1
698	1	0
699	1	0
700	1	0
701	1	0
702	1	0
703	0	1
704	0	1
705	0	1
706	1	0
707	0	1
708	1	0
709	1	0
710	1	0
711	0	1
712	0	1
713	1	0
714	1	0
715	0	1
716	1	0
717	1	0
718	0	1
719	1	0
720	0	1
721	0	1
722	1	0
723	0	1
724	1	0
725	1	0
726	1	0
727	0	1
728	1	0
729	1	0
730	0	1
731	0	1
732	1	0
733	1	0
734	1	0
735	0	1
736	1	0
737	0	1
738	0	1
739	0	1
740	1	0
741	0	1
742	0	1
743	1	0
744	1	0
745	0	1
746	1	0
747	1	0
748	0	1
749	0	1
750	1	0
751	0	1
752	0	1
753	1	0
754	1	0
755	1	0
756	1	0
757	0	1
758	0	1
759	0	1
760	1	0
761	1	0
762	0	1
763	0	1
764	1	0
765	1	0
766	1	0
767	1	0
768	1	0
769	1	0
770	1	0
771	0	1
772	0	1
773	0	1
774	1	0
775	0	1
776	1	0
777	1	0
778	0	1
779	0	1
780	1	0
781	1	0
782	1	0
783	0	1
784	0	1
785	1	0
786	1	0
787	0	1
788	0	1
789	0	1
790	0	1
791	0	1
792	1	0
793	1	0
794	1	0
795	0	1
796	1	0
797	0	1
798	1	0
799	1	0
800	1	0
801	0	1
802	0	1
803	0	1
804	1	0
805	0	1
806	0	1
807	0	1
808	1	0
809	0	1
810	1	0
811	1	0
812	0	1
813	1	0
814	0	1
815	1	0
816	1	0
817	0	1
818	1	0
819	0	1
820	0	1
821	1	0
822	1	0
823	1	0
824	1	0
825	0	1
826	1	0
827	0	1
828	1	0
829	1	0
830	0	1
831	1	0
832	0	1
833	0	1
834	0	1
835	0	1
836	1	0
837	1	0
838	0	1
839	1	0
840	0	1
841	0	1
842	0	1
843	1	0
844	0	1
845	1	0
846	1	0
847	1	0
848	0	1
849	0	1
850	1	0
851	1	0
852	0	1
853	0	1
854	1	0
855	1	0
856	1	0
857	0	1
858	0	1
859	0	1
860	1	0
861	1	0
862	1	0
863	0	1
864	1	0
865	1	0
866	0	1
867	1	0
868	1	0
869	0	1
870	0	1
871	0	1
872	1	0
873	1	0
874	0	1
875	0	1
876	0	1
877	1	0
878	1	0
879	0	1
880	1	0
881	0	1
882	0	1
883	1	0
884	1	0
885	1	0
886	1	0
887	0	1
888	1	0
889	0	1
890	1	0
891	1	0
892	1	0
893	0	1
894	0	1
895	0	1
896	0	1
897	1	0
898	0	1
899	1	0
900	1	0
901	1	0
902	0	1
903	0	1
904	0	1
905	1	0
906	1	0
907	1	0
908	0	1
909	0	1
910	1	0
911	0	1
912	1	0
913	1	0
914	0	1
915	1	0
916	0	1
917	0	1
918	0	1
919	0	1
920	1	0
921	1	0
922	1	0
923	1	0
924	1	0
925	0	1
926	0	1
927	1	0
928	0	1
929	0	1
930	0	1
931	1	0
932	0	1
933	0	1
934	1	0
935	0	1
936	0	1
937	1	0
938	1	0
939	0	1
940	0	1
941	1	0
942	1	0
943	1	0
944	0	1
945	1	0
946	0	1
947	1	0
948	0	1
949	1	0
950	1	0
951	0	1
952	0	1
953	1	0
954	0	1
955	0	1
956	1	0
957	1	0
958	0	1
959	0	1
960	1	0
961	0	1
962	1	0
963	1	0
964	0	1
965	0	1
966	1	0
967	1	0
968	0	1
969	1	0
970	0	1
971	1	0
972	1	0
973	1	0
974	0	1
975	0	1
976	1	0
977	1	0
978	0	1
979	1	0
980	0	1
981	1	0
982	0	1
983	0	1
984	0	1
985	0	1
986	1	0
987	0	1
988	1	0
989	0	1
990	1	0
991	0	1
992	1	0
993	0	1
994	1	0
995	0	1
996	1	0
997	1	0
998	0	1
999	0	1
1000	1	0
1001	0	1
1002	0	1
1003	1	0
1004	0	1
1005	0	1
1006	1	0
1007	1	0
1008	0	1
1009	0	1
1010	0	1
1011	1	0
1012	0	1
1013	1	0
1014	0	1
1015	1	0
1016	1	0
1017	1	0
1018	1	0
1019	1	0
1020	1	0
1021	1	0
1022	0	1
1023	0	1
1024	0	1
1025	1	0
1026	1	0
1027	0	1
1028	0	1
1029	1	0
1030	0	1
1031	0	1
1032	1	0
1033	1	0
1034	0	1
1035	1	0
1036	1	0
1037	1	0
1038	1	0
1039	1	0
1040	1	0
1041	1	0
1042	1	0
1043	1	0
1044	0	1
1045	0	1
1046	1	0
1047	1	0
1048	0	1
1049	1	0
1050	0	1
1051	1	0
1052	0	1
1053	0	1
1054	0	1
1055	1	0
1056	1	0
1057	0	1
1058	1	0
1059	0	1
1060	0	1
1061	1	0
1062	1	0
1063	1	0
1064	1	0
1065	1	0
1066	0	1
1067	0	1
1068	0	1
1069	0	1
1070	0	1
1071	1	0
1072	1	0
1073	1	0
1074	1	0
1075	1	0
1076	1	0
1077	1	0
1078	0	1
1079	0	1
1080	0	1
1081	1	0
1082	0	1
1083	0	1
1084	0	1
1085	0	1
1086	0	1
1087	1	0
1088	0	1
1089	1	0
1090	0	1
1091	0	1
1092	0	1
1093	1	0
1094	1	0
1095	0	1
1096	1	0
1097	1	0
1098	0	1
1099	0	1
1100	0	1
1101	0	1
1102	1	0
1103	1	0
1104	0	1
1105	1	0
1106	1	0
1107	1	0
1108	0	1
1109	1	0
1110	1	0
1111	1	0
1112	1	0
1113	0	1
1114	0	1
1115	1	0
1116	1	0
1117	0	1
1118	1	0
1119	1	0
1120	0	1
1121	1	0
1122	0	1
1123	1	0
1124	0	1
1125	0	1
1126	0	1
1127	1	0
1128	1	0
1129	0	1
1130	0	1
1131	1	0
1132	1	0
1133	0	1
1134	0	1
1135	0	1
1136	0	1
1137	0	1
1138	0	1
1139	1	0
1140	0	1
1141	0	1
1142	0	1
1143	0	1
1144	1	0
1145	0	1
1146	0	1
1147	0	1
1148	1	0
1149	0	1
1150	1	0
1151	0	1
1152	1	0
1153	1	0
1154	0	1
1155	0	1
1156	1	0
1157	0	1
1158	1	0
1159	1	0
1160	0	1
1161	1	0
1162	1	0
1163	1	0
1164	0	1
1165	0	1
1166	0	1
1167	1	0
1168	1	0
1169	0	1
1170	1	0
1171	0	1
1172	1	0
1173	0	1
1174	0	1
1175	0	1
1176	0	1
1177	1	0
1178	1	0
1179	1	0
1180	1	0
1181	0	1
1182	1	0
1183	0	1
1184	0	1
1185	0	1
1186	1	0
1187	1	0
1188	0	1
1189	1	0
1190	1	0
1191	0	1
1192	0	1
1193	0	1
1194	0	1
1195	0	1
1196	0	1
1197	1	0
1198	1	0
1199	1	0
1200	1	0
1201	1	0
1202	1	0
1203	1	0
1204	0	1
1205	1	0
1206	1	0
1207	1	0
1208	0	1
1209	1	0
1210	0	1
1211	0	1
1212	0	1
1213	1	0
1214	1	0
1215	1	0
1216	0	1
1217	1	0
1218	1	0
1219	1	0
1220	1	0
1221	1	0
1222	0	1
1223	0	1
1224	1	0
1225	1	0
1226	1	0
1227	0	1
1228	0	1
1229	0	1
1230	0	1
1231	0	1
1232	0	1
1233	0	1
1234	0	1
1235	1	0
1236	1	0
1237	0	1
1238	0	1
1239	1	0
1240	1	0
1241	1	0
1242	1	0
1243	0	1
1244	0	1
1245	1	0
1246	1	0
1247	0	1
1248	0	1
1249	0	1
1250	0	1
1251	1	0
1252	0	1
1253	1	0
1254	0	1
1255	1	0
1256	0	1
1257	1	0
1258	0	1
1259	1	0
1260	0	1
1261	0	1
1262	1	0
1263	0	1
1264	1	0
1265	1	0
1266	1	0
1267	0	1
1268	1	0
1269	0	1
1270	0	1
1271	0	1
1272	1	0
1273	0	1
1274	0	1
1275	0	1
1276	0	1
1277	1	0
1278	1	0
1279	1	0
1280	0	1
1281	1	0
1282	1	0
1283	1	0
1284	0	1
1285	1	0
1286	0	1
1287	1	0
1288	1	0
1289	0	1
1290	1	0
1291	1	0
1292	0	1
1293	0	1
1294	1	0
1295	1	0
1296	1	0
1297	1	0
1298	1	0
1299	0	1
1300	0	1
1301	1	0
1302	1	0
1303	1	0
1304	0	1
1305	1	0
1306	1	0
1307	0	1
1308	1	0
1309	1	0
1310	1	0
1311	0	1
1312	0	1
1313	0	1
1314	1	0
1315	0	1
1316	0	1
1317	1	0
1318	1	0
1319	0	1
1320	1	0
1321	1	0
1322	0	1
1323	1	0
1324	1	0
1325	1	0
1326	0	1
1327	1	0
1328	0	1
1329	1	0
1330	1	0
1331	1	0
1332	1	0
1333	0	1
1334	0	1
1335	1	0
1336	1	0
1337	0	1
1338	1	0
1339	1	0
1340	0	1
1341	1	0
1342	1	0
1343	0	1
1344	1	0
1345	1	0
1346	0	1
1347	1	0
1348	1	0
1349	1	0
1350	0	1
1351	0	1
1352	0	1
1353	1	0
1354	1	0
1355	1	0
1356	0	1
1357	0	1
1358	0	1
1359	1	0
1360	0	1
1361	0	1
1362	1	0
1363	0	1
1364	0	1
1365	1	0
1366	1	0
1367	0	1
1368	0	1
1369	1	0
1370	1	0
1371	1	0
1372	0	1
1373	1	0
1374	1	0
1375	0	1
1376	0	1
1377	0	1
1378	1	0
1379	0	1
1380	0	1
1381	0	1
1382	1	0
1383	1	0
1384	1	0
1385	1	0
1386	0	1
1387	0	1
1388	1	0
1389	0	1
1390	1	0
1391	1	0
1392	0	1
1393	1	0
1394	0	1
1395	1	0
1396	0	1
1397	1	0
1398	0	1
1399	0	1
1400	1	0
1401	0	1
1402	0	1
1403	1	0
1404	0	1
1405	1	0
1406	0	1
1407	1	0
1408	0	1
1409	0	1
1410	0	1
1411	1	0
1412	1	0
1413	1	0
1414	1	0
1415	1	0
1416	0	1
1417	1	0
1418	1	0
1419	0	1
1420	1	0
1421	1	0
1422	0	1
1423	0	1
1424	0	1
1425	0	1
1426	0	1
1427	1	0
1428	1	0
1429	0	1
1430	0	1
1431	0	1
1432	0	1
1433	1	0
1434	0	1
1435	1	0
1436	0	1
1437	0	1
1438	0	1
1439	1	0
1440	1	0
1441	1	0
1442	1	0
1443	0	1
1444	0	1
1445	1	0
1446	0	1
1447	1	0
1448	0	1
1449	1	0
1450	1	0
1451	0	1
1452	0	1
1453	0	1
1454	1	0
1455	0	1
1456	0	1
1457	1	0
1458	0	1
1459	0	1
1460	0	1
1461	0	1
1462	1	0
1463	0	1
1464	1	0
1465	0	1
1466	1	0
1467	0	1
1468	1	0
1469	1	0
1470	0	1
1471	1	0
1472	0	1
1473	1	0
1474	1	0
1475	0	1
1476	0	1
1477	1	0
1478	0	1
1479	1	0
1480	1	0
1481	0	1
1482	1	0
1483	0	1
1484	1	0
1485	0	1
1486	0	1
1487	0	1
1488	1	0
1489	1	0
1490	0	1
1491	0	1
1492	1	0
1493	0	1
1494	0	1
1495	1	0
1496	0	1
1497	0	1
1498	1	0
1499	1	0
1500	1	0
1501	1	0
1502	1	0
1503	1	0
1504	1	0
1505	1	0
1506	1	0
1507	0	1
1508	0	1
1509	1	0
1510	1	0
1511	1	0
1512	0	1
1513	0	1
1514	0	1
1515	0	1
1516	1	0
1517	0	1
1518	0	1
1519	0	1
1520	1	0
1521	1	0
1522	1	0
1523	0	1
1524	1	0
1525	1	0
1526	1	0
1527	0	1
1528	1	0
1529	1	0
1530	1	0
1531	1	0
1532	0	1
1533	1	0
1534	0	1
1535	1	0
1536	0	1
1537	0	1
1538	1	0
1539	1	0
1540	1	0
1541	1	0
1542	0	1
1543	1	0
1544	0	1
1545	1	0
1546	1	0
1547	0	1
1548	1	0
1549	1	0
1550	0	1
1551	0	1
1552	1	0
1553	0	1
1554	0	1
1555	1	0
1556	0	1
1557	1	0
1558	1	0
1559	0	1
1560	1	0
1561	0	1
1562	0	1
1563	0	1
1564	1	0
1565	0	1
1566	1	0
1567	0	1
1568	0	1
1569	0	1
1570	1	0
1571	1	0
1572	0	1
1573	1	0
1574	1	0
1575	1	0
1576	0	1
1577	0	1
1578	1	0
1579	0	1
1580	1	0
1581	1	0
1582	1	0
1583	1	0
1584	0	1
1585	0	1
1586	1	0
1587	0	1
1588	0	1
1589	1	0
1590	0	1
1591	0	1
1592	1	0
1593	1	0
1594	1	0
1595	0	1
1596	0	1
1597	1	0
1598	0	1
1599	0	1
1600	1	0
1601	0	1
1602	1	0
1603	0	1
1604	1	0
1605	1	0
1606	0	1
1607	1	0
1608	0	1
1609	1	0
1610	1	0
1611	1	0
1612	0	1
1613	0	1
1614	1	0
1615	0	1
1616	0	1
1617	1	0
1618	0	1
1619	0	1
1620	0	1
1621	1	0
1622	1	0
1623	0	1
1624	1	0
1625	1	0
1626	0	1
1627	1	0
1628	0	1
1629	0	1
1630	0	1
1631	1	0
1632	1	0
1633	0	1
1634	1	0
1635	0	1
1636	0	1
1637	1	0
1638	1	0
1639	0	1
1640	1	0
1641	0	1
1642	1	0
1643	1	0
1644	0	1
1645	0	1
1646	1	0
1647	1	0
1648	1	0
1649	0	1
1650	1	0
1651	0	1
1652	1	0
1653	1	0
1654	0	1
1655	1	0
1656	0	1
1657	0	1
1658	1	0
1659	1	0
1660	0	1
1661	1	0
1662	1	0
1663	1	0
1664	0	1
1665	1	0
1666	0	1
1667	0	1
1668	0	1
1669	1	0
1670	0	1
1671	0	1
1672	1	0
1673	1	0
1674	1	0
1675	1	0
1676	0	1
1677	1	0
1678	0	1
1679	1	0
1680	1	0
1681	1	0
1682	1	0
1683	0	1
1684	1	0
1685	1	0
1686	1	0
1687	0	1
1688	1	0
1689	0	1
1690	0	1
1691	0	1
1692	1	0
1693	0	1
1694	1	0
1695	0	1
1696	1	0
1697	1	0
1698	0	1
1699	0	1
1700	0	1
1701	0	1
1702	1	0
1703	1	0
1704	0	1
1705	0	1
1706	0	1
1707	0	1
1708	1	0
1709	1	0
1710	1	0
1711	0	1
1712	1	0
1713	1	0
1714	1	0
1715	1	0
1716	1	0
1717	0	1
1718	0	1
1719	0	1
1720	1	0
1721	0	1
1722	1	0
1723	0	1
1724	0	1
1725	1	0
1726	1	0
1727	0	1
1728	1	0
1729	1	0
1730	0	1
1731	1	0
1732	0	1
1733	0	1
1734	0	1
1735	0	1
1736	1	0
1737	1	0
1738	1	0
1739	1	0
1740	1	0
1741	0	1
1742	1	0
1743	1	0
1744	1	0
1745	1	0
1746	0	1
1747	1	0
1748	1	0
1749	0	1
1750	1	0
1751	1	0
1752	1	0
1753	1	0
1754	0	1
1755	0	1
1756	0	1
1757	0	1
1758	1	0
1759	1	0
1760	1	0
1761	1	0
1762	1	0
1763	1	0
1764	0	1
1765	1	0
1766	1	0
1767	1	0
1768	0	1
1769	1	0
1770	0	1
1771	0	1
1772	1	0
1773	1	0
1774	0	1
1775	0	1
1776	1	0
1777	1	0
1778	1	0
1779	1	0
1780	1	0
1781	0	1
1782	1	0
1783	1	0
1784	1	0
1785	1	0
1786	0	1
1787	0	1
1788	1	0
1789	0	1
1790	1	0
1791	1	0
1792	0	1
1793	0	1
1794	1	0
1795	1	0
1796	1	0
1797	1	0
1798	1	0
1799	1	0
1800	0	1
1801	0	1
1802	1	0
1803	0	1
1804	1	0
1805	0	1
1806	1	0
1807	1	0
1808	1	0
1809	0	1
1810	0	1
1811	0	1
1812	1	0
1813	1	0
1814	0	1
1815	0	1
1816	1	0
1817	1	0
1818	0	1
1819	0	1
1820	1	0
1821	0	1
1822	1	0
1823	1	0
1824	0	1
1825	1	0
1826	0	1
1827	1	0
1828	1	0
1829	1	0
1830	0	1
1831	1	0
1832	1	0
1833	1	0
1834	0	1
1835	1	0
1836	1	0
1837	0	1
1838	1	0
1839	0	1
1840	0	1
1841	0	1
1842	0	1
1843	1	0
1844	1	0
1845	1	0
1846	0	1
1847	1	0
1848	0	1
1849	0	1
1850	1	0
1851	0	1
1852	1	0
1853	0	1
1854	0	1
1855	1	0
1856	0	1
1857	1	0
1858	0	1
1859	1	0
1860	1	0
1861	0	1
1862	1	0
1863	1	0
1864	0	1
1865	1	0
1866	1	0
1867	1	0
1868	1	0
1869	1	0
1870	0	1
1871	1	0
1872	0	1
1873	1	0
1874	0	1
1875	0	1
1876	1	0
1877	1	0
1878	1	0
1879	0	1
1880	0	1
1881	1	0
1882	1	0
1883	1	0
1884	1	0
1885	0	1
1886	1	0
1887	0	1
1888	0	1
1889	0	1
1890	0	1
1891	0	1
1892	1	0
1893	1	0
1894	0	1
1895	1	0
1896	1	0
1897	0	1
1898	1	0
1899	0	1
1900	1	0
1901	1	0
1902	0	1
1903	1	0
1904	1	0
1905	0	1
1906	0	1
1907	1	0
1908	1	0
1909	0	1
1910	0	1
1911	0	1
1912	0	1
1913	1	0
1914	1	0
1915	0	1
1916	0	1
1917	1	0
1918	1	0
1919	0	1
1920	1	0
1921	0	1
1922	0	1
1923	1	0
1924	0	1
1925	0	1
1926	1	0
1927	0	1
1928	0	1
1929	0	1
1930	0	1
1931	1	0
1932	1	0
1933	0	1
1934	0	1
1935	1	0
1936	1	0
1937	1	0
1938	1	0
1939	1	0
1940	0	1
1941	0	1
1942	1	0
1943	1	0
1944	1	0
1945	1	0
1946	0	1
1947	1	0
1948	0	1
1949	1	0
1950	1	0
1951	1	0
1952	0	1
1953	0	1
1954	1	0
1955	1	0
1956	1	0
1957	0	1
1958	0	1
1959	0	1
1960	1	0
1961	0	1
1962	1	0
1963	0	1
1964	0	1
1965	1	0
1966	0	1
1967	0	1
1968	0	1
1969	1	0
1970	0	1
1971	0	1
1972	1	0
1973	0	1
1974	0	1
1975	0	1
1976	1	0
1977	1	0
1978	0	1
1979	1	0
1980	0	1
1981	0	1
1982	1	0
1983	0	1
1984	1	0
1985	0	1
1986	0	1
1987	0	1
1988	1	0
1989	0	1
1990	1	0
1991	1	0
1992	0	1
1993	0	1
1994	0	1
1995	1	0
1996	0	1
1997	0	1
1998	1	0
1999	1	0
2000	1	0
2001	0	1
2002	0	1
2003	1	0
2004	0	1
2005	0	1
2006	1	0
2007	1	0
2008	1	0
2009	1	0
2010	1	0
2011	0	1
2012	0	1
2013	1	0
2014	1	0
2015	1	0
2016	0	1
2017	0	1
2018	1	0
2019	1	0
2020	1	0
2021	1	0
2022	0	1
2023	0	1
2024	0	1
2025	1	0
2026	1	0
2027	1	0
2028	1	0
2029	1	0
2030	1	0
2031	0	1
2032	0	1
2033	1	0
2034	1	0
2035	0	1
2036	0	1
2037	1	0
2038	1	0
2039	1	0
2040	0	1
2041	1	0
2042	1	0
2043	0	1
2044	1	0
2045	1	0
2046	0	1
2047	0	1
2048	0	1
2049	1	0
2050	1	0
2051	1	0
2052	0	1
2053	0	1
2054	0	1
2055	1	0
2056	0	1
2057	1	0
2058	1	0
2059	0	1
2060	1	0
2061	0	1
2062	0	1
2063	0	1
2064	0	1
2065	0	1
2066	0	1
2067	0	1
2068	0	1
2069	0	1
2070	0	1
2071	0	1
2072	0	1
2073	1	0
2074	0	1
2075	0	1
2076	0	1
2077	0	1
2078	1	0
2079	0	1
2080	0	1
2081	1	0
2082	0	1
2083	0	1
2084	0	1
2085	1	0
2086	0	1
2087	1	0
2088	1	0
2089	0	1
2090	1	0
2091	0	1
2092	1	0
2093	1	0
2094	0	1
2095	1	0
2096	1	0
2097	1	0
2098	1	0
2099	0	1
2100	1	0
2101	0	1
2102	0	1
2103	0	1
2104	1	0
2105	1	0
2106	0	1
2107	0	1
2108	1	0
2109	0	1
2110	0	1
2111	0	1
2112	1	0
2113	1	0
2114	0	1
2115	1	0
2116	0	1
2117	0	1
2118	0	1
2119	1	0
2120	0	1
2121	0	1
2122	1	0
2123	0	1
2124	1	0
2125	0	1
2126	0	1
2127	1	0
2128	0	1
2129	0	1
2130	1	0
2131	1	0
2132	1	0
2133	1	0
2134	0	1
2135	1	0
2136	1	0
2137	0	1
2138	1	0
2139	1	0
2140	0	1
2141	0	1
2142	1	0
2143	1	0
2144	1	0
2145	0	1
2146	1	0
2147	1	0
2148	0	1
2149	1	0
2150	1	0
2151	1	0
2152	1	0
2153	1	0
2154	1	0
2155	0	1
2156	0	1
2157	0	1
2158	0	1
2159	0	1
2160	1	0
2161	0	1
2162	0	1
2163	0	1
2164	0	1
2165	1	0
2166	0	1
2167	0	1
2168	0	1
2169	1	0
2170	1	0
2171	0	1
2172	0	1
2173	1	0
2174	0	1
2175	0	1
2176	1	0
2177	1	0
2178	1	0
2179	0	1
2180	0	1
2181	1	0
2182	1	0
2183	1	0
2184	0	1
2185	1	0
2186	0	1
2187	1	0
2188	1	0
2189	0	1
2190	1	0
2191	0	1
2192	1	0
2193	0	1
2194	1	0
2195	1	0
2196	1	0
2197	0	1
2198	0	1
2199	1	0
2200	0	1
2201	1	0
2202	1	0
2203	1	0
2204	0	1
2205	1	0
2206	1	0
2207	0	1
2208	0	1
2209	1	0
2210	0	1
2211	0	1
2212	1	0
2213	0	1
2214	1	0
2215	1	0
2216	0	1
2217	0	1
2218	0	1
2219	1	0
2220	1	0
2221	0	1
2222	0	1
2223	1	0
2224	1	0
2225	1	0
2226	0	1
2227	0	1
2228	0	1
2229	1	0
2230	0	1
2231	0	1
2232	0	1
2233	1	0
2234	1	0
2235	1	0
2236	0	1
2237	0	1
2238	1	0
2239	0	1
2240	0	1
2241	1	0
2242	1	0
2243	1	0
2244	0	1
2245	0	1
2246	0	1
2247	1	0
2248	0	1
2249	0	1
2250	0	1
2251	0	1
2252	1	0
2253	0	1
2254	0	1
2255	0	1
2256	1	0
2257	0	1
2258	1	0
2259	1	0
2260	1	0
2261	0	1
2262	0	1
2263	0	1
2264	1	0
2265	0	1
2266	0	1
2267	1	0
2268	0	1
2269	0	1
2270	0	1
2271	1	0
2272	0	1
2273	0	1
2274	1	0
2275	0	1
2276	1	0
2277	0	1
2278	1	0
2279	0	1
2280	0	1
2281	0	1
2282	1	0
2283	0	1
2284	0	1
2285	1	0
2286	0	1
2287	0	1
2288	0	1
2289	1	0
2290	0	1
2291	0	1
2292	1	0
2293	0	1
2294	0	1
2295	1	0
2296	1	0
2297	0	1
2298	1	0
2299	1	0
2300	1	0
2301	0	1
2302	1	0
2303	0	1
2304	1	0
2305	0	1
2306	0	1
2307	1	0
2308	1	0
2309	0	1
2310	0	1
2311	1	0
2312	0	1
2313	0	1
2314	1	0
2315	1	0
2316	0	1
2317	1	0
2318	0	1
2319	0	1
2320	0	1
2321	0	1
2322	0	1
2323	0	1
2324	0	1
2325	0	1
2326	0	1
2327	1	0
2328	1	0
2329	0	1
2330	1	0
2331	1	0
2332	0	1
2333	0	1
2334	0	1
2335	1	0
2336	1	0
2337	0	1
2338	0	1
2339	0	1
2340	1	0
2341	0	1
2342	0	1
2343	0	1
2344	0	1
2345	1	0
2346	0	1
2347	0	1
2348	1	0
2349	1	0
2350	0	1
2351	1	0
2352	0	1
2353	1	0
2354	1	0
2355	1	0
2356	0	1
2357	1	0
2358	0	1
2359	0	1
2360	0	1
2361	1	0
2362	1	0
2363	0	1
2364	1	0
2365	0	1
2366	0	1
2367	0	1
2368	0	1
2369	0	1
2370	1	0
2371	0	1
2372	0	1
2373	0	1
2374	1	0
2375	0	1
2376	0	1
2377	1	0
2378	1	0
2379	1	0
2380	0	1
2381	0	1
2382	0	1
2383	0	1
2384	1	0
2385	1	0
2386	1	0
2387	0	1
2388	0	1
2389	0	1
2390	0	1
2391	1	0
2392	0	1
2393	0	1
2394	1	0
2395	1	0
2396	1	0
2397	0	1
2398	0	1
2399	1	0
2400	0	1
2401	0	1
2402	0	1
2403	0	1
2404	1	0
2405	0	1
2406	0	1
2407	1	0
2408	0	1
2409	0	1
2410	0	1
2411	1	0
2412	0	1
2413	1	0
2414	0	1
2415	0	1
2416	1	0
2417	0	1
2418	0	1
2419	0	1
2420	1	0
2421	1	0
2422	1	0
2423	1	0
2424	1	0
2425	1	0
2426	0	1
2427	0	1
2428	1	0
2429	1	0
2430	0	1
2431	1	0
2432	1	0
2433	0	1
2434	0	1
2435	0	1
2436	0	1
2437	0	1
2438	1	0
2439	1	0
2440	1	0
2441	1	0
2442	0	1
2443	0	1
2444	0	1
2445	1	0
2446	0	1
2447	1	0
2448	0	1
2449	0	1
2450	1	0
2451	0	1
2452	1	0
2453	1	0
2454	1	0
2455	0	1
2456	1	0
2457	1	0
2458	0	1
2459	1	0
2460	0	1
2461	0	1
2462	0	1
2463	1	0
2464	1	0
2465	0	1
2466	0	1
2467	1	0
2468	1	0
2469	0	1
2470	0	1
2471	0	1
2472	1	0
2473	1	0
2474	1	0
2475	0	1
2476	0	1
2477	1	0
2478	0	1
2479	1	0
2480	1	0
2481	1	0
2482	0	1
2483	1	0
2484	1	0
2485	1	0
2486	1	0
2487	1	0
2488	0	1
2489	0	1
2490	0	1
2491	0	1
2492	0	1
2493	1	0
2494	0	1
2495	0	1
2496	1	0
2497	0	1
2498	1	0
2499	0	1
2500	1	0
2501	0	1
2502	1	0
2503	0	1
2504	0	1
2505	0	1
2506	0	1
2507	0	1
2508	0	1
2509	0	1
2510	0	1
2511	0	1
2512	0	1
2513	0	1
2514	0	1
2515	0	1
2516	1	0
2517	1	0
2518	0	1
2519	1	0
2520	1	0
2521	1	0
2522	0	1
2523	0	1
2524	0	1
2525	0	1
2526	0	1
2527	0	1
2528	0	1
2529	1	0
2530	1	0
2531	0	1
2532	0	1
2533	1	0
2534	1	0
2535	1	0
2536	0	1
2537	0	1
2538	1	0
2539	1	0
2540	0	1
2541	1	0
2542	1	0
2543	0	1
2544	0	1
2545	1	0
2546	0	1
2547	0	1
2548	1	0
2549	0	1
2550	1	0
2551	1	0
2552	1	0
2553	1	0
2554	1	0
2555	1	0
2556	1	0
2557	1	0
2558	0	1
2559	0	1
2560	0	1
2561	1	0
2562	0	1
2563	1	0
2564	1	0
2565	0	1
2566	0	1
2567	1	0
2568	0	1
2569	0	1
2570	1	0
2571	0	1
2572	1	0
2573	1	0
2574	0	1
2575	0	1
2576	0	1
2577	0	1
2578	1	0
2579	0	1
2580	1	0
2581	0	1
2582	1	0
2583	0	1
2584	0	1
2585	1	0
2586	1	0
2587	0	1
2588	1	0
2589	1	0
2590	1	0
2591	0	1
2592	0	1
2593	0	1
2594	1	0
2595	1	0
2596	1	0
2597	1	0
2598	0	1
2599	0	1
2600	0	1
2601	0	1
2602	1	0
2603	1	0
2604	0	1
2605	1	0
2606	1	0
2607	0	1
2608	0	1
2609	1	0
2610	1	0
2611	1	0
2612	0	1
2613	0	1
2614	0	1
2615	1	0
2616	1	0
2617	1	0
2618	1	0
2619	1	0
2620	1	0
2621	1	0
2622	0	1
2623	1	0
2624	1	0
2625	1	0
2626	0	1
2627	0	1
2628	1	0
2629	1	0
2630	1	0
2631	1	0
2632	1	0
2633	0	1
2634	1	0
2635	1	0
2636	0	1
2637	1	0
2638	0	1
2639	0	1
2640	0	1
2641	0	1
2642	0	1
2643	0	1
2644	1	0
2645	0	1
2646	0	1
2647	1	0
2648	0	1
2649	0	1
2650	0	1
2651	0	1
2652	1	0
2653	1	0
2654	0	1
2655	0	1
2656	1	0
2657	0	1
2658	1	0
2659	0	1
2660	1	0
2661	1	0
2662	0	1
2663	0	1
2664	1	0
2665	1	0
2666	0	1
2667	0	1
2668	0	1
2669	1	0
2670	0	1
2671	0	1
2672	0	1
2673	1	0
2674	0	1
2675	0	1
2676	0	1
2677	1	0
2678	0	1
2679	1	0
2680	0	1
2681	0	1
2682	0	1
2683	1	0
2684	1	0
2685	1	0
2686	0	1
2687	0	1
2688	0	1
2689	1	0
2690	1	0
2691	0	1
2692	1	0
2693	0	1
2694	0	1
2695	0	1
2696	1	0
2697	0	1
2698	1	0
2699	0	1
2700	1	0
2701	0	1
2702	0	1
2703	0	1
2704	1	0
2705	0	1
2706	0	1
2707	1	0
2708	1	0
2709	0	1
2710	0	1
2711	1	0
2712	1	0
2713	1	0
2714	0	1
2715	1	0
2716	1	0
2717	1	0
2718	0	1
2719	0	1
2720	0	1
2721	0	1
2722	0	1
2723	1	0
2724	0	1
2725	1	0
2726	0	1
2727	0	1
2728	1	0
2729	0	1
2730	1	0
2731	1	0
2732	1	0
2733	0	1
2734	0	1
2735	0	1
2736	1	0
2737	0	1
2738	0	1
2739	1	0
2740	0	1
2741	1	0
2742	1	0
2743	1	0
2744	1	0
2745	0	1
2746	0	1
2747	0	1
2748	0	1
2749	0	1
2750	1	0
2751	0	1
2752	0	1
2753	0	1
2754	1	0
2755	1	0
2756	1	0
2757	0	1
2758	1	0
2759	1	0
2760	0	1
2761	1	0
2762	1	0
2763	0	1
2764	0	1
2765	1	0
2766	0	1
2767	0	1
2768	1	0
2769	1	0
2770	0	1
2771	1	0
2772	1	0
2773	0	1
2774	1	0
2775	0	1
2776	0	1
2777	0	1
2778	1	0
2779	1	0
2780	0	1
2781	0	1
2782	1	0
2783	1	0
2784	1	0
2785	1	0
2786	0	1
2787	0	1
2788	1	0
2789	1	0
2790	0	1
2791	1	0
2792	1	0
2793	1	0
2794	1	0
2795	0	1
2796	1	0
2797	1	0
2798	1	0
2799	0	1
2800	0	1
2801	1	0
2802	1	0
2803	1	0
2804	0	1
2805	1	0
2806	0	1
2807	1	0
2808	0	1
2809	0	1
2810	1	0
2811	0	1
2812	0	1
2813	1	0
2814	0	1
2815	1	0
2816	1	0
2817	1	0
2818	1	0
2819	1	0
2820	1	0
2821	1	0
2822	1	0
2823	1	0
2824	1	0
2825	1	0
2826	1	0
2827	0	1
2828	0	1
2829	1	0
2830	0	1
2831	1	0
2832	1	0
2833	1	0
2834	0	1
2835	1	0
2836	0	1
2837	0	1
2838	0	1
2839	0	1
2840	1	0
2841	1	0
2842	0	1
2843	0	1
2844	1	0
2845	1	0
2846	0	1
2847	0	1
2848	0	1
2849	0	1
2850	0	1
2851	1	0
2852	1	0
2853	0	1
2854	1	0
2855	1	0
2856	0	1
2857	0	1
2858	1	0
2859	1	0
2860	0	1
2861	0	1
2862	0	1
2863	1	0
2864	1	0
2865	1	0
2866	0	1
2867	1	0
2868	1	0
2869	0	1
2870	0	1
2871	1	0
2872	1	0
2873	1	0
2874	1	0
2875	0	1
2876	1	0
2877	0	1
2878	1	0
2879	0	1
2880	1	0
2881	1	0
2882	0	1
2883	1	0
2884	1	0
2885	0	1
2886	1	0
2887	0	1
2888	0	1
2889	0	1
2890	0	1
2891	0	1
2892	0	1
2893	1	0
2894	1	0
2895	1	0
2896	1	0
2897	0	1
2898	0	1
2899	1	0
2900	1	0
2901	0	1
2902	0	1
2903	1	0
2904	0	1
2905	1	0
2906	0	1
2907	0	1
2908	0	1
2909	1	0
2910	0	1
2911	1	0
2912	1	0
2913	0	1
2914	1	0
2915	1	0
2916	1	0
2917	1	0
2918	0	1
2919	0	1
2920	0	1
2921	0	1
2922	1	0
2923	0	1
2924	1	0
2925	0	1
2926	0	1
2927	0	1
2928	1	0
2929	1	0
2930	0	1
2931	0	1
2932	0	1
2933	0	1
2934	0	1
2935	0	1
2936	0	1
2937	1	0
2938	1	0
2939	0	1
2940	0	1
2941	1	0
2942	1	0
2943	0	1
2944	1	0
2945	1	0
2946	0	1
2947	1	0
2948	1	0
2949	1	0
2950	0	1
2951	1	0
2952	1	0
2953	0	1
2954	1	0
2955	1	0
2956	0	1
2957	0	1
2958	0	1
2959	0	1
2960	0	1
2961	1	0
2962	1	0
2963	0	1
2964	1	0
2965	1	0
2966	0	1
2967	0	1
2968	0	1
2969	1	0
2970	0	1
2971	1	0
2972	1	0
2973	0	1
2974	1	0
2975	0	1
2976	1	0
2977	0	1
2978	0	1
2979	1	0
2980	1	0
2981	0	1
2982	1	0
2983	1	0
2984	0	1
2985	1	0
2986	1	0
2987	1	0
2988	0	1
2989	1	0
2990	0	1
2991	1	0
2992	0	1
2993	1	0
2994	0	1
2995	1	0
2996	1	0
2997	0	1
2998	1	0
2999	0	1
3000	0	1
3001	1	0
3002	1	0
3003	0	1
3004	0	1
3005	1	0
3006	0	1
3007	0	1
3008	1	0
3009	0	1
3010	1	0
3011	0	1
3012	1	0
3013	1	0
3014	1	0
3015	0	1
3016	1	0
3017	1	0
3018	1	0
3019	0	1
3020	1	0
3021	0	1
3022	1	0
3023	1	0
3024	0	1
3025	0	1
3026	0	1
3027	0	1
3028	1	0
3029	0	1
3030	0	1
3031	0	1
3032	1	0
3033	1	0
3034	0	1
3035	1	0
3036	0	1
3037	0	1
3038	0	1
3039	1	0
3040	0	1
3041	0	1
3042	0	1
3043	0	1
3044	1	0
3045	1	0
3046	0	1
3047	1	0
3048	0	1
3049	1	0
3050	1	0
3051	1	0
3052	0	1
3053	1	0
3054	0	1
3055	1	0
3056	0	1
3057	0	1
3058	0	1
3059	0	1
3060	0	1
3061	0	1
3062	0	1
3063	0	1
3064	0	1
3065	0	1
3066	0	1
3067	1	0
3068	0	1
3069	1	0
3070	0	1
3071	1	0
3072	0	1
3073	0	1
3074	1	0
3075	0	1
3076	1	0
3077	0	1
3078	0	1
3079	1	0
3080	1	0
3081	0	1
3082	0	1
3083	1	0
3084	0	1
3085	0	1
3086	0	1
3087	0	1
3088	0	1
3089	0	1
3090	0	1
3091	1	0
3092	1	0
3093	0	1
3094	0	1
3095	1	0
3096	0	1
3097	0	1
3098	1	0
3099	0	1
3100	1	0
3101	1	0
3102	1	0
3103	0	1
3104	1	0
3105	0	1
3106	0	1
3107	0	1
3108	0	1
3109	1	0
3110	0	1
3111	1	0
3112	0	1
3113	0	1
3114	0	1
3115	1	0
3116	0	1
3117	0	1
3118	1	0
3119	0	1
3120	0	1
3121	0	1
3122	1	0
3123	0	1
3124	1	0
3125	1	0
3126	1	0
3127	0	1
3128	1	0
3129	0	1
3130	0	1
3131	0	1
3132	0	1
3133	1	0
3134	1	0
3135	0	1
3136	1	0
3137	0	1
3138	0	1
3139	0	1
3140	1	0
3141	1	0
3142	0	1
3143	0	1
3144	1	0
3145	1	0
3146	1	0
3147	0	1
3148	0	1
3149	0	1
3150	1	0
3151	0	1
3152	0	1
3153	1	0
3154	0	1
3155	1	0
3156	1	0
3157	1	0
3158	1	0
3159	0	1
3160	0	1
3161	0	1
3162	0	1
3163	1	0
3164	0	1
3165	1	0
3166	1	0
3167	0	1
3168	0	1
3169	1	0
3170	1	0
3171	1	0
3172	1	0
3173	0	1
3174	1	0
3175	0	1
3176	0	1
3177	0	1
3178	1	0
3179	1	0
3180	0	1
3181	1	0
3182	1	0
3183	0	1
3184	1	0
3185	1	0
3186	1	0
3187	1	0
3188	1	0
3189	0	1
3190	1	0
3191	1	0
3192	1	0
3193	1	0
3194	1	0
3195	0	1
3196	0	1
3197	0	1
3198	1	0
3199	0	1
3200	1	0
3201	0	1
3202	0	1
3203	0	1
3204	0	1
3205	0	1
3206	0	1
3207	1	0
3208	1	0
3209	1	0
3210	0	1
3211	1	0
3212	1	0
3213	1	0
3214	1	0
3215	0	1
3216	0	1
3217	0	1
3218	1	0
3219	1	0
3220	0	1
3221	1	0
3222	0	1
3223	1	0
3224	1	0
3225	0	1
3226	0	1
3227	1	0
3228	1	0
3229	0	1
3230	1	0
3231	0	1
3232	1	0
3233	1	0
3234	0	1
3235	1	0
3236	1	0
3237	1	0
3238	1	0
3239	0	1
3240	0	1
3241	1	0
3242	0	1
3243	0	1
3244	1	0
3245	0	1
3246	0	1
3247	1	0
3248	1	0
3249	0	1
3250	0	1
3251	0	1
3252	0	1
3253	1	0
3254	1	0
3255	0	1
3256	1	0
3257	1	0
3258	0	1
3259	0	1
3260	1	0
3261	1	0
3262	0	1
3263	1	0
3264	1	0
3265	1	0
3266	1	0
3267	0	1
3268	1	0
3269	0	1
3270	0	1
3271	1	0
3272	0	1
3273	0	1
3274	0	1
3275	0	1
3276	1	0
3277	0	1
3278	1	0
3279	1	0
3280	1	0
3281	0	1
3282	0	1
3283	0	1
3284	0	1
3285	0	1
3286	0	1
3287	1	0
3288	1	0
3289	1	0
3290	1	0
3291	1	0
3292	0	1
3293	1	0
3294	0	1
3295	0	1
3296	0	1
3297	1	0
3298	1	0
3299	0	1
3300	0	1
3301	0	1
3302	0	1
3303	0	1
3304	0	1
3305	1	0
3306	1	0
3307	0	1
3308	1	0
3309	0	1
3310	0	1
3311	0	1
3312	0	1
3313	1	0
3314	1	0
3315	0	1
3316	1	0
3317	1	0
3318	0	1
3319	0	1
3320	1	0
3321	0	1
3322	0	1
3323	0	1
3324	0	1
3325	0	1
3326	0	1
3327	0	1
3328	1	0
3329	1	0
3330	1	0
3331	1	0
3332	0	1
3333	0	1
3334	0	1
3335	0	1
3336	1	0
3337	0	1
3338	0	1
3339	0	1
3340	1	0
3341	0	1
3342	1	0
3343	1	0
3344	0	1
3345	1	0
3346	1	0
3347	0	1
3348	0	1
3349	1	0
3350	1	0
3351	0	1
3352	1	0
3353	1	0
3354	0	1
3355	1	0
3356	0	1
3357	1	0
3358	1	0
3359	1	0
3360	1	0
3361	0	1
3362	0	1
3363	1	0
3364	1	0
3365	1	0
3366	1	0
3367	0	1
3368	1	0
3369	0	1
3370	0	1
3371	1	0
3372	0	1
3373	1	0
3374	0	1
3375	1	0
3376	0	1
3377	1	0
3378	0	1
3379	1	0
3380	0	1
3381	0	1
3382	0	1
3383	1	0
3384	1	0
3385	0	1
3386	1	0
3387	0	1
3388	0	1
3389	0	1
3390	0	1
3391	1	0
3392	0	1
3393	1	0
3394	0	1
3395	0	1
3396	1	0
3397	1	0
3398	1	0
3399	1	0
3400	1	0
3401	0	1
3402	1	0
3403	1	0
3404	1	0
3405	1	0
3406	1	0
3407	1	0
3408	0	1
3409	0	1
3410	1	0
3411	0	1
3412	0	1
3413	0	1
3414	0	1
3415	0	1
3416	0	1
3417	1	0
3418	1	0
3419	0	1
3420	0	1
3421	0	1
3422	0	1
3423	1	0
3424	0	1
3425	0	1
3426	1	0
3427	1	0
3428	0	1
3429	0	1
3430	1	0
3431	1	0
3432	1	0
3433	1	0
3434	1	0
3435	1	0
3436	1	0
3437	1	0
3438	0	1
3439	1	0
3440	0	1
3441	0	1
3442	1	0
3443	1	0
3444	1	0
3445	0	1
3446	1	0
3447	0	1
3448	1	0
3449	0	1
3450	1	0
3451	1	0
3452	1	0
3453	0	1
3454	1	0
3455	1	0
3456	1	0
3457	1	0
3458	1	0
3459	0	1
3460	0	1
3461	1	0
3462	1	0
3463	1	0
3464	0	1
3465	1	0
3466	0	1
3467	0	1
3468	1	0
3469	1	0
3470	1	0
3471	0	1
3472	0	1
3473	1	0
3474	1	0
3475	1	0
3476	1	0
3477	0	1
3478	1	0
3479	1	0
3480	0	1
3481	0	1
3482	0	1
3483	0	1
3484	1	0
3485	0	1
3486	1	0
3487	0	1
3488	0	1
3489	0	1
3490	1	0
3491	1	0
3492	1	0
3493	1	0
3494	0	1
3495	1	0
3496	0	1
3497	0	1
3498	0	1
3499	0	1
3500	1	0
3501	1	0
3502	1	0
3503	0	1
3504	0	1
3505	1	0
3506	0	1
3507	1	0
3508	1	0
3509	1	0
3510	0	1
3511	1	0
3512	1	0
3513	0	1
3514	0	1
3515	0	1
3516	0	1
3517	0	1
3518	1	0
3519	1	0
3520	1	0
3521	0	1
3522	1	0
3523	1	0
3524	1	0
3525	1	0
3526	1	0
3527	0	1
3528	1	0
3529	0	1
3530	0	1
3531	0	1
3532	0	1
3533	0	1
3534	0	1
3535	0	1
3536	1	0
3537	0	1
3538	0	1
3539	1	0
3540	1	0
3541	0	1
3542	0	1
3543	0	1
3544	1	0
3545	1	0
3546	0	1
3547	0	1
3548	1	0
3549	0	1
3550	1	0
3551	0	1
3552	0	1
3553	1	0
3554	1	0
3555	1	0
3556	0	1
3557	1	0
3558	1	0
3559	1	0
3560	1	0
3561	1	0
3562	0	1
3563	0	1
3564	0	1
3565	1	0
3566	0	1
3567	0	1
3568	1	0
3569	1	0
3570	1	0
3571	0	1
3572	0	1
3573	1	0
3574	1	0
3575	0	1
3576	0	1
3577	1	0
3578	0	1
3579	0	1
3580	1	0
3581	1	0
3582	1	0
3583	1	0
3584	0	1
3585	0	1
3586	0	1
3587	1	0
3588	0	1
3589	1	0
3590	1	0
3591	1	0
3592	0	1
3593	0	1
3594	0	1
3595	1	0
3596	0	1
3597	0	1
3598	0	1
3599	1	0
3600	1	0
3601	1	0
3602	0	1
3603	1	0
3604	1	0
3605	0	1
3606	0	1
3607	0	1
3608	0	1
3609	0	1
3610	0	1
3611	0	1
3612	1	0
3613	0	1
3614	0	1
3615	1	0
3616	1	0
3617	1	0
3618	1	0
3619	1	0
3620	1	0
3621	0	1
3622	0	1
3623	0	1
3624	0	1
3625	1	0
3626	1	0
3627	1	0
3628	1	0
3629	0	1
3630	0	1
3631	0	1
3632	1	0
3633	0	1
3634	1	0
3635	1	0
3636	1	0
3637	1	0
3638	0	1
3639	1	0
3640	1	0
3641	1	0
3642	0	1
3643	0	1
3644	0	1
3645	0	1
3646	1	0
3647	0	1
3648	0	1
3649	1	0
3650	1	0
3651	0	1
3652	1	0
3653	0	1
3654	0	1
3655	0	1
3656	1	0
3657	0	1
3658	1	0
3659	1	0
3660	1	0
3661	1	0
3662	1	0
3663	0	1
3664	0	1
3665	0	1
3666	0	1
3667	0	1
3668	1	0
3669	1	0
3670	1	0
3671	1	0
3672	1	0
3673	0	1
3674	0	1
3675	1	0
3676	1	0
3677	1	0
3678	1	0
3679	1	0
3680	0	1
3681	1	0
3682	0	1
3683	0	1
3684	1	0
3685	1	0
3686	0	1
3687	0	1
3688	1	0
3689	0	1
3690	1	0
3691	0	1
3692	1	0
3693	1	0
3694	1	0
3695	0	1
3696	1	0
3697	1	0
3698	1	0
3699	1	0
3700	1	0
3701	1	0
3702	1	0
3703	0	1
3704	0	1
3705	1	0
3706	0	1
3707	0	1
3708	1	0
3709	0	1
3710	1	0
3711	1	0
3712	1	0
3713	1	0
3714	1	0
3715	0	1
3716	1	0
3717	1	0
3718	1	0
3719	0	1
3720	0	1
3721	1	0
3722	0	1
3723	1	0
3724	1	0
3725	1	0
3726	1	0
3727	1	0
3728	1	0
3729	1	0
3730	1	0
3731	1	0
3732	1	0
3733	1	0
3734	1	0
3735	1	0
3736	1	0
3737	1	0
3738	1	0
3739	1	0
3740	0	1
3741	0	1
3742	0	1
3743	1	0
3744	1	0
3745	1	0
3746	1	0
3747	0	1
3748	1	0
3749	1	0
3750	1	0
3751	1	0
3752	1	0
3753	0	1
3754	0	1
3755	0	1
3756	0	1
3757	1	0
3758	0	1
3759	0	1
3760	1	0
3761	0	1
3762	1	0
3763	0	1
3764	1	0
3765	0	1
3766	1	0
3767	0	1
3768	0	1
3769	1	0
3770	0	1
3771	1	0
3772	0	1
3773	0	1
3774	1	0
3775	0	1
3776	1	0
3777	0	1
3778	0	1
3779	0	1
3780	1	0
3781	1	0
3782	1	0
3783	0	1
3784	1	0
3785	1	0
3786	0	1
3787	1	0
3788	1	0
3789	0	1
3790	0	1
3791	1	0
3792	1	0
3793	0	1
3794	1	0
3795	1	0
3796	0	1
3797	1	0
3798	0	1
3799	0	1
3800	1	0
3801	0	1
3802	0	1
3803	0	1
3804	0	1
3805	1	0
3806	0	1
3807	0	1
3808	1	0
3809	1	0
3810	1	0
3811	1	0
3812	0	1
3813	1	0
3814	1	0
3815	0	1
3816	1	0
3817	0	1
3818	1	0
3819	1	0
3820	1	0
3821	0	1
3822	1	0
3823	1	0
3824	1	0
3825	1	0
3826	0	1
3827	0	1
3828	0	1
3829	1	0
3830	0	1
3831	1	0
3832	0	1
3833	1	0
3834	0	1
3835	0	1
3836	1	0
3837	1	0
3838	1	0
3839	1	0
3840	0	1
3841	0	1
3842	1	0
3843	0	1
3844	0	1
3845	0	1
3846	0	1
3847	0	1
3848	1	0
3849	1	0
3850	0	1
3851	1	0
3852	0	1
3853	1	0
3854	0	1
3855	0	1
3856	0	1
3857	1	0
3858	0	1
3859	1	0
3860	0	1
3861	1	0
3862	1	0
3863	1	0
3864	0	1
3865	0	1
3866	1	0
3867	0	1
3868	1	0
3869	1	0
3870	0	1
3871	0	1
3872	1	0
3873	1	0
3874	0	1
3875	0	1
3876	1	0
3877	1	0
3878	1	0
3879	0	1
3880	1	0
3881	0	1
3882	0	1
3883	1	0
3884	0	1
3885	0	1
3886	1	0
3887	1	0
3888	1	0
3889	1	0
3890	0	1
3891	0	1
3892	1	0
3893	0	1
3894	0	1
3895	0	1
3896	1	0
3897	0	1
3898	0	1
3899	0	1
3900	0	1
3901	1	0
3902	0	1
3903	0	1
3904	0	1
3905	0	1
3906	1	0
3907	1	0
3908	0	1
3909	0	1
3910	1	0
3911	0	1
3912	1	0
3913	1	0
3914	1	0
3915	0	1
3916	0	1
3917	0	1
3918	1	0
3919	1	0
3920	0	1
3921	1	0
3922	1	0
3923	1	0
3924	1	0
3925	1	0
3926	1	0
3927	0	1
3928	0	1
3929	1	0
3930	0	1
3931	1	0
3932	0	1
3933	1	0
3934	0	1
3935	1	0
3936	1	0
3937	1	0
3938	0	1
3939	0	1
3940	1	0
3941	1	0
3942	1	0
3943	1	0
3944	0	1
3945	0	1
3946	0	1
3947	0	1
3948	0	1
3949	1	0
3950	1	0
3951	0	1
3952	0	1
3953	1	0
3954	0	1
3955	1	0
3956	1	0
3957	1	0
3958	0	1
3959	1	0
3960	0	1
3961	0	1
3962	0	1
3963	0	1
3964	0	1
3965	0	1
3966	0	1
3967	0	1
3968	1	0
3969	1	0
3970	1	0
3971	1	0
3972	1	0
3973	1	0
3974	0	1
3975	0	1
3976	0	1
3977	1	0
3978	0	1
3979	1	0
3980	0	1
3981	1	0
3982	0	1
3983	0	1
3984	0	1
3985	1	0
3986	1	0
3987	0	1
3988	0	1
3989	1	0
3990	1	0
3991	1	0
3992	1	0
3993	1	0
3994	1	0
3995	0	1
3996	0	1
3997	0	1
3998	1	0
3999	1	0
4000	0	1
4001	1	0
4002	1	0
4003	1	0
4004	0	1
4005	0	1
4006	0	1
4007	0	1
4008	1	0
4009	0	1
4010	0	1
4011	0	1
4012	0	1
4013	0	1
4014	1	0
4015	1	0
4016	1	0
4017	0	1
4018	0	1
4019	0	1
4020	1	0
4021	0	1
4022	1	0
4023	1	0
4024	1	0
4025	0	1
4026	1	0
4027	1	0
4028	1	0
4029	0	1
4030	1	0
4031	1	0
4032	1	0
4033	1	0
4034	0	1
4035	0	1
4036	1	0
4037	1	0
4038	1	0
4039	0	1
4040	0	1
4041	0	1
4042	1	0
4043	1	0
4044	1	0
4045	1	0
4046	0	1
4047	0	1
4048	1	0
4049	1	0
4050	0	1
4051	1	0
4052	1	0
4053	0	1
4054	1	0
4055	0	1
4056	0	1
4057	1	0
4058	1	0
4059	1	0
4060	1	0
4061	1	0
4062	0	1
4063	1	0
4064	0	1
4065	1	0
4066	0	1
4067	0	1
4068	1	0
4069	0	1
4070	1	0
4071	1	0
4072	1	0
4073	1	0
4074	0	1
4075	1	0
4076	1	0
4077	1	0
4078	0	1
4079	1	0
4080	1	0
4081	1	0
4082	1	0
4083	0	1
4084	0	1
4085	1	0
4086	1	0
4087	0	1
4088	1	0
4089	0	1
4090	1	0
4091	0	1
4092	1	0
4093	1	0
4094	0	1
4095	0	1
4096	0	1
4097	1	0
4098	0	1
4099	1	0
4100	1	0
4101	1	0
4102	1	0
4103	1	0
4104	0	1
4105	0	1
4106	0	1
4107	1	0
4108	1	0
4109	1	0
4110	1	0
4111	0	1
4112	1	0
4113	1	0
4114	1	0
4115	1	0
4116	1	0
4117	0	1
4118	1	0
4119	0	1
4120	1	0
4121	1	0
4122	0	1
4123	0	1
4124	0	1
4125	0	1
4126	1	0
4127	0	1
4128	0	1
4129	1	0
4130	1	0
4131	0	1
4132	1	0
4133	1	0
4134	0	1
4135	1	0
4136	1	0
4137	0	1
4138	0	1
4139	0	1
4140	0	1
4141	0	1
4142	0	1
4143	1	0
4144	1	0
4145	0	1
4146	0	1
4147	0	1
4148	1	0
4149	1	0
4150	1	0
4151	0	1
4152	0	1
4153	0	1
4154	1	0
4155	0	1
4156	0	1
4157	1	0
4158	0	1
4159	0	1
4160	1	0
4161	1	0
4162	1	0
4163	0	1
4164	1	0
4165	0	1
4166	0	1
4167	0	1
4168	0	1
4169	0	1
4170	0	1
4171	1	0
4172	1	0
4173	1	0
4174	0	1
4175	0	1
4176	1	0
4177	1	0
4178	1	0
4179	1	0
4180	1	0
4181	1	0
4182	0	1
4183	0	1
4184	1	0
4185	0	1
4186	0	1
4187	0	1
4188	1	0
4189	0	1
4190	1	0
4191	0	1
4192	0	1
4193	0	1
4194	0	1
4195	1	0
4196	1	0
4197	0	1
4198	1	0
4199	0	1
4200	0	1
4201	1	0
4202	0	1
4203	0	1
4204	0	1
4205	1	0
4206	0	1
4207	1	0
4208	1	0
4209	1	0
4210	0	1
4211	1	0
4212	1	0
4213	1	0
4214	1	0
4215	1	0
4216	1	0
4217	1	0
4218	1	0
4219	0	1
4220	0	1
4221	0	1
4222	1	0
4223	1	0
4224	1	0
4225	0	1
4226	0	1
4227	1	0
4228	1	0
4229	0	1
4230	1	0
4231	1	0
4232	1	0
4233	1	0
4234	1	0
4235	0	1
4236	0	1
4237	1	0
4238	0	1
4239	1	0
4240	1	0
4241	1	0
4242	1	0
4243	0	1
4244	0	1
4245	0	1
4246	0	1
4247	0	1
4248	0	1
4249	0	1
4250	0	1
4251	1	0
4252	1	0
4253	0	1
4254	0	1
4255	0	1
4256	0	1
4257	0	1
4258	0	1
4259	0	1
4260	0	1
4261	1	0
4262	0	1
4263	0	1
4264	1	0
4265	0	1
4266	0	1
4267	1	0
4268	1	0
4269	0	1
4270	1	0
4271	0	1
4272	1	0
4273	0	1
4274	1	0
4275	1	0
4276	1	0
4277	0	1
4278	0	1
4279	0	1
4280	0	1
4281	1	0
4282	1	0
4283	0	1
4284	1	0
4285	0	1
4286	0	1
4287	1	0
4288	0	1
4289	1	0
4290	0	1
4291	0	1
4292	0	1
4293	0	1
4294	1	0
4295	1	0
4296	0	1
4297	1	0
4298	1	0
4299	1	0
4300	1	0
4301	0	1
4302	0	1
4303	0	1
4304	1	0
4305	0	1
4306	1	0
4307	0	1
4308	0	1
4309	1	0
4310	0	1
4311	0	1
4312	1	0
4313	0	1
4314	0	1
4315	0	1
4316	1	0
4317	1	0
4318	1	0
4319	0	1
4320	1	0
4321	1	0
4322	1	0
4323	0	1
4324	1	0
4325	1	0
4326	0	1
4327	1	0
4328	0	1
4329	1	0
4330	0	1
4331	1	0
4332	1	0
4333	1	0
4334	0	1
4335	1	0
4336	1	0
4337	0	1
4338	0	1
4339	0	1
4340	1	0
4341	0	1
4342	0	1
4343	1	0
4344	0	1
4345	1	0
4346	1	0
4347	1	0
4348	0	1
4349	1	0
4350	0	1
4351	1	0
4352	0	1
4353	0	1
4354	1	0
4355	0	1
4356	1	0
4357	1	0
4358	1	0
4359	1	0
4360	1	0
4361	1	0
4362	0	1
4363	1	0
4364	0	1
4365	0	1
4366	1	0
4367	1	0
4368	0	1
4369	0	1
4370	1	0
4371	1	0
4372	1	0
4373	0	1
4374	1	0
4375	1	0
4376	0	1
4377	0	1
4378	0	1
4379	1	0
4380	1	0
4381	0	1
4382	1	0
4383	1	0
4384	0	1
4385	1	0
4386	0	1
4387	0	1
4388	0	1
4389	0	1
4390	0	1
4391	1	0
4392	1	0
4393	1	0
4394	0	1
4395	0	1
4396	0	1
4397	1	0
4398	1	0
4399	0	1
4400	1	0
4401	0	1
4402	0	1
4403	0	1
4404	0	1
4405	1	0
4406	1	0
4407	0	1
4408	1	0
4409	0	1
4410	1	0
4411	1	0
4412	1	0
4413	0	1
4414	1	0
4415	0	1
4416	0	1
4417	0	1
4418	1	0
4419	1	0
4420	0	1
4421	0	1
4422	0	1
4423	0	1
4424	0	1
4425	1	0
4426	0	1
4427	0	1
4428	0	1
4429	1	0
4430	0	1
4431	1	0
4432	1	0
4433	1	0
4434	0	1
4435	1	0
4436	0	1
4437	1	0
4438	1	0
4439	1	0
4440	0	1
4441	0	1
4442	0	1
4443	1	0
4444	1	0
4445	1	0
4446	1	0
4447	1	0
4448	1	0
4449	1	0
4450	1	0
4451	1	0
4452	0	1
4453	0	1
4454	0	1
4455	1	0
4456	0	1
4457	0	1
4458	0	1
4459	1	0
4460	1	0
4461	0	1
4462	0	1
4463	1	0
4464	1	0
4465	0	1
4466	1	0
4467	1	0
4468	1	0
4469	1	0
4470	0	1
4471	0	1
4472	1	0
4473	0	1
4474	1	0
4475	0	1
4476	1	0
4477	0	1
4478	0	1
4479	0	1
4480	0	1
4481	1	0
4482	0	1
4483	1	0
4484	0	1
4485	1	0
4486	1	0
4487	0	1
4488	1	0
4489	1	0
4490	1	0
4491	0	1
4492	0	1
4493	0	1
4494	0	1
4495	0	1
4496	1	0
4497	1	0
4498	1	0
4499	1	0
4500	0	1
4501	0	1
4502	0	1
4503	0	1
4504	0	1
4505	0	1
4506	1	0
4507	1	0
4508	0	1
4509	1	0
4510	1	0
4511	0	1
4512	0	1
4513	0	1
4514	0	1
4515	0	1
4516	1	0
4517	1	0
4518	1	0
4519	1	0
4520	1	0
4521	0	1
4522	1	0
4523	0	1
4524	0	1
4525	1	0
4526	1	0
4527	1	0
4528	1	0
4529	1	0
4530	0	1
4531	0	1
4532	1	0
4533	1	0
4534	1	0
4535	1	0
4536	1	0
4537	1	0
4538	0	1
4539	0	1
4540	0	1
4541	1	0
4542	0	1
4543	0	1
4544	1	0
4545	1	0
4546	1	0
4547	0	1
4548	1	0
4549	0	1
4550	1	0
4551	1	0
4552	1	0
4553	1	0
4554	1	0
4555	1	0
4556	1	0
4557	0	1
4558	1	0
4559	1	0
4560	0	1
4561	1	0
4562	1	0
4563	1	0
4564	0	1
4565	0	1
4566	1	0
4567	1	0
4568	0	1
4569	1	0
4570	0	1
4571	0	1
4572	1	0
4573	0	1
4574	0	1
4575	1	0
4576	0	1
4577	0	1
4578	0	1
4579	1	0
4580	0	1
4581	0	1
4582	1	0
4583	1	0
4584	1	0
4585	1	0
4586	0	1
4587	1	0
4588	1	0
4589	0	1
4590	1	0
4591	0	1
4592	0	1
4593	1	0
4594	1	0
4595	1	0
4596	1	0
4597	1	0
4598	0	1
4599	1	0
4600	1	0
4601	1	0
4602	0	1
4603	1	0
4604	0	1
4605	1	0
4606	1	0
4607	1	0
4608	0	1
4609	0	1
4610	1	0
4611	0	1
4612	1	0
4613	0	1
4614	0	1
4615	1	0
4616	1	0
4617	0	1
4618	0	1
4619	0	1
4620	1	0
4621	0	1
4622	0	1
4623	1	0
4624	1	0
4625	0	1
4626	1	0
4627	1	0
4628	0	1
4629	0	1
4630	1	0
4631	1	0
4632	1	0
4633	0	1
4634	0	1
4635	1	0
4636	1	0
4637	0	1
4638	0	1
4639	1	0
4640	0	1
4641	1	0
4642	0	1
4643	0	1
4644	1	0
4645	1	0
4646	1	0
4647	1	0
4648	0	1
4649	0	1
4650	0	1
4651	0	1
4652	1	0
4653	0	1
4654	1	0
4655	0	1
4656	0	1
4657	0	1
4658	0	1
4659	1	0
4660	1	0
4661	1	0
4662	1	0
4663	0	1
4664	1	0
4665	1	0
4666	0	1
4667	1	0
4668	1	0
4669	0	1
4670	0	1
4671	1	0
4672	1	0
4673	1	0
4674	0	1
4675	1	0
4676	0	1
4677	0	1
4678	0	1
4679	0	1
4680	1	0
4681	0	1
4682	0	1
4683	0	1
4684	1	0
4685	1	0
4686	0	1
4687	0	1
4688	1	0
4689	1	0
4690	1	0
4691	1	0
4692	1	0
4693	0	1
4694	1	0
4695	0	1
4696	0	1
4697	1	0
4698	1	0
4699	1	0
4700	0	1
4701	0	1
4702	0	1
4703	1	0
4704	0	1
4705	1	0
4706	1	0
4707	1	0
4708	0	1
4709	0	1
4710	1	0
4711	0	1
4712	1	0
4713	0	1
4714	1	0
4715	0	1
4716	0	1
4717	1	0
4718	1	0
4719	0	1
4720	0	1
4721	1	0
4722	1	0
4723	1	0
4724	0	1
4725	1	0
4726	0	1
4727	1	0
4728	0	1
4729	1	0
4730	1	0
4731	1	0
4732	1	0
4733	1	0
4734	0	1
4735	0	1
4736	1	0
4737	1	0
4738	0	1
4739	0	1
4740	0	1
4741	0	1
4742	1	0
4743	0	1
4744	0	1
4745	0	1
4746	1	0
4747	1	0
4748	0	1
4749	1	0
4750	1	0
4751	1	0
4752	0	1
4753	1	0
4754	1	0
4755	0	1
4756	1	0
4757	0	1
4758	1	0
4759	0	1
4760	0	1
4761	0	1
4762	0	1
4763	1	0
4764	1	0
4765	1	0
4766	0	1
4767	0	1
4768	0	1
4769	0	1
4770	1	0
4771	0	1
4772	1	0
4773	0	1
4774	0	1
4775	1	0
4776	1	0
4777	0	1
4778	1	0
4779	0	1
4780	1	0
4781	0	1
4782	1	0
4783	1	0
4784	0	1
4785	0	1
4786	0	1
4787	1	0
4788	0	1
4789	0	1
4790	1	0
4791	0	1
4792	1	0
4793	0	1
4794	1	0
4795	0	1
4796	0	1
4797	0	1
4798	1	0
4799	1	0
4800	0	1
4801	0	1
4802	1	0
4803	0	1
4804	0	1
4805	1	0
4806	1	0
4807	1	0
4808	1	0
4809	0	1
4810	1	0
4811	1	0
4812	0	1
4813	0	1
4814	1	0
4815	1	0
4816	1	0
4817	0	1
4818	0	1
4819	0	1
4820	0	1
4821	1	0
4822	0	1
4823	1	0
4824	0	1
4825	1	0
4826	0	1
4827	0	1
4828	0	1
4829	1	0
4830	1	0
4831	0	1
4832	1	0
4833	1	0
4834	1	0
4835	1	0
4836	1	0
4837	0	1
4838	0	1
4839	1	0
4840	1	0
4841	1	0
4842	0	1
4843	0	1
4844	1	0
4845	1	0
4846	0	1
4847	1	0
4848	1	0
4849	1	0
4850	0	1
4851	0	1
4852	0	1
4853	1	0
4854	0	1
4855	1	0
4856	0	1
4857	1	0
4858	0	1
4859	0	1
4860	1	0
4861	1	0
4862	1	0
4863	0	1
4864	1	0
4865	1	0
4866	0	1
4867	1	0
4868	0	1
4869	0	1
4870	0	1
4871	0	1
4872	0	1
4873	0	1
4874	0	1
4875	1	0
4876	1	0
4877	0	1
4878	1	0
4879	0	1
4880	0	1
4881	1	0
4882	0	1
4883	0	1
4884	0	1
4885	1	0
4886	1	0
4887	1	0
4888	1	0
4889	1	0
4890	1	0
4891	0	1
4892	1	0
4893	1	0
4894	0	1
4895	0	1
4896	1	0
4897	1	0
4898	1	0
4899	1	0
4900	1	0
4901	0	1
4902	1	0
4903	0	1
4904	1	0
4905	0	1
4906	0	1
4907	1	0
4908	1	0
4909	1	0
4910	0	1
4911	0	1
4912	0	1
4913	0	1
4914	0	1
4915	1	0
4916	1	0
4917	1	0
4918	1	0
4919	0	1
4920	0	1
4921	1	0
4922	0	1
4923	0	1
4924	1	0
4925	1	0
4926	1	0
4927	0	1
4928	1	0
4929	1	0
4930	1	0
4931	1	0
4932	0	1
4933	0	1
4934	0	1
4935	0	1
4936	1	0
4937	1	0
4938	0	1
4939	1	0
4940	1	0
4941	0	1
4942	1	0
4943	1	0
4944	1	0
4945	1	0
4946	0	1
4947	0	1
4948	1	0
4949	0	1
4950	1	0
4951	0	1
4952	0	1
4953	0	1
4954	0	1
4955	1	0
4956	0	1
4957	0	1
4958	0	1
4959	1	0
4960	0	1
4961	0	1
4962	0	1
4963	0	1
4964	1	0
4965	1	0
4966	1	0
4967	0	1
4968	1	0
4969	0	1
4970	1	0
4971	0	1
4972	1	0
4973	1	0
4974	0	1
4975	0	1
4976	0	1
4977	0	1
4978	0	1
4979	0	1
4980	1	0
4981	0	1
4982	1	0
4983	0	1
4984	1	0
4985	0	1
4986	0	1
4987	1	0
4988	0	1
4989	1	0
4990	0	1
4991	0	1
4992	0	1
4993	0	1
4994	0	1
4995	1	0
4996	0	1
4997	1	0
4998	1	0
4999	1	0
