0	1	1	1	
1	1	1	1	
2	0	1	1	
3	0	1	0	
4	0	1	1	
5	0	1	1	
6	0	1	1	
7	1	1	0	
8	1	1	1	
9	0	1	1	
10	1	1	1	
11	1	1	1	
12	1	1	1	
13	0	1	0	
14	0	1	0	
15	1	1	1	
16	1	1	1	
17	0	1	1	
18	0	1	0	
19	1	1	1	
20	1	1	1	
21	0	1	1	
22	1	1	1	
23	0	1	1	
24	0	1	1	
25	1	1	1	
26	1	1	1	
27	1	1	1	
28	0	1	0	
29	0	1	1	
30	1	1	0	
31	0	1	1	
32	0	1	1	
33	0	1	1	
34	0	1	1	
35	0	1	1	
36	0	1	1	
37	0	1	0	
38	0	1	1	
39	0	1	1	
40	0	1	0	
41	0	1	0	
42	1	1	1	
43	0	1	1	
44	1	1	0	
45	0	1	1	
46	0	1	1	
47	0	1	1	
48	0	1	1	
49	0	1	1	
50	1	1	1	
51	1	1	1	
52	0	1	0	
53	0	1	1	
54	0	1	1	
55	0	1	1	
56	0	1	1	
57	1	1	1	
58	1	1	1	
59	1	1	0	
60	0	1	0	
61	0	1	1	
62	1	1	1	
63	1	1	1	
64	0	1	0	
65	1	1	1	
66	0	1	1	
67	0	1	0	
68	0	1	1	
69	1	1	1	
70	0	1	0	
71	0	1	1	
72	0	1	1	
73	0	1	1	
74	1	1	1	
75	0	1	1	
76	1	1	1	
77	0	1	1	
78	1	1	1	
79	0	1	1	
80	1	1	1	
81	0	0	1	
82	1	1	1	
83	0	1	1	
84	0	1	1	
85	0	0	1	
86	0	1	1	
87	0	1	1	
88	0	1	1	
89	0	1	1	
90	0	1	1	
91	0	1	1	
92	0	1	1	
93	0	0	1	
94	0	1	1	
95	0	1	1	
96	0	1	1	
97	0	1	1	
98	1	1	1	
99	0	1	1	
100	0	1	1	
101	0	0	1	
102	0	1	1	
103	0	1	1	
104	0	1	1	
105	1	1	1	
106	0	1	1	
107	0	1	1	
108	1	1	0	
109	0	0	1	
110	1	1	1	
111	0	1	1	
112	0	1	1	
113	1	1	1	
114	1	1	0	
115	1	1	1	
116	0	1	1	
117	0	1	0	
118	0	1	1	
119	0	1	0	
120	0	1	1	
121	1	1	1	
122	1	1	1	
123	1	1	1	
124	1	1	1	
125	0	1	1	
126	0	1	1	
127	0	1	0	
128	0	1	1	
129	0	0	1	
130	0	1	1	
131	0	1	1	
132	1	0	0	
133	0	1	1	
134	1	0	1	
135	0	1	0	
136	0	1	1	
137	0	1	1	
138	0	1	1	
139	0	0	1	
140	1	1	1	
141	0	1	1	
142	1	1	1	
143	0	1	0	
144	0	1	0	
145	0	1	1	
146	0	1	1	
147	0	1	1	
148	0	1	1	
149	0	0	1	
150	0	1	1	
151	1	1	1	
152	0	1	1	
153	1	1	1	
154	0	1	0	
155	0	1	1	
156	1	1	1	
157	1	1	1	
158	1	0	1	
159	0	1	1	
160	1	1	1	
161	1	1	1	
162	1	1	1	
163	0	1	0	
164	0	1	1	
165	1	1	1	
166	0	1	1	
167	0	1	0	
168	0	1	1	
169	0	0	1	
170	0	1	1	
171	0	1	1	
172	1	0	1	
173	0	1	1	
174	0	1	1	
175	0	1	1	
176	0	1	1	
177	0	1	1	
178	0	1	0	
179	0	1	1	
180	0	1	1	
181	0	1	1	
182	0	1	1	
183	1	1	1	
184	0	1	1	
185	0	1	1	
186	1	1	0	
187	1	1	1	
188	1	1	1	
189	0	1	1	
190	0	0	1	
191	0	1	1	
192	1	1	1	
193	1	1	0	
194	0	1	0	
195	1	1	1	
196	0	0	1	
197	1	1	1	
198	0	1	1	
199	0	1	1	
200	0	1	1	
201	0	1	0	
202	0	1	1	
203	1	1	1	
204	0	1	0	
205	0	1	1	
206	0	1	0	
207	0	1	1	
208	0	1	1	
209	1	1	1	
210	0	0	1	
211	0	1	1	
212	0	1	1	
213	0	1	1	
214	0	1	0	
215	0	1	1	
216	0	1	1	
217	1	1	1	
218	1	1	1	
219	1	1	0	
220	0	1	1	
221	0	1	1	
222	1	1	1	
223	0	1	1	
224	0	1	1	
225	0	0	1	
226	0	1	1	
227	0	1	0	
228	0	1	1	
229	0	1	1	
230	1	1	1	
231	0	1	1	
232	0	1	0	
233	0	1	1	
234	0	1	1	
235	1	1	1	
236	1	1	1	
237	0	1	1	
238	0	1	1	
239	1	1	1	
240	1	1	1	
241	0	1	1	
242	0	1	1	
243	1	1	1	
244	0	1	1	
245	0	0	0	
246	0	1	1	
247	0	1	1	
248	0	1	1	
249	0	1	0	
250	0	0	1	
251	0	1	1	
252	0	0	0	
253	0	1	1	
254	0	1	1	
255	1	1	1	
256	0	0	1	
257	1	1	1	
258	0	1	1	
259	1	0	1	
260	1	1	1	
261	0	1	1	
262	0	1	1	
263	0	1	1	
264	0	1	1	
265	1	1	0	
266	0	1	1	
267	0	1	1	
268	0	1	1	
269	0	1	1	
270	0	1	0	
271	0	1	1	
272	1	1	1	
273	0	1	1	
274	0	1	1	
275	0	1	0	
276	0	1	1	
277	0	1	1	
278	1	1	1	
279	0	1	1	
280	1	0	1	
281	0	0	0	
282	0	1	1	
283	0	1	1	
284	0	1	1	
285	0	1	1	
286	0	1	0	
287	1	1	1	
288	0	1	1	
289	0	1	1	
290	0	1	1	
291	0	1	1	
292	1	1	1	
293	1	0	1	
294	0	1	1	
295	0	1	1	
296	0	1	1	
297	1	1	0	
298	0	1	1	
299	0	1	1	
300	0	1	1	
301	1	1	1	
302	0	0	0	
303	1	1	1	
304	0	1	1	
305	0	0	0	
306	1	1	1	
307	0	0	1	
308	1	1	0	
309	1	1	0	
310	0	1	1	
311	0	1	1	
312	0	1	1	
313	1	1	1	
314	0	1	0	
315	0	0	0	
316	0	1	1	
317	0	1	0	
318	1	0	1	
319	0	1	1	
320	1	1	1	
321	0	1	1	
322	1	0	1	
323	1	1	1	
324	1	1	1	
325	0	1	1	
326	0	1	1	
327	0	0	1	
328	0	1	0	
329	0	1	1	
330	0	1	1	
331	0	1	1	
332	1	1	1	
333	0	1	1	
334	0	1	1	
335	0	1	1	
336	0	1	1	
337	0	1	1	
338	1	1	1	
339	1	1	1	
340	1	1	1	
341	0	1	1	
342	1	1	1	
343	1	0	1	
344	0	1	1	
345	0	1	1	
346	1	1	1	
347	0	1	1	
348	0	1	1	
349	0	1	0	
350	0	1	1	
351	0	1	0	
352	0	1	1	
353	1	1	1	
354	0	0	1	
355	1	1	1	
356	0	1	1	
357	0	1	1	
358	0	1	1	
359	0	1	1	
360	0	1	1	
361	0	1	1	
362	1	1	1	
363	0	1	0	
364	1	1	1	
365	1	1	0	
366	1	1	1	
367	1	1	0	
368	0	1	1	
369	0	1	1	
370	1	1	0	
371	1	1	1	
372	0	1	1	
373	0	1	1	
374	0	1	0	
375	1	1	1	
376	0	1	1	
377	0	1	1	
378	1	1	1	
379	1	1	1	
380	1	1	1	
381	0	1	1	
382	0	1	1	
383	0	1	1	
384	1	1	1	
385	1	1	1	
386	1	1	1	
387	0	1	1	
388	0	1	1	
389	0	0	1	
390	0	1	1	
391	0	1	1	
392	0	1	0	
393	0	1	1	
394	0	1	1	
395	0	1	1	
396	0	1	1	
397	0	1	1	
398	1	1	0	
399	0	1	1	
400	0	1	1	
401	1	1	1	
402	0	0	1	
403	1	1	1	
404	0	1	1	
405	0	1	1	
406	0	1	1	
407	0	1	1	
408	1	1	0	
409	1	1	1	
410	1	1	1	
411	0	1	1	
412	1	1	1	
413	0	1	1	
414	0	1	1	
415	0	1	1	
416	0	0	1	
417	0	1	1	
418	1	1	1	
419	0	1	0	
420	0	1	0	
421	1	1	1	
422	0	1	1	
423	0	1	1	
424	0	1	0	
425	0	1	1	
426	1	0	1	
427	1	1	0	
428	0	1	0	
429	1	1	0	
430	0	1	1	
431	1	1	0	
432	0	1	1	
433	0	1	0	
434	1	1	0	
435	0	0	1	
436	0	1	0	
437	0	1	1	
438	0	1	1	
439	1	1	1	
440	1	1	1	
441	0	1	0	
442	0	1	1	
443	1	1	1	
444	0	1	1	
445	1	1	1	
446	0	1	0	
447	1	1	1	
448	0	1	1	
449	0	1	1	
450	1	1	1	
451	1	1	1	
452	0	0	1	
453	0	1	1	
454	0	1	1	
455	0	1	1	
456	0	1	1	
457	1	1	1	
458	0	1	0	
459	0	1	1	
460	0	1	1	
461	1	1	0	
462	0	1	1	
463	1	1	0	
464	0	1	0	
465	0	1	1	
466	0	1	1	
467	0	1	1	
468	0	1	0	
469	0	1	1	
470	0	1	1	
471	1	1	1	
472	1	1	1	
473	0	1	1	
474	1	1	1	
475	0	1	0	
476	1	1	1	
477	1	0	1	
478	0	1	1	
479	0	1	1	
480	0	1	1	
481	0	1	1	
482	0	1	1	
483	1	1	1	
484	0	1	0	
485	0	1	1	
486	0	1	1	
487	0	0	1	
488	0	1	1	
489	1	1	1	
490	0	1	0	
491	0	1	1	
492	0	1	1	
493	1	1	0	
494	0	1	1	
495	0	1	1	
496	0	1	0	
497	0	0	1	
498	0	1	0	
499	0	1	1	
500	0	1	0	
501	1	1	1	
502	1	0	1	
503	0	1	1	
504	1	1	1	
505	0	1	0	
506	0	1	1	
507	0	1	1	
508	0	0	1	
509	0	1	1	
510	0	1	1	
511	0	1	1	
512	0	1	1	
513	0	1	1	
514	1	0	1	
515	0	1	1	
516	0	0	0	
517	0	1	1	
518	1	1	0	
519	0	1	1	
520	1	1	0	
521	0	1	1	
522	0	1	0	
523	0	1	1	
524	0	0	0	
525	1	1	1	
526	0	1	1	
527	0	1	1	
528	0	1	1	
529	0	1	1	
530	0	1	1	
531	0	0	1	
532	0	1	1	
533	0	1	1	
534	0	1	1	
535	0	0	1	
536	0	1	1	
537	0	1	1	
538	0	0	1	
539	1	1	1	
540	0	1	1	
541	0	1	1	
542	0	1	1	
543	0	1	1	
544	0	1	0	
545	0	1	1	
546	0	1	1	
547	0	1	1	
548	0	1	1	
549	0	1	1	
550	0	1	1	
551	0	1	1	
552	1	1	1	
553	0	1	0	
554	1	1	0	
555	1	1	1	
556	0	1	1	
557	0	1	1	
558	1	1	1	
559	0	0	1	
560	0	1	1	
561	0	1	1	
562	0	1	1	
563	1	1	1	
564	0	1	0	
565	1	1	1	
566	0	1	1	
567	0	1	1	
568	0	1	1	
569	0	1	1	
570	0	0	1	
571	0	0	1	
572	0	1	1	
573	0	1	0	
574	1	1	1	
575	0	1	1	
576	1	1	1	
577	1	1	1	
578	1	1	1	
579	1	1	1	
580	0	1	1	
581	0	1	1	
582	0	1	1	
583	0	1	1	
584	0	1	0	
585	0	1	1	
586	0	1	1	
587	0	1	1	
588	1	0	1	
589	1	1	1	
590	0	1	1	
591	0	1	1	
592	0	1	0	
593	1	1	1	
594	0	1	1	
595	0	1	1	
596	1	1	1	
597	1	1	1	
598	1	1	1	
599	0	1	0	
600	0	1	1	
601	0	1	1	
602	0	1	1	
603	0	1	0	
604	0	1	0	
605	1	1	1	
606	1	1	0	
607	0	1	0	
608	0	1	1	
609	1	0	1	
610	0	1	1	
611	0	1	1	
612	0	1	1	
613	1	1	1	
614	1	1	0	
615	0	1	1	
616	0	1	1	
617	0	1	1	
618	0	1	1	
619	0	1	1	
620	0	0	1	
621	0	1	1	
622	0	1	1	
623	0	1	1	
624	0	1	1	
625	0	1	1	
626	0	1	1	
627	0	1	1	
628	0	1	1	
629	1	1	1	
630	0	0	1	
631	0	1	0	
632	0	0	1	
633	0	1	1	
634	1	1	1	
635	0	1	1	
636	0	1	1	
637	0	1	1	
638	1	1	1	
639	1	0	0	
640	0	1	1	
641	0	1	1	
642	0	1	0	
643	1	1	1	
644	0	1	0	
645	0	1	1	
646	0	1	1	
647	0	1	1	
648	0	1	1	
649	0	1	1	
650	1	1	1	
651	0	1	1	
652	0	1	1	
653	0	1	1	
654	0	1	1	
655	0	1	1	
656	0	1	1	
657	0	1	1	
658	1	1	1	
659	0	1	1	
660	0	1	1	
661	0	1	1	
662	0	1	1	
663	0	1	0	
664	0	1	1	
665	0	1	1	
666	0	1	1	
667	0	1	1	
668	0	1	1	
669	0	1	1	
670	1	1	1	
671	0	1	1	
672	0	1	1	
673	1	1	1	
674	0	1	1	
675	0	1	1	
676	0	1	1	
677	0	1	1	
678	0	0	0	
679	0	1	0	
680	1	1	1	
681	0	1	1	
682	0	1	0	
683	0	1	1	
684	1	1	1	
685	0	0	0	
686	0	1	1	
687	1	0	1	
688	0	1	0	
689	1	1	1	
690	1	1	1	
691	0	0	0	
692	0	1	1	
693	0	1	1	
694	0	0	1	
695	0	1	0	
696	1	1	1	
697	0	1	0	
698	1	1	1	
699	0	1	1	
700	1	1	1	
701	0	1	1	
702	0	1	0	
703	0	1	1	
704	0	1	1	
705	0	0	0	
706	0	1	1	
707	0	1	0	
708	1	0	1	
709	0	1	1	
710	0	1	1	
711	0	1	1	
712	0	1	1	
713	0	1	1	
714	1	1	1	
715	0	1	1	
716	0	1	1	
717	0	0	1	
718	0	1	1	
719	1	1	1	
720	1	1	1	
721	1	1	1	
722	0	1	0	
723	0	1	1	
724	1	1	1	
725	0	1	1	
726	1	1	1	
727	0	1	1	
728	1	1	1	
729	0	1	1	
730	1	1	1	
731	0	1	1	
732	0	1	1	
733	1	1	1	
734	0	1	0	
735	0	1	1	
736	0	1	1	
737	0	1	1	
738	0	1	1	
739	0	1	1	
740	0	1	1	
741	0	1	1	
742	0	1	0	
743	0	1	1	
744	0	1	1	
745	0	0	1	
746	0	1	1	
747	0	1	1	
748	1	0	1	
749	1	1	1	
750	0	1	1	
751	0	0	0	
752	1	1	1	
753	1	1	1	
754	0	1	1	
755	0	0	1	
756	1	1	1	
757	1	1	1	
758	0	1	1	
759	0	1	1	
760	1	1	1	
761	0	1	1	
762	0	1	1	
763	0	1	0	
764	1	1	0	
765	0	1	1	
766	0	0	1	
767	0	0	1	
768	0	1	1	
769	1	1	0	
770	0	1	1	
771	0	1	1	
772	0	0	1	
773	0	1	1	
774	1	1	1	
775	0	1	1	
776	0	1	1	
777	0	1	1	
778	1	1	1	
779	0	1	1	
780	0	1	1	
781	0	0	1	
782	0	1	1	
783	0	1	1	
784	1	1	1	
785	0	0	1	
786	1	1	0	
787	1	1	1	
788	0	1	1	
789	0	1	1	
790	1	1	1	
791	1	1	1	
792	0	1	1	
793	0	1	0	
794	0	1	1	
795	0	1	1	
796	0	1	1	
797	0	1	1	
798	0	1	1	
799	1	1	1	
800	0	1	1	
801	1	1	1	
802	1	1	1	
803	0	1	1	
804	0	1	1	
805	1	0	1	
806	0	1	1	
807	1	1	1	
808	0	1	1	
809	0	0	1	
810	1	1	0	
811	1	1	0	
812	0	1	0	
813	1	1	1	
814	0	1	1	
815	0	1	1	
816	0	1	1	
817	0	0	1	
818	0	1	1	
819	0	1	1	
820	0	1	1	
821	0	1	0	
822	0	1	0	
823	0	1	1	
824	0	1	1	
825	1	1	1	
826	1	0	0	
827	0	1	1	
828	0	0	1	
829	0	1	1	
830	1	1	1	
831	1	1	1	
832	0	1	1	
833	0	1	1	
834	0	1	1	
835	0	1	1	
836	0	1	1	
837	0	1	0	
838	0	1	1	
839	0	1	1	
840	1	1	1	
841	1	1	1	
842	0	1	1	
843	0	1	1	
844	0	1	1	
845	0	1	0	
846	0	1	1	
847	0	1	1	
848	0	1	1	
849	0	1	1	
850	0	1	1	
851	0	0	1	
852	0	1	0	
853	0	1	1	
854	1	1	1	
855	0	0	1	
856	1	1	1	
857	0	1	1	
858	1	1	1	
859	0	0	0	
860	0	1	0	
861	0	1	1	
862	0	1	1	
863	1	1	0	
864	0	1	1	
865	0	1	1	
866	1	1	1	
867	0	1	1	
868	1	1	1	
869	1	1	1	
870	0	1	0	
871	0	1	1	
872	1	1	0	
873	0	1	1	
874	0	1	1	
875	0	1	1	
876	0	0	1	
877	0	1	1	
878	0	1	0	
879	0	1	0	
880	0	1	1	
881	1	1	1	
882	1	1	1	
883	0	1	0	
884	0	1	1	
885	1	1	1	
886	1	1	1	
887	0	1	1	
888	0	1	1	
889	0	1	1	
890	0	1	1	
891	1	1	1	
892	1	1	1	
893	0	1	1	
894	0	1	0	
895	1	1	1	
896	0	1	1	
897	1	1	1	
898	0	1	1	
899	0	1	1	
900	0	1	1	
901	0	1	1	
902	1	1	1	
903	0	1	0	
904	0	1	1	
905	0	1	1	
906	0	1	1	
907	0	1	0	
908	1	1	1	
909	0	1	0	
910	0	1	0	
911	0	1	1	
912	0	1	1	
913	1	1	1	
914	1	1	1	
915	0	1	1	
916	0	1	1	
917	0	1	1	
918	0	1	1	
919	0	1	1	
920	0	1	1	
921	0	1	0	
922	0	1	1	
923	0	1	1	
924	1	1	1	
925	0	1	1	
926	0	1	1	
927	0	1	1	
928	0	1	1	
929	0	1	1	
930	0	1	0	
931	1	1	1	
932	1	1	0	
933	0	1	1	
934	1	1	1	
935	1	1	1	
936	1	1	1	
937	0	1	1	
938	1	1	1	
939	0	0	1	
940	1	0	1	
941	0	1	1	
942	1	1	0	
943	1	1	0	
944	0	1	1	
945	1	1	1	
946	0	1	1	
947	0	1	1	
948	0	0	1	
949	0	1	1	
950	0	1	1	
951	1	1	1	
952	0	1	0	
953	1	1	1	
954	0	1	0	
955	0	1	1	
956	0	1	1	
957	0	1	1	
958	0	1	1	
959	1	1	1	
960	1	1	1	
961	0	1	1	
962	1	1	1	
963	0	1	1	
964	0	1	0	
965	0	1	0	
966	0	0	1	
967	0	1	1	
968	1	1	1	
969	0	1	1	
970	0	1	1	
971	1	1	1	
972	1	1	1	
973	0	1	1	
974	1	1	1	
975	0	1	1	
976	0	1	1	
977	0	1	1	
978	1	1	1	
979	0	1	1	
980	0	1	1	
981	0	1	0	
982	1	1	1	
983	0	1	1	
984	0	1	1	
985	0	1	1	
986	1	1	1	
987	1	1	0	
988	1	1	1	
989	0	1	1	
990	0	1	0	
991	0	1	1	
992	0	1	1	
993	0	1	0	
994	0	1	1	
995	1	0	1	
996	0	1	1	
997	0	1	1	
998	0	0	1	
999	0	1	1	
1000	1	1	1	
1001	0	1	1	
1002	0	0	0	
1003	0	1	1	
1004	0	1	1	
1005	0	1	1	
1006	0	1	1	
1007	0	1	1	
1008	0	1	1	
1009	1	1	0	
1010	0	1	1	
1011	1	1	1	
1012	0	1	1	
1013	0	1	1	
1014	0	1	1	
1015	0	1	1	
1016	0	1	1	
1017	0	1	1	
1018	0	1	1	
1019	0	1	1	
1020	0	1	1	
1021	0	1	0	
1022	0	1	0	
1023	0	1	0	
1024	1	1	1	
1025	1	0	1	
1026	0	0	0	
1027	0	1	1	
1028	1	1	1	
1029	0	1	1	
1030	0	0	1	
1031	0	1	1	
1032	0	1	1	
1033	0	0	0	
1034	0	1	1	
1035	0	1	1	
1036	0	1	0	
1037	0	1	1	
1038	1	1	1	
1039	0	1	1	
1040	1	1	1	
1041	0	1	1	
1042	0	1	1	
1043	0	1	1	
1044	0	1	1	
1045	0	1	1	
1046	0	1	1	
1047	0	1	0	
1048	1	1	1	
1049	1	0	1	
1050	0	1	1	
1051	0	1	1	
1052	1	1	1	
1053	0	1	0	
1054	0	1	0	
1055	0	1	1	
1056	0	1	1	
1057	1	1	1	
1058	1	1	1	
1059	0	1	1	
1060	0	1	1	
1061	0	1	1	
1062	0	1	1	
1063	1	1	1	
1064	0	1	0	
1065	0	1	1	
1066	0	1	1	
1067	0	1	1	
1068	1	1	1	
1069	1	1	1	
1070	0	1	1	
1071	0	1	1	
1072	1	1	1	
1073	1	1	1	
1074	0	1	1	
1075	1	1	1	
1076	0	1	1	
1077	1	1	1	
1078	1	1	1	
1079	0	1	1	
1080	0	1	1	
1081	0	1	1	
1082	0	1	1	
1083	0	1	1	
1084	0	1	1	
1085	0	1	1	
1086	1	1	1	
1087	0	1	1	
1088	1	1	1	
1089	1	1	1	
1090	1	1	0	
1091	0	1	1	
1092	0	1	1	
1093	0	1	1	
1094	0	1	1	
1095	1	1	1	
1096	0	1	0	
1097	0	1	1	
1098	1	1	1	
1099	1	1	1	
1100	0	1	1	
1101	0	1	1	
1102	1	1	1	
1103	0	1	0	
1104	0	1	0	
1105	0	1	1	
1106	1	1	1	
1107	0	1	0	
1108	0	1	1	
1109	0	1	1	
1110	0	1	1	
1111	0	1	1	
1112	1	1	1	
1113	0	1	1	
1114	1	1	1	
1115	0	0	0	
1116	0	1	1	
1117	0	1	1	
1118	0	1	1	
1119	0	1	1	
1120	0	1	1	
1121	0	1	1	
1122	0	1	1	
1123	0	1	0	
1124	1	1	1	
1125	1	0	0	
1126	1	1	1	
1127	0	1	1	
1128	0	1	1	
1129	0	1	1	
1130	0	0	1	
1131	0	1	1	
1132	1	1	1	
1133	0	1	1	
1134	0	1	0	
1135	1	1	1	
1136	0	1	1	
1137	0	1	1	
1138	1	1	0	
1139	0	1	1	
1140	0	1	1	
1141	0	1	1	
1142	0	1	1	
1143	0	1	1	
1144	0	1	1	
1145	0	1	1	
1146	0	1	1	
1147	0	1	1	
1148	0	1	1	
1149	1	0	1	
1150	0	1	1	
1151	1	1	1	
1152	0	1	1	
1153	0	1	1	
1154	0	1	1	
1155	1	1	1	
1156	0	1	0	
1157	1	1	1	
1158	0	1	1	
1159	0	1	0	
1160	1	1	0	
1161	0	1	0	
1162	1	1	1	
1163	0	1	1	
1164	0	1	0	
1165	0	1	1	
1166	1	1	1	
1167	0	1	1	
1168	0	1	1	
1169	1	1	1	
1170	1	1	0	
1171	0	1	1	
1172	0	1	1	
1173	0	1	1	
1174	0	1	1	
1175	0	0	1	
1176	0	1	1	
1177	0	1	1	
1178	0	1	1	
1179	0	1	1	
1180	1	1	1	
1181	0	1	1	
1182	0	1	1	
1183	0	1	1	
1184	0	1	1	
1185	0	1	1	
1186	1	1	1	
1187	1	1	1	
1188	0	1	1	
1189	0	1	0	
1190	1	1	1	
1191	0	1	1	
1192	1	1	1	
1193	0	1	1	
1194	0	1	1	
1195	0	1	1	
1196	0	1	1	
1197	0	1	1	
1198	0	1	1	
1199	1	1	1	
1200	0	1	1	
1201	1	1	1	
1202	0	1	1	
1203	0	1	1	
1204	0	1	1	
1205	0	1	1	
1206	0	1	1	
1207	0	1	1	
1208	1	1	1	
1209	1	1	1	
1210	0	1	1	
1211	1	1	1	
1212	1	1	1	
1213	1	1	1	
1214	0	1	1	
1215	0	1	1	
1216	1	1	1	
1217	0	1	1	
1218	0	0	0	
1219	1	1	1	
1220	0	1	1	
1221	0	1	0	
1222	0	1	1	
1223	0	1	1	
1224	1	0	1	
1225	0	1	1	
1226	1	1	1	
1227	0	1	1	
1228	0	1	1	
1229	1	1	1	
1230	1	1	0	
1231	0	0	0	
1232	1	1	1	
1233	0	1	1	
1234	0	1	0	
1235	1	1	1	
1236	0	1	1	
1237	0	0	1	
1238	1	1	1	
1239	0	1	1	
1240	0	1	1	
1241	0	1	1	
1242	0	1	1	
1243	1	1	1	
1244	1	1	1	
1245	0	1	0	
1246	0	1	1	
1247	1	1	1	
1248	0	1	1	
1249	0	1	1	
1250	0	1	0	
1251	0	1	1	
1252	0	1	1	
1253	0	1	0	
1254	0	1	0	
1255	0	1	1	
1256	0	1	1	
1257	0	0	0	
1258	0	1	0	
1259	1	1	1	
1260	1	1	1	
1261	1	0	1	
1262	1	1	0	
1263	0	1	1	
1264	0	1	1	
1265	0	1	0	
1266	0	1	1	
1267	1	1	1	
1268	0	1	0	
1269	1	1	1	
1270	0	1	0	
1271	0	1	1	
1272	0	1	0	
1273	0	1	1	
1274	1	1	1	
1275	0	1	1	
1276	0	1	1	
1277	1	1	1	
1278	0	1	1	
1279	0	1	1	
1280	0	1	1	
1281	1	1	1	
1282	1	1	1	
1283	0	1	1	
1284	0	0	0	
1285	0	1	1	
1286	0	1	1	
1287	0	1	1	
1288	1	1	1	
1289	1	0	1	
1290	0	1	1	
1291	0	1	1	
1292	0	1	1	
1293	0	1	1	
1294	1	1	0	
1295	0	1	1	
1296	0	1	1	
1297	1	1	1	
1298	0	1	1	
1299	0	1	1	
1300	0	1	1	
1301	0	1	1	
1302	0	1	1	
1303	1	1	1	
1304	0	1	1	
1305	0	1	1	
1306	1	0	0	
1307	0	0	1	
1308	0	1	0	
1309	0	1	1	
1310	0	1	0	
1311	0	1	1	
1312	0	1	1	
1313	0	1	1	
1314	0	1	1	
1315	1	0	1	
1316	0	1	1	
1317	0	1	1	
1318	0	1	0	
1319	1	1	1	
1320	1	1	1	
1321	0	1	1	
1322	1	0	1	
1323	0	1	1	
1324	0	1	1	
1325	0	1	1	
1326	1	1	1	
1327	0	1	1	
1328	0	0	1	
1329	0	1	1	
1330	1	1	1	
1331	0	0	1	
1332	1	1	1	
1333	1	0	1	
1334	0	1	1	
1335	0	1	1	
1336	0	1	1	
1337	1	1	1	
1338	1	1	1	
1339	0	1	1	
1340	0	1	1	
1341	1	1	0	
1342	1	1	1	
1343	1	1	1	
1344	0	0	0	
1345	0	1	1	
1346	0	1	1	
1347	0	1	0	
1348	0	0	1	
1349	1	1	1	
1350	1	1	1	
1351	1	1	1	
1352	1	1	0	
1353	1	1	1	
1354	1	1	1	
1355	1	1	1	
1356	0	1	0	
1357	1	1	1	
1358	0	1	1	
1359	0	1	1	
1360	0	1	1	
1361	0	1	1	
1362	0	1	1	
1363	0	1	1	
1364	0	1	1	
1365	0	1	1	
1366	0	1	1	
1367	0	1	1	
1368	0	1	1	
1369	1	1	1	
1370	0	1	1	
1371	0	1	1	
1372	1	1	1	
1373	1	1	0	
1374	0	1	1	
1375	0	1	1	
1376	0	1	1	
1377	0	1	1	
1378	0	1	1	
1379	0	1	0	
1380	0	1	1	
1381	1	1	1	
1382	0	1	1	
1383	0	1	1	
1384	0	1	1	
1385	0	1	1	
1386	0	0	0	
1387	0	1	1	
1388	0	1	0	
1389	0	1	0	
1390	0	1	1	
1391	0	1	1	
1392	0	1	1	
1393	0	1	1	
1394	0	1	0	
1395	0	1	1	
1396	1	1	1	
1397	0	1	0	
1398	1	1	1	
1399	0	1	1	
1400	0	1	0	
1401	0	1	0	
1402	1	1	1	
1403	0	1	1	
1404	0	0	1	
1405	0	1	0	
1406	0	1	1	
1407	0	1	0	
1408	1	1	1	
1409	1	1	0	
1410	1	1	1	
1411	1	1	1	
1412	0	1	1	
1413	0	1	1	
1414	0	1	1	
1415	0	1	0	
1416	0	1	1	
1417	0	1	0	
1418	1	1	0	
1419	1	1	1	
1420	1	1	1	
1421	0	1	1	
1422	1	1	1	
1423	0	1	0	
1424	0	1	0	
1425	1	1	1	
1426	0	1	1	
1427	0	1	1	
1428	0	1	1	
1429	0	0	1	
1430	0	1	1	
1431	0	1	0	
1432	0	0	1	
1433	0	1	0	
1434	1	1	1	
1435	0	1	0	
1436	1	1	0	
1437	0	1	1	
1438	0	1	1	
1439	0	1	1	
1440	0	0	1	
1441	0	0	1	
1442	0	1	1	
1443	0	1	1	
1444	1	1	1	
1445	1	1	1	
1446	0	1	1	
1447	0	1	1	
1448	0	1	1	
1449	0	1	1	
1450	0	1	1	
1451	0	1	1	
1452	0	1	0	
1453	0	1	1	
1454	0	1	1	
1455	0	1	1	
1456	0	1	1	
1457	0	1	1	
1458	0	1	1	
1459	0	1	1	
1460	0	1	1	
1461	0	1	1	
1462	1	1	1	
1463	0	1	1	
1464	0	1	1	
1465	1	1	1	
1466	1	1	1	
1467	0	1	1	
1468	0	1	0	
1469	0	1	1	
1470	0	1	1	
1471	1	1	1	
1472	1	1	1	
1473	0	1	1	
1474	0	1	0	
1475	1	1	0	
1476	0	1	1	
1477	0	0	1	
1478	0	1	0	
1479	0	1	1	
1480	0	1	1	
1481	0	1	1	
1482	0	1	1	
1483	0	1	1	
1484	1	1	1	
1485	0	1	1	
1486	1	0	1	
1487	0	1	1	
1488	0	1	0	
1489	0	1	1	
1490	0	1	1	
1491	1	1	1	
1492	0	0	1	
1493	0	1	1	
1494	0	1	1	
1495	1	1	1	
1496	0	1	1	
1497	0	0	1	
1498	0	1	1	
1499	0	1	1	
1500	0	1	1	
1501	1	1	1	
1502	1	1	1	
1503	0	1	0	
1504	0	1	0	
1505	0	1	1	
1506	0	1	0	
1507	1	1	1	
1508	0	1	1	
1509	1	1	1	
1510	0	1	1	
1511	1	1	1	
1512	0	1	1	
1513	0	1	1	
1514	0	1	0	
1515	1	0	1	
1516	1	1	1	
1517	0	1	1	
1518	0	1	1	
1519	0	1	1	
1520	1	1	1	
1521	1	1	1	
1522	0	1	1	
1523	0	1	1	
1524	0	1	1	
1525	0	0	1	
1526	0	1	1	
1527	1	1	1	
1528	0	0	1	
1529	0	1	0	
1530	0	1	1	
1531	0	1	1	
1532	0	1	1	
1533	0	1	1	
1534	0	1	0	
1535	0	1	0	
1536	1	1	1	
1537	0	1	0	
1538	0	1	1	
1539	0	1	1	
1540	1	1	0	
1541	1	1	0	
1542	0	1	1	
1543	0	1	0	
1544	1	0	1	
1545	0	1	1	
1546	0	1	1	
1547	0	1	1	
1548	0	1	1	
1549	1	1	1	
1550	0	0	1	
1551	1	1	1	
1552	1	1	1	
1553	1	1	1	
1554	0	1	1	
1555	0	1	1	
1556	1	1	1	
1557	1	1	1	
1558	1	1	1	
1559	0	0	1	
1560	0	1	1	
1561	1	1	1	
1562	1	1	1	
1563	0	1	1	
1564	0	1	1	
1565	0	1	1	
1566	0	1	1	
1567	0	1	1	
1568	0	1	1	
1569	0	1	1	
1570	0	1	1	
1571	0	1	0	
1572	0	1	1	
1573	1	1	0	
1574	0	1	1	
1575	1	1	1	
1576	0	1	1	
1577	0	1	1	
1578	0	1	1	
1579	1	1	1	
1580	1	1	0	
1581	0	1	1	
1582	1	1	1	
1583	0	1	1	
1584	0	1	0	
1585	0	1	1	
1586	1	1	0	
1587	0	1	1	
1588	0	1	1	
1589	0	1	1	
1590	1	1	0	
1591	0	1	1	
1592	0	1	1	
1593	0	1	1	
1594	0	1	1	
1595	0	0	0	
1596	0	1	1	
1597	0	1	1	
1598	0	1	1	
1599	1	1	0	
1600	0	1	1	
1601	0	1	1	
1602	1	1	1	
1603	1	0	1	
1604	0	1	1	
1605	1	1	1	
1606	1	1	1	
1607	0	1	1	
1608	1	1	1	
1609	0	1	1	
1610	0	1	1	
1611	1	1	1	
1612	0	1	1	
1613	1	1	1	
1614	0	0	1	
1615	0	1	1	
1616	0	1	1	
1617	1	1	1	
1618	0	1	1	
1619	1	1	1	
1620	0	1	1	
1621	1	0	1	
1622	0	0	1	
1623	0	1	1	
1624	0	1	1	
1625	0	1	1	
1626	0	1	0	
1627	1	1	1	
1628	0	1	1	
1629	1	1	1	
1630	1	1	1	
1631	0	1	1	
1632	1	0	0	
1633	0	1	1	
1634	0	1	1	
1635	0	0	0	
1636	0	1	1	
1637	1	1	1	
1638	0	1	1	
1639	0	0	0	
1640	0	1	0	
1641	1	1	1	
1642	0	1	0	
1643	0	1	1	
1644	0	1	1	
1645	1	1	1	
1646	0	1	1	
1647	0	1	1	
1648	0	1	1	
1649	0	1	1	
1650	1	1	1	
1651	0	1	1	
1652	0	1	1	
1653	0	0	0	
1654	0	1	1	
1655	0	1	1	
1656	0	1	1	
1657	0	1	0	
1658	0	1	1	
1659	1	1	1	
1660	1	1	1	
1661	0	0	0	
1662	0	1	1	
1663	0	1	1	
1664	1	1	1	
1665	0	1	1	
1666	0	1	1	
1667	1	1	1	
1668	0	0	1	
1669	0	1	1	
1670	1	1	0	
1671	0	1	1	
1672	0	1	0	
1673	0	1	1	
1674	0	1	1	
1675	0	1	1	
1676	1	1	1	
1677	0	1	1	
1678	0	1	1	
1679	1	1	1	
1680	0	1	1	
1681	1	1	1	
1682	1	1	0	
1683	1	0	1	
1684	0	1	1	
1685	0	1	1	
1686	0	1	1	
1687	1	1	1	
1688	0	0	0	
1689	0	1	1	
1690	0	1	1	
1691	1	1	1	
1692	1	1	0	
1693	0	1	0	
1694	0	1	0	
1695	0	1	1	
1696	1	0	1	
1697	1	1	1	
1698	1	1	1	
1699	0	1	1	
1700	0	1	1	
1701	0	0	1	
1702	1	1	1	
1703	0	1	1	
1704	0	1	1	
1705	1	1	1	
1706	1	1	1	
1707	1	1	1	
1708	1	1	1	
1709	1	1	0	
1710	1	1	1	
1711	1	1	1	
1712	1	1	1	
1713	0	1	1	
1714	0	1	0	
1715	0	1	0	
1716	1	1	1	
1717	1	1	1	
1718	1	1	1	
1719	0	1	0	
1720	1	1	1	
1721	0	1	0	
1722	0	1	1	
1723	0	1	1	
1724	1	1	0	
1725	0	1	1	
1726	1	1	1	
1727	0	1	1	
1728	0	1	1	
1729	1	1	0	
1730	0	1	1	
1731	0	1	0	
1732	0	1	1	
1733	0	1	0	
1734	0	1	1	
1735	0	1	1	
1736	0	1	0	
1737	0	1	0	
1738	0	0	0	
1739	1	1	1	
1740	1	1	1	
1741	0	1	1	
1742	0	0	1	
1743	0	1	1	
1744	1	1	0	
1745	0	1	1	
1746	0	1	1	
1747	0	1	1	
1748	0	1	1	
1749	0	1	0	
1750	0	1	1	
1751	1	1	1	
1752	0	1	1	
1753	0	1	0	
1754	0	1	1	
1755	1	1	1	
1756	1	1	1	
1757	1	1	1	
1758	1	1	1	
1759	1	1	1	
1760	0	1	1	
1761	0	1	1	
1762	1	1	1	
1763	1	1	1	
1764	1	1	0	
1765	0	1	1	
1766	0	1	0	
1767	1	1	1	
1768	0	1	1	
1769	0	1	0	
1770	0	1	1	
1771	1	1	0	
1772	0	1	1	
1773	0	1	1	
1774	0	0	1	
1775	0	1	1	
1776	1	1	1	
1777	0	1	1	
1778	0	0	0	
1779	1	1	1	
1780	0	1	1	
1781	0	1	1	
1782	0	1	1	
1783	1	1	1	
1784	1	0	1	
1785	1	1	0	
1786	1	1	1	
1787	1	1	0	
1788	0	1	1	
1789	1	1	1	
1790	1	0	1	
1791	0	1	1	
1792	0	1	1	
1793	0	1	1	
1794	0	1	1	
1795	0	1	1	
1796	1	1	1	
1797	0	1	1	
1798	0	1	1	
1799	1	1	1	
1800	1	1	1	
1801	1	1	0	
1802	0	1	1	
1803	0	1	0	
1804	0	0	0	
1805	0	1	1	
1806	1	1	1	
1807	0	1	0	
1808	0	1	1	
1809	0	1	1	
1810	0	1	1	
1811	1	1	1	
1812	0	1	1	
1813	1	0	1	
1814	0	1	0	
1815	1	1	1	
1816	0	1	1	
1817	1	1	1	
1818	0	1	1	
1819	0	1	1	
1820	1	1	1	
1821	0	1	1	
1822	0	0	1	
1823	0	1	1	
1824	0	1	1	
1825	0	1	1	
1826	1	1	0	
1827	0	0	1	
1828	0	1	1	
1829	1	0	1	
1830	1	1	1	
1831	1	1	1	
1832	0	1	1	
1833	0	1	1	
1834	0	1	1	
1835	0	1	1	
1836	0	1	0	
1837	1	1	0	
1838	0	1	1	
1839	1	1	1	
1840	0	1	0	
1841	0	1	1	
1842	0	1	1	
1843	0	1	1	
1844	0	1	1	
1845	0	1	1	
1846	0	1	1	
1847	0	1	1	
1848	1	1	1	
1849	0	1	1	
1850	0	1	1	
1851	1	1	1	
1852	0	1	0	
1853	0	1	0	
1854	1	1	1	
1855	0	1	1	
1856	1	1	0	
1857	0	1	1	
1858	0	1	1	
1859	1	1	1	
1860	0	1	1	
1861	0	1	1	
1862	0	1	1	
1863	1	0	1	
1864	1	1	1	
1865	0	1	0	
1866	0	1	1	
1867	0	1	1	
1868	1	1	1	
1869	0	1	1	
1870	1	1	1	
1871	0	1	1	
1872	0	1	1	
1873	0	0	1	
1874	1	1	0	
1875	0	1	1	
1876	0	1	1	
1877	0	1	1	
1878	0	1	1	
1879	0	1	1	
1880	1	1	1	
1881	0	1	1	
1882	0	1	1	
1883	0	1	1	
1884	0	1	1	
1885	0	1	1	
1886	1	1	1	
1887	0	1	1	
1888	1	1	1	
1889	1	1	1	
1890	1	1	1	
1891	0	0	0	
1892	0	1	1	
1893	0	1	1	
1894	0	0	1	
1895	0	1	1	
1896	0	1	0	
1897	1	1	1	
1898	0	1	0	
1899	1	1	1	
1900	0	1	1	
1901	1	0	0	
1902	0	1	1	
1903	0	1	0	
1904	0	1	1	
1905	0	1	0	
1906	1	1	1	
1907	0	0	1	
1908	1	1	1	
1909	1	1	1	
1910	0	1	1	
1911	1	1	1	
1912	0	1	1	
1913	0	1	1	
1914	0	1	1	
1915	0	1	1	
1916	0	1	1	
1917	0	1	1	
1918	0	1	1	
1919	0	1	1	
1920	0	1	1	
1921	0	1	1	
1922	0	1	1	
1923	0	1	1	
1924	1	1	1	
1925	0	1	1	
1926	1	1	1	
1927	0	1	1	
1928	0	1	1	
1929	0	1	0	
1930	0	1	1	
1931	1	1	1	
1932	0	1	1	
1933	1	1	1	
1934	0	1	0	
1935	0	1	1	
1936	0	1	1	
1937	1	1	1	
1938	1	1	0	
1939	1	1	1	
1940	1	1	1	
1941	0	1	0	
1942	0	1	1	
1943	0	1	1	
1944	0	0	1	
1945	0	1	0	
1946	0	1	1	
1947	0	1	1	
1948	0	1	1	
1949	0	0	0	
1950	1	1	1	
1951	0	1	1	
1952	0	1	1	
1953	0	1	1	
1954	0	1	1	
1955	0	1	0	
1956	1	1	1	
1957	1	0	1	
1958	0	0	0	
1959	1	1	1	
1960	0	1	1	
1961	1	1	1	
1962	1	1	1	
1963	0	1	1	
1964	1	1	0	
1965	0	1	1	
1966	0	1	1	
1967	0	1	0	
1968	0	1	1	
1969	0	1	1	
1970	1	1	1	
1971	0	1	1	
1972	0	1	1	
1973	0	1	1	
1974	1	1	1	
1975	0	1	0	
1976	0	1	1	
1977	1	1	0	
1978	0	1	1	
1979	0	1	1	
1980	0	1	1	
1981	1	1	1	
1982	0	1	0	
1983	1	1	1	
1984	0	1	0	
1985	0	1	1	
1986	0	1	1	
1987	0	1	0	
1988	0	1	1	
1989	0	1	1	
1990	1	1	1	
1991	0	1	1	
1992	0	1	1	
1993	0	1	1	
1994	1	1	1	
1995	0	1	1	
1996	1	1	1	
1997	0	1	1	
1998	0	1	1	
1999	0	1	1	
2000	1	1	0	
2001	1	1	1	
2002	0	0	1	
2003	0	1	1	
2004	0	1	1	
2005	0	1	1	
2006	0	1	1	
2007	0	1	1	
2008	1	1	1	
2009	0	0	1	
2010	0	1	1	
2011	0	0	0	
2012	0	0	0	
2013	0	1	1	
2014	0	1	1	
2015	1	1	1	
2016	0	1	1	
2017	0	1	0	
2018	0	1	1	
2019	0	1	1	
2020	1	1	1	
2021	0	1	0	
2022	0	1	1	
2023	0	1	1	
2024	1	1	1	
2025	0	1	1	
2026	0	1	1	
2027	1	1	1	
2028	0	1	1	
2029	0	1	1	
2030	0	0	1	
2031	1	1	1	
2032	0	1	1	
2033	0	1	1	
2034	0	1	1	
2035	0	1	1	
2036	0	1	1	
2037	1	1	1	
2038	0	1	0	
2039	0	0	0	
2040	0	1	1	
2041	1	1	1	
2042	1	1	1	
2043	1	1	1	
2044	1	1	0	
2045	1	1	1	
2046	0	1	1	
2047	0	1	1	
2048	0	1	0	
2049	1	1	1	
2050	1	1	1	
2051	0	1	0	
2052	0	1	1	
2053	0	1	1	
2054	1	1	1	
2055	0	1	0	
2056	0	1	0	
2057	1	1	1	
2058	0	1	1	
2059	0	1	1	
2060	0	1	1	
2061	0	1	0	
2062	1	1	1	
2063	0	1	1	
2064	0	1	1	
2065	0	1	1	
2066	1	0	1	
2067	0	1	1	
2068	0	0	1	
2069	0	1	0	
2070	0	1	1	
2071	1	1	1	
2072	0	1	1	
2073	0	0	1	
2074	0	1	1	
2075	0	1	1	
2076	0	1	1	
2077	0	1	1	
2078	1	1	1	
2079	0	1	1	
2080	0	1	1	
2081	0	1	1	
2082	0	1	0	
2083	1	1	1	
2084	0	1	1	
2085	0	1	1	
2086	1	1	1	
2087	0	1	1	
2088	0	0	1	
2089	0	1	1	
2090	0	1	0	
2091	1	1	1	
2092	1	1	1	
2093	0	1	1	
2094	0	1	1	
2095	0	1	1	
2096	0	1	1	
2097	0	1	1	
2098	1	1	1	
2099	0	0	1	
2100	0	1	0	
2101	0	0	1	
2102	0	1	1	
2103	0	1	0	
2104	0	1	1	
2105	0	1	1	
2106	0	1	1	
2107	1	1	1	
2108	0	1	1	
2109	0	1	1	
2110	0	1	1	
2111	0	1	0	
2112	0	1	1	
2113	0	0	1	
2114	0	1	1	
2115	0	1	1	
2116	0	1	1	
2117	0	1	1	
2118	0	1	1	
2119	0	1	1	
2120	1	1	1	
2121	1	0	1	
2122	0	1	1	
2123	1	1	1	
2124	0	1	1	
2125	0	1	1	
2126	0	1	1	
2127	1	1	1	
2128	0	1	1	
2129	0	1	1	
2130	0	1	1	
2131	0	1	1	
2132	0	1	0	
2133	1	1	1	
2134	0	1	1	
2135	0	1	1	
2136	0	1	1	
2137	1	1	1	
2138	0	1	1	
2139	0	1	1	
2140	0	1	1	
2141	0	1	1	
2142	1	1	1	
2143	0	1	1	
2144	0	1	1	
2145	1	1	1	
2146	0	1	1	
2147	0	1	1	
2148	1	1	1	
2149	0	1	1	
2150	0	1	1	
2151	0	1	1	
2152	0	1	0	
2153	1	1	1	
2154	0	1	1	
2155	0	1	1	
2156	1	0	0	
2157	0	1	1	
2158	0	1	0	
2159	0	1	1	
2160	0	1	1	
2161	0	1	1	
2162	0	1	1	
2163	0	1	1	
2164	0	1	1	
2165	0	1	1	
2166	0	1	1	
2167	0	1	1	
2168	0	1	1	
2169	0	1	1	
2170	0	1	0	
2171	1	0	0	
2172	0	1	1	
2173	0	1	1	
2174	1	1	1	
2175	0	1	1	
2176	0	1	0	
2177	0	0	1	
2178	1	0	0	
2179	0	1	1	
2180	0	0	1	
2181	0	1	0	
2182	0	1	0	
2183	0	1	1	
2184	0	1	0	
2185	0	1	0	
2186	0	1	1	
2187	1	1	1	
2188	1	0	1	
2189	0	1	1	
2190	1	1	0	
2191	0	1	0	
2192	0	0	1	
2193	1	1	1	
2194	0	1	1	
2195	0	1	1	
2196	0	1	1	
2197	0	1	1	
2198	1	1	1	
2199	0	1	1	
2200	1	1	1	
2201	1	0	1	
2202	0	1	0	
2203	0	1	1	
2204	0	1	0	
2205	1	1	1	
2206	0	1	1	
2207	1	1	1	
2208	0	1	0	
2209	0	1	1	
2210	0	1	1	
2211	0	1	1	
2212	0	1	0	
2213	0	0	0	
2214	0	1	1	
2215	1	1	1	
2216	0	0	1	
2217	0	1	1	
2218	1	1	1	
2219	0	0	1	
2220	0	1	1	
2221	0	1	1	
2222	0	1	1	
2223	0	1	0	
2224	0	0	0	
2225	0	1	1	
2226	0	1	1	
2227	0	1	1	
2228	1	1	1	
2229	0	0	0	
2230	0	1	0	
2231	0	1	1	
2232	0	1	1	
2233	0	0	1	
2234	1	1	1	
2235	1	1	1	
2236	0	1	1	
2237	0	1	0	
2238	0	1	1	
2239	0	1	1	
2240	0	1	1	
2241	0	1	0	
2242	0	0	1	
2243	0	0	0	
2244	1	1	1	
2245	0	1	1	
2246	1	0	1	
2247	0	1	1	
2248	0	1	0	
2249	0	1	1	
2250	0	1	1	
2251	0	1	1	
2252	0	1	1	
2253	0	1	1	
2254	1	1	1	
2255	1	1	1	
2256	1	1	1	
2257	0	1	0	
2258	0	1	1	
2259	1	1	1	
2260	0	1	1	
2261	0	1	1	
2262	0	1	0	
2263	0	0	1	
2264	0	1	1	
2265	0	1	0	
2266	0	1	1	
2267	0	1	1	
2268	0	1	1	
2269	0	1	1	
2270	0	0	0	
2271	1	1	1	
2272	0	1	1	
2273	1	1	1	
2274	0	1	1	
2275	0	1	1	
2276	1	1	1	
2277	0	1	1	
2278	0	1	1	
2279	0	1	1	
2280	0	1	1	
2281	0	1	1	
2282	0	1	1	
2283	0	1	1	
2284	0	1	1	
2285	1	1	1	
2286	1	1	1	
2287	0	1	1	
2288	0	0	1	
2289	0	1	1	
2290	1	1	1	
2291	1	1	1	
2292	1	1	0	
2293	0	0	1	
2294	1	1	1	
2295	1	1	1	
2296	0	1	1	
2297	0	1	1	
2298	0	1	1	
2299	0	0	1	
2300	0	1	1	
2301	0	1	1	
2302	0	0	1	
2303	0	1	1	
2304	0	1	1	
2305	0	1	1	
2306	0	1	1	
2307	0	1	0	
2308	0	1	1	
2309	1	1	1	
2310	0	1	0	
2311	0	1	0	
2312	0	1	0	
2313	0	1	1	
2314	1	1	1	
2315	0	1	1	
2316	0	1	0	
2317	1	1	1	
2318	0	1	0	
2319	0	1	1	
2320	0	1	1	
2321	0	1	1	
2322	1	1	1	
2323	0	0	1	
2324	0	1	0	
2325	1	1	1	
2326	0	1	1	
2327	0	0	0	
2328	0	1	1	
2329	0	1	1	
2330	1	1	1	
2331	0	1	1	
2332	0	1	1	
2333	0	0	1	
2334	0	1	1	
2335	0	1	1	
2336	1	1	1	
2337	1	1	1	
2338	0	1	1	
2339	0	1	1	
2340	0	1	1	
2341	0	1	1	
2342	1	0	1	
2343	1	1	1	
2344	1	1	1	
2345	0	1	0	
2346	1	1	1	
2347	0	1	0	
2348	0	1	1	
2349	0	1	1	
2350	0	1	1	
2351	0	1	1	
2352	0	1	1	
2353	0	1	1	
2354	0	1	1	
2355	0	1	1	
2356	1	1	0	
2357	0	1	1	
2358	1	1	1	
2359	1	0	1	
2360	0	1	1	
2361	0	1	0	
2362	0	0	1	
2363	0	1	1	
2364	0	1	1	
2365	0	1	1	
2366	0	1	0	
2367	0	1	1	
2368	1	1	1	
2369	0	1	0	
2370	1	1	1	
2371	0	1	1	
2372	0	1	1	
2373	0	1	0	
2374	0	1	0	
2375	1	1	1	
2376	0	1	1	
2377	0	1	0	
2378	0	1	1	
2379	0	1	0	
2380	1	1	1	
2381	0	0	1	
2382	0	1	1	
2383	1	1	1	
2384	0	1	1	
2385	1	1	1	
2386	1	1	1	
2387	0	1	1	
2388	0	1	1	
2389	0	1	0	
2390	0	1	1	
2391	0	1	1	
2392	0	1	1	
2393	0	1	1	
2394	0	1	1	
2395	0	1	1	
2396	1	1	1	
2397	0	1	0	
2398	0	1	1	
2399	1	1	1	
2400	0	1	1	
2401	0	1	1	
2402	0	1	1	
2403	0	1	1	
2404	1	1	1	
2405	0	1	1	
2406	0	1	1	
2407	0	1	0	
2408	0	1	1	
2409	0	1	0	
2410	0	1	1	
2411	0	0	1	
2412	1	1	1	
2413	1	0	1	
2414	1	1	1	
2415	0	0	1	
2416	0	1	1	
2417	1	1	1	
2418	0	1	1	
2419	0	1	0	
2420	0	1	1	
2421	0	1	1	
2422	0	1	1	
2423	1	1	1	
2424	0	1	1	
2425	1	1	1	
2426	0	0	1	
2427	0	1	1	
2428	0	1	1	
2429	0	1	0	
2430	1	1	1	
2431	0	0	0	
2432	0	1	1	
2433	0	1	1	
2434	1	1	1	
2435	0	1	1	
2436	0	1	1	
2437	1	1	0	
2438	0	1	0	
2439	0	0	1	
2440	0	1	1	
2441	0	1	1	
2442	0	0	1	
2443	0	1	1	
2444	0	1	1	
2445	0	1	1	
2446	0	1	1	
2447	0	1	1	
2448	1	1	1	
2449	0	1	1	
2450	0	1	1	
2451	0	1	0	
2452	0	1	1	
2453	1	1	1	
2454	0	0	1	
2455	0	1	1	
2456	0	1	1	
2457	0	1	1	
2458	0	1	1	
2459	0	1	1	
2460	0	1	1	
2461	1	1	1	
2462	0	1	1	
2463	0	1	1	
2464	0	1	1	
2465	0	1	1	
2466	0	1	1	
2467	1	1	1	
2468	0	1	1	
2469	1	1	1	
2470	0	1	1	
2471	0	1	1	
2472	0	1	1	
2473	0	0	1	
2474	0	1	1	
2475	0	1	0	
2476	0	1	1	
2477	1	1	1	
2478	1	1	1	
2479	1	1	1	
2480	0	1	1	
2481	1	1	0	
2482	0	1	1	
2483	0	1	1	
2484	1	1	1	
2485	0	1	1	
2486	0	1	1	
2487	0	1	0	
2488	1	1	1	
2489	0	1	1	
2490	1	1	1	
2491	0	1	1	
2492	0	1	1	
2493	0	0	1	
2494	0	0	1	
2495	0	1	1	
2496	1	1	1	
2497	0	1	1	
2498	0	0	1	
2499	0	1	1	
2500	1	1	1	
2501	0	1	1	
2502	0	1	1	
2503	0	1	1	
2504	0	1	1	
2505	1	1	1	
2506	0	1	1	
2507	0	1	1	
2508	0	1	1	
2509	0	1	1	
2510	0	1	1	
2511	0	1	1	
2512	1	1	1	
2513	0	0	0	
2514	0	1	1	
2515	0	1	1	
2516	1	1	0	
2517	1	1	1	
2518	0	1	1	
2519	0	1	0	
2520	0	1	1	
2521	0	1	1	
2522	0	1	1	
2523	0	1	1	
2524	1	1	1	
2525	1	1	1	
2526	0	1	1	
2527	0	0	1	
2528	1	1	1	
2529	0	1	0	
2530	0	1	1	
2531	0	1	1	
2532	1	1	1	
2533	0	1	0	
2534	0	0	0	
2535	0	1	1	
2536	0	1	1	
2537	0	1	1	
2538	0	1	0	
2539	0	1	1	
2540	0	1	1	
2541	1	1	1	
2542	0	1	1	
2543	1	1	1	
2544	0	1	1	
2545	0	1	0	
2546	1	1	1	
2547	0	1	1	
2548	0	1	1	
2549	0	1	1	
2550	1	1	1	
2551	0	1	1	
2552	0	1	1	
2553	1	1	1	
2554	0	1	0	
2555	1	0	1	
2556	0	1	1	
2557	0	1	1	
2558	0	1	0	
2559	0	1	1	
2560	0	1	1	
2561	0	1	1	
2562	0	1	1	
2563	0	1	0	
2564	0	1	1	
2565	1	0	1	
2566	0	1	1	
2567	1	1	1	
2568	0	1	1	
2569	0	1	0	
2570	0	1	1	
2571	1	1	1	
2572	0	1	1	
2573	1	1	1	
2574	0	1	1	
2575	1	1	1	
2576	1	1	1	
2577	1	1	1	
2578	1	1	0	
2579	0	1	1	
2580	1	1	0	
2581	1	1	1	
2582	1	1	1	
2583	0	1	1	
2584	0	1	1	
2585	0	1	1	
2586	0	0	1	
2587	1	0	0	
2588	0	1	1	
2589	0	1	1	
2590	1	1	1	
2591	0	1	1	
2592	0	1	1	
2593	0	1	1	
2594	0	0	0	
2595	0	1	1	
2596	1	1	1	
2597	1	1	1	
2598	0	1	1	
2599	0	1	1	
2600	0	1	1	
2601	0	1	1	
2602	0	1	0	
2603	0	1	1	
2604	0	1	1	
2605	1	1	1	
2606	0	1	1	
2607	0	1	1	
2608	0	1	1	
2609	0	1	1	
2610	0	1	0	
2611	0	1	1	
2612	0	0	1	
2613	1	1	1	
2614	0	0	1	
2615	1	1	1	
2616	0	1	1	
2617	1	1	1	
2618	1	1	1	
2619	0	1	0	
2620	0	1	1	
2621	0	1	1	
2622	1	1	1	
2623	1	1	1	
2624	0	1	1	
2625	0	1	1	
2626	0	1	1	
2627	0	1	1	
2628	0	0	1	
2629	0	1	1	
2630	0	1	1	
2631	0	1	1	
2632	1	1	1	
2633	1	1	1	
2634	1	1	1	
2635	0	1	1	
2636	0	1	0	
2637	1	1	1	
2638	1	1	1	
2639	0	1	1	
2640	1	1	1	
2641	0	1	1	
2642	1	1	1	
2643	0	1	1	
2644	0	1	1	
2645	0	1	1	
2646	0	0	1	
2647	1	1	1	
2648	1	1	0	
2649	0	0	1	
2650	0	1	1	
2651	0	1	1	
2652	0	1	1	
2653	0	1	1	
2654	0	1	1	
2655	0	1	0	
2656	0	1	1	
2657	0	1	0	
2658	0	1	1	
2659	0	1	1	
2660	0	1	1	
2661	0	1	1	
2662	1	1	0	
2663	0	1	1	
2664	0	1	1	
2665	0	0	1	
2666	0	1	1	
2667	0	1	1	
2668	0	1	1	
2669	1	1	1	
2670	0	1	0	
2671	1	1	1	
2672	0	1	1	
2673	0	1	1	
2674	0	1	1	
2675	0	1	1	
2676	0	1	1	
2677	1	0	1	
2678	1	1	1	
2679	0	1	1	
2680	0	1	1	
2681	0	1	1	
2682	0	1	0	
2683	1	1	1	
2684	0	1	1	
2685	0	1	1	
2686	0	0	1	
2687	1	1	0	
2688	0	1	1	
2689	1	1	0	
2690	0	1	1	
2691	0	1	0	
2692	0	1	1	
2693	0	1	1	
2694	0	1	0	
2695	0	0	1	
2696	0	1	1	
2697	0	1	1	
2698	0	1	0	
2699	0	1	1	
2700	0	1	1	
2701	0	1	1	
2702	0	1	1	
2703	0	1	1	
2704	0	1	1	
2705	0	0	1	
2706	0	1	1	
2707	0	1	0	
2708	0	1	1	
2709	0	1	0	
2710	0	0	1	
2711	0	1	1	
2712	1	1	0	
2713	1	1	1	
2714	1	0	1	
2715	1	1	1	
2716	0	1	0	
2717	0	1	1	
2718	1	1	0	
2719	0	1	1	
2720	1	1	1	
2721	0	1	1	
2722	0	1	1	
2723	0	1	1	
2724	0	1	1	
2725	1	1	1	
2726	0	1	1	
2727	0	1	1	
2728	0	1	1	
2729	0	1	1	
2730	1	1	1	
2731	0	1	1	
2732	0	0	1	
2733	1	1	0	
2734	1	1	1	
2735	0	0	1	
2736	0	1	1	
2737	1	1	1	
2738	1	1	1	
2739	0	1	1	
2740	0	1	1	
2741	1	1	1	
2742	0	1	1	
2743	1	1	1	
2744	1	1	1	
2745	0	1	1	
2746	1	1	1	
2747	1	1	1	
2748	0	1	1	
2749	1	1	1	
2750	1	1	1	
2751	0	1	0	
2752	0	1	1	
2753	0	1	1	
2754	0	1	1	
2755	0	1	1	
2756	0	1	0	
2757	0	1	0	
2758	0	1	1	
2759	0	1	1	
2760	1	1	1	
2761	0	1	1	
2762	0	1	1	
2763	0	1	0	
2764	0	1	1	
2765	0	1	1	
2766	1	1	1	
2767	0	1	1	
2768	1	1	1	
2769	0	0	0	
2770	0	1	1	
2771	0	1	1	
2772	0	0	0	
2773	0	0	1	
2774	0	1	1	
2775	1	1	1	
2776	0	1	1	
2777	1	1	1	
2778	1	1	1	
2779	0	1	1	
2780	0	1	1	
2781	0	1	0	
2782	0	1	0	
2783	0	1	1	
2784	1	1	1	
2785	0	1	1	
2786	0	1	0	
2787	0	1	1	
2788	0	1	1	
2789	1	1	1	
2790	0	1	1	
2791	0	1	1	
2792	0	1	1	
2793	0	1	1	
2794	0	1	1	
2795	0	1	1	
2796	1	0	1	
2797	1	1	1	
2798	0	1	1	
2799	0	1	1	
2800	0	0	1	
2801	1	1	1	
2802	0	1	1	
2803	0	1	1	
2804	0	1	0	
2805	1	0	1	
2806	0	1	1	
2807	0	1	0	
2808	0	1	1	
2809	0	1	1	
2810	1	1	0	
2811	1	1	1	
2812	0	1	1	
2813	0	1	1	
2814	1	1	1	
2815	0	1	1	
2816	1	1	1	
2817	1	0	0	
2818	0	1	1	
2819	0	1	1	
2820	0	1	1	
2821	0	1	0	
2822	0	1	0	
2823	0	1	1	
2824	0	1	1	
2825	0	1	1	
2826	1	1	1	
2827	0	1	1	
2828	0	1	1	
2829	1	1	1	
2830	1	1	1	
2831	1	1	1	
2832	1	1	1	
2833	0	1	1	
2834	1	1	1	
2835	1	0	1	
2836	0	0	1	
2837	0	1	0	
2838	0	1	1	
2839	1	1	1	
2840	1	1	1	
2841	0	1	1	
2842	0	1	0	
2843	1	1	0	
2844	1	1	1	
2845	0	1	1	
2846	0	1	1	
2847	0	1	1	
2848	0	1	1	
2849	0	1	1	
2850	0	1	1	
2851	0	1	1	
2852	0	1	1	
2853	0	1	1	
2854	0	1	0	
2855	1	1	1	
2856	0	1	0	
2857	0	1	1	
2858	1	1	1	
2859	0	1	1	
2860	0	1	1	
2861	0	1	1	
2862	0	1	1	
2863	0	1	1	
2864	0	1	1	
2865	0	1	1	
2866	0	1	1	
2867	0	1	1	
2868	0	1	0	
2869	0	1	1	
2870	0	1	0	
2871	1	0	1	
2872	0	1	1	
2873	0	1	1	
2874	1	1	1	
2875	1	1	1	
2876	1	0	1	
2877	1	1	1	
2878	1	1	1	
2879	0	1	1	
2880	1	1	1	
2881	1	1	1	
2882	0	1	1	
2883	0	1	1	
2884	0	1	1	
2885	1	1	0	
2886	1	0	1	
2887	1	1	1	
2888	0	1	1	
2889	0	1	1	
2890	0	1	1	
2891	0	1	1	
2892	0	1	1	
2893	0	1	1	
2894	0	0	1	
2895	0	1	1	
2896	0	1	0	
2897	0	0	1	
2898	0	1	1	
2899	0	1	1	
2900	0	1	1	
2901	0	1	1	
2902	0	1	0	
2903	1	1	1	
2904	0	1	1	
2905	1	1	1	
2906	0	1	0	
2907	0	1	1	
2908	0	0	1	
2909	1	1	1	
2910	1	1	1	
2911	0	1	1	
2912	0	1	1	
2913	0	1	1	
2914	1	1	1	
2915	1	1	1	
2916	0	1	1	
2917	1	1	0	
2918	0	1	1	
2919	1	1	1	
2920	1	1	1	
2921	0	1	1	
2922	0	1	0	
2923	1	1	1	
2924	1	1	1	
2925	0	1	1	
2926	1	1	1	
2927	1	1	1	
2928	0	1	0	
2929	0	1	1	
2930	0	1	1	
2931	0	0	1	
2932	0	1	1	
2933	1	1	1	
2934	0	1	1	
2935	1	1	1	
2936	1	1	1	
2937	0	1	0	
2938	1	1	1	
2939	0	1	1	
2940	1	1	1	
2941	1	1	1	
2942	0	1	1	
2943	0	1	1	
2944	0	1	1	
2945	1	1	1	
2946	0	1	1	
2947	0	1	1	
2948	0	1	1	
2949	0	1	0	
2950	0	1	1	
2951	0	1	1	
2952	0	1	0	
2953	0	1	1	
2954	0	1	1	
2955	0	1	1	
2956	0	1	1	
2957	0	1	1	
2958	0	1	1	
2959	0	1	1	
2960	0	1	1	
2961	0	1	0	
2962	1	1	1	
2963	0	1	1	
2964	0	0	1	
2965	0	1	1	
2966	1	1	1	
2967	0	1	1	
2968	1	1	1	
2969	1	1	1	
2970	0	1	1	
2971	0	1	0	
2972	0	0	1	
2973	1	1	1	
2974	0	1	0	
2975	1	1	1	
2976	1	1	1	
2977	1	0	0	
2978	0	1	1	
2979	1	1	1	
2980	1	1	1	
2981	0	1	1	
2982	0	1	1	
2983	0	1	0	
2984	0	1	1	
2985	1	1	1	
2986	0	1	0	
2987	1	1	1	
2988	1	1	0	
2989	0	1	1	
2990	0	1	1	
2991	0	1	1	
2992	1	1	1	
2993	0	1	0	
2994	0	0	1	
2995	1	1	1	
2996	0	1	1	
2997	0	1	1	
2998	1	1	0	
2999	0	1	1	
3000	1	1	1	
3001	1	1	1	
3002	1	1	1	
3003	0	0	1	
3004	1	1	1	
3005	1	1	1	
3006	1	1	0	
3007	1	1	1	
3008	0	1	1	
3009	0	1	1	
3010	0	1	1	
3011	0	1	1	
3012	0	1	1	
3013	0	1	1	
3014	0	1	0	
3015	0	1	1	
3016	0	1	1	
3017	0	1	1	
3018	0	1	1	
3019	0	1	0	
3020	1	1	1	
3021	1	1	1	
3022	0	1	1	
3023	1	1	1	
3024	0	1	1	
3025	0	1	0	
3026	0	1	0	
3027	1	1	1	
3028	1	1	1	
3029	0	1	1	
3030	0	1	1	
3031	0	1	1	
3032	0	1	1	
3033	0	1	0	
3034	0	1	1	
3035	0	1	1	
3036	0	1	1	
3037	0	1	1	
3038	0	1	1	
3039	1	1	0	
3040	1	1	1	
3041	1	1	1	
3042	1	1	1	
3043	0	1	1	
3044	1	1	0	
3045	1	1	1	
3046	0	0	0	
3047	0	0	1	
3048	0	1	1	
3049	0	1	1	
3050	0	0	1	
3051	0	1	1	
3052	0	1	1	
3053	0	1	1	
3054	1	1	1	
3055	0	1	0	
3056	1	0	1	
3057	0	1	1	
3058	0	1	1	
3059	1	1	1	
3060	1	1	0	
3061	0	1	0	
3062	1	1	1	
3063	0	1	1	
3064	0	1	1	
3065	1	1	0	
3066	1	1	1	
3067	0	1	1	
3068	0	1	1	
3069	1	0	1	
3070	0	1	0	
3071	0	1	1	
3072	0	1	1	
3073	1	1	1	
3074	0	1	1	
3075	1	1	1	
3076	0	1	1	
3077	0	1	1	
3078	1	0	1	
3079	1	1	1	
3080	1	1	0	
3081	0	1	0	
3082	0	1	0	
3083	0	1	1	
3084	0	0	1	
3085	0	1	1	
3086	1	1	1	
3087	0	1	1	
3088	0	1	1	
3089	0	1	1	
3090	1	1	1	
3091	0	1	1	
3092	0	1	1	
3093	0	1	1	
3094	0	1	0	
3095	0	1	1	
3096	0	1	1	
3097	1	1	1	
3098	0	1	1	
3099	1	1	0	
3100	1	1	1	
3101	0	1	0	
3102	0	0	1	
3103	1	1	1	
3104	0	1	1	
3105	0	1	1	
3106	1	0	1	
3107	0	1	1	
3108	0	1	1	
3109	1	1	1	
3110	0	1	1	
3111	0	1	1	
3112	0	1	1	
3113	0	0	1	
3114	0	1	1	
3115	0	1	1	
3116	0	1	1	
3117	0	1	1	
3118	1	1	1	
3119	1	1	1	
3120	1	1	1	
3121	0	1	1	
3122	0	1	1	
3123	0	1	1	
3124	0	1	1	
3125	0	1	1	
3126	1	1	0	
3127	0	1	0	
3128	0	1	1	
3129	1	1	1	
3130	0	1	0	
3131	0	1	1	
3132	0	1	1	
3133	0	1	1	
3134	0	1	0	
3135	1	1	1	
3136	1	1	1	
3137	0	1	1	
3138	1	0	1	
3139	0	0	1	
3140	0	1	1	
3141	0	1	1	
3142	1	1	1	
3143	1	1	1	
3144	1	1	0	
3145	0	0	1	
3146	1	1	1	
3147	0	1	1	
3148	1	1	1	
3149	1	1	1	
3150	0	1	1	
3151	0	1	0	
3152	1	1	1	
3153	1	1	1	
3154	0	1	1	
3155	0	1	1	
3156	0	1	1	
3157	0	1	1	
3158	1	1	1	
3159	1	1	1	
3160	0	1	1	
3161	0	1	1	
3162	0	1	1	
3163	1	1	1	
3164	0	1	1	
3165	0	1	1	
3166	0	1	1	
3167	0	1	1	
3168	1	1	1	
3169	0	0	1	
3170	1	1	1	
3171	1	1	1	
3172	0	1	1	
3173	0	1	0	
3174	0	1	1	
3175	0	1	1	
3176	0	1	1	
3177	0	1	1	
3178	0	1	1	
3179	0	1	0	
3180	0	1	1	
3181	0	1	0	
3182	1	1	1	
3183	0	1	1	
3184	0	1	1	
3185	1	1	1	
3186	0	1	0	
3187	0	1	1	
3188	1	1	1	
3189	1	1	1	
3190	1	1	1	
3191	1	1	0	
3192	0	1	1	
3193	0	1	1	
3194	0	1	1	
3195	1	1	1	
3196	0	1	1	
3197	1	0	1	
3198	1	1	1	
3199	1	1	1	
3200	0	1	1	
3201	0	1	1	
3202	0	1	0	
3203	0	1	1	
3204	0	1	1	
3205	1	1	1	
3206	0	1	1	
3207	1	1	1	
3208	0	1	1	
3209	0	1	1	
3210	1	1	1	
3211	0	1	1	
3212	0	1	1	
3213	0	1	1	
3214	0	1	1	
3215	1	1	1	
3216	0	1	1	
3217	0	1	0	
3218	0	1	1	
3219	0	1	1	
3220	0	1	1	
3221	0	1	1	
3222	0	1	1	
3223	0	1	0	
3224	1	1	1	
3225	0	1	0	
3226	0	1	1	
3227	0	1	1	
3228	1	1	1	
3229	1	1	0	
3230	1	1	1	
3231	0	1	1	
3232	0	1	1	
3233	0	1	1	
3234	1	1	1	
3235	0	1	1	
3236	0	1	1	
3237	1	1	1	
3238	0	1	1	
3239	1	1	1	
3240	0	1	1	
3241	0	1	1	
3242	0	1	1	
3243	0	1	1	
3244	1	1	1	
3245	0	1	1	
3246	0	1	1	
3247	1	1	1	
3248	0	1	1	
3249	1	1	1	
3250	0	1	1	
3251	0	1	0	
3252	0	1	1	
3253	0	1	1	
3254	0	1	1	
3255	0	1	1	
3256	0	1	0	
3257	0	1	1	
3258	0	1	0	
3259	1	1	1	
3260	1	1	1	
3261	0	1	0	
3262	0	0	0	
3263	0	1	1	
3264	0	1	1	
3265	1	1	1	
3266	0	1	0	
3267	1	1	1	
3268	0	1	0	
3269	0	1	1	
3270	1	1	0	
3271	0	1	0	
3272	0	1	1	
3273	0	1	1	
3274	0	1	1	
3275	0	1	1	
3276	1	1	1	
3277	0	1	1	
3278	1	1	1	
3279	0	1	0	
3280	0	1	1	
3281	0	1	1	
3282	0	1	0	
3283	0	1	1	
3284	1	1	1	
3285	0	1	1	
3286	0	1	1	
3287	1	1	0	
3288	0	1	1	
3289	0	1	1	
3290	0	1	1	
3291	0	1	1	
3292	0	1	1	
3293	0	0	1	
3294	0	1	0	
3295	1	1	1	
3296	0	1	0	
3297	0	1	0	
3298	1	1	0	
3299	1	1	0	
3300	0	1	1	
3301	0	1	1	
3302	0	1	1	
3303	0	1	1	
3304	0	1	1	
3305	0	1	1	
3306	0	1	0	
3307	0	1	1	
3308	0	1	1	
3309	0	1	0	
3310	0	1	1	
3311	0	1	1	
3312	1	1	1	
3313	0	1	0	
3314	1	1	1	
3315	1	1	1	
3316	0	1	1	
3317	0	1	1	
3318	0	1	0	
3319	0	1	1	
3320	1	1	1	
3321	0	1	1	
3322	0	1	1	
3323	0	1	1	
3324	1	1	1	
3325	0	1	1	
3326	0	1	0	
3327	0	1	1	
3328	0	1	1	
3329	0	1	1	
3330	1	1	1	
3331	1	1	1	
3332	1	1	1	
3333	0	1	1	
3334	1	1	1	
3335	1	1	1	
3336	1	1	1	
3337	1	1	1	
3338	0	0	1	
3339	1	1	1	
3340	0	0	1	
3341	0	0	0	
3342	0	0	1	
3343	0	1	0	
3344	0	1	0	
3345	1	1	0	
3346	0	1	1	
3347	1	1	1	
3348	1	1	1	
3349	0	1	1	
3350	1	1	1	
3351	0	0	1	
3352	0	1	1	
3353	1	1	1	
3354	1	1	1	
3355	0	1	0	
3356	0	1	1	
3357	1	1	1	
3358	1	1	1	
3359	1	1	0	
3360	0	0	1	
3361	1	1	1	
3362	0	1	1	
3363	0	1	1	
3364	0	1	1	
3365	0	1	1	
3366	0	1	0	
3367	1	0	1	
3368	0	1	1	
3369	1	1	1	
3370	0	1	1	
3371	1	1	1	
3372	1	1	0	
3373	1	1	1	
3374	1	1	1	
3375	1	1	1	
3376	0	1	0	
3377	0	1	1	
3378	1	1	1	
3379	1	1	1	
3380	0	1	1	
3381	1	1	1	
3382	1	1	0	
3383	0	0	1	
3384	0	1	1	
3385	0	0	1	
3386	1	1	1	
3387	0	1	0	
3388	1	1	1	
3389	0	0	1	
3390	1	1	1	
3391	0	1	1	
3392	0	1	1	
3393	0	1	1	
3394	0	1	1	
3395	0	1	1	
3396	1	1	1	
3397	0	1	1	
3398	0	1	1	
3399	0	1	0	
3400	0	1	1	
3401	0	1	1	
3402	1	1	1	
3403	1	1	1	
3404	0	1	1	
3405	0	1	1	
3406	0	1	1	
3407	0	1	0	
3408	1	1	1	
3409	0	1	1	
3410	0	1	1	
3411	0	1	0	
3412	0	1	1	
3413	0	1	1	
3414	0	1	1	
3415	0	1	1	
3416	0	1	1	
3417	0	1	1	
3418	0	1	1	
3419	0	1	1	
3420	0	1	1	
3421	0	1	1	
3422	1	1	1	
3423	1	1	1	
3424	1	1	1	
3425	0	1	0	
3426	1	1	1	
3427	1	1	1	
3428	1	1	1	
3429	1	1	0	
3430	1	1	1	
3431	0	1	1	
3432	1	1	1	
3433	0	1	0	
3434	0	1	1	
3435	1	1	1	
3436	0	1	0	
3437	0	1	1	
3438	0	1	0	
3439	0	0	1	
3440	0	1	1	
3441	0	1	1	
3442	0	1	0	
3443	0	1	0	
3444	1	1	1	
3445	0	1	1	
3446	1	0	0	
3447	0	1	1	
3448	0	1	1	
3449	0	0	0	
3450	0	1	1	
3451	1	1	1	
3452	0	1	1	
3453	1	1	0	
3454	1	1	1	
3455	0	1	1	
3456	0	1	0	
3457	0	1	1	
3458	0	1	1	
3459	0	1	0	
3460	1	1	1	
3461	0	1	1	
3462	0	1	1	
3463	0	1	1	
3464	0	1	0	
3465	0	1	1	
3466	0	1	1	
3467	1	0	0	
3468	0	1	1	
3469	0	1	0	
3470	1	1	1	
3471	0	0	1	
3472	0	1	1	
3473	0	1	1	
3474	0	1	1	
3475	0	1	1	
3476	1	1	1	
3477	0	1	0	
3478	0	1	1	
3479	0	1	1	
3480	1	0	1	
3481	0	0	1	
3482	1	1	1	
3483	1	1	1	
3484	0	1	1	
3485	0	1	0	
3486	1	1	1	
3487	0	1	0	
3488	0	1	1	
3489	1	1	1	
3490	0	1	1	
3491	1	1	1	
3492	0	0	1	
3493	0	1	1	
3494	0	0	1	
3495	0	1	1	
3496	1	1	1	
3497	0	1	0	
3498	1	1	1	
3499	0	1	1	
3500	0	1	1	
3501	0	1	1	
3502	1	1	1	
3503	1	1	1	
3504	1	1	1	
3505	1	0	1	
3506	0	1	1	
3507	0	1	1	
3508	1	1	1	
3509	0	1	1	
3510	0	1	1	
3511	1	1	1	
3512	1	1	1	
3513	0	1	1	
3514	0	0	1	
3515	1	1	1	
3516	0	1	1	
3517	0	1	1	
3518	0	1	1	
3519	1	1	1	
3520	0	1	1	
3521	0	1	1	
3522	0	1	1	
3523	0	1	1	
3524	0	1	1	
3525	0	1	1	
3526	1	1	0	
3527	1	1	0	
3528	0	1	0	
3529	0	1	1	
3530	0	0	1	
3531	0	0	1	
3532	0	1	1	
3533	0	1	0	
3534	0	1	0	
3535	0	1	1	
3536	0	1	1	
3537	1	1	1	
3538	0	1	1	
3539	0	1	1	
3540	1	1	1	
3541	0	1	1	
3542	1	1	1	
3543	0	1	1	
3544	1	1	1	
3545	0	1	1	
3546	0	1	0	
3547	0	1	1	
3548	1	1	1	
3549	0	1	1	
3550	0	1	1	
3551	0	0	1	
3552	0	0	0	
3553	1	1	1	
3554	0	1	0	
3555	1	1	1	
3556	0	1	1	
3557	1	1	1	
3558	0	1	1	
3559	0	1	1	
3560	0	1	0	
3561	0	1	0	
3562	0	1	0	
3563	1	1	1	
3564	0	1	1	
3565	0	1	1	
3566	0	1	1	
3567	0	1	1	
3568	0	1	1	
3569	1	1	0	
3570	0	1	1	
3571	1	1	0	
3572	0	1	1	
3573	0	1	0	
3574	1	1	0	
3575	0	1	0	
3576	1	1	1	
3577	0	1	1	
3578	0	1	0	
3579	0	1	1	
3580	1	1	1	
3581	1	1	1	
3582	0	1	1	
3583	0	1	1	
3584	0	1	0	
3585	1	1	0	
3586	1	1	0	
3587	1	1	0	
3588	1	1	1	
3589	0	1	1	
3590	0	1	1	
3591	0	1	1	
3592	0	1	1	
3593	0	0	1	
3594	1	1	1	
3595	0	1	1	
3596	1	1	1	
3597	0	1	1	
3598	0	1	1	
3599	1	1	1	
3600	0	1	0	
3601	0	1	0	
3602	0	1	0	
3603	0	1	1	
3604	0	0	1	
3605	1	1	1	
3606	1	0	1	
3607	0	1	1	
3608	0	1	1	
3609	0	0	1	
3610	0	1	1	
3611	1	1	0	
3612	0	1	1	
3613	0	1	1	
3614	1	1	1	
3615	1	0	1	
3616	0	1	1	
3617	0	0	1	
3618	0	1	1	
3619	0	0	1	
3620	0	1	0	
3621	0	1	1	
3622	0	1	1	
3623	1	1	0	
3624	0	1	1	
3625	0	1	1	
3626	0	1	1	
3627	0	1	0	
3628	0	1	1	
3629	0	1	1	
3630	0	1	1	
3631	1	1	1	
3632	0	1	0	
3633	0	1	1	
3634	0	1	1	
3635	1	1	1	
3636	0	1	1	
3637	0	1	1	
3638	0	1	1	
3639	1	1	0	
3640	0	1	1	
3641	0	1	1	
3642	0	1	1	
3643	0	1	1	
3644	0	1	1	
3645	0	1	1	
3646	0	1	1	
3647	0	1	1	
3648	0	1	1	
3649	1	1	1	
3650	1	1	1	
3651	0	1	1	
3652	0	1	0	
3653	1	0	0	
3654	1	1	1	
3655	0	1	1	
3656	0	1	1	
3657	0	1	0	
3658	0	1	0	
3659	1	1	1	
3660	0	1	1	
3661	1	1	1	
3662	1	1	1	
3663	0	1	1	
3664	0	1	1	
3665	1	1	1	
3666	0	1	0	
3667	0	1	1	
3668	1	1	1	
3669	0	1	0	
3670	1	0	1	
3671	0	1	1	
3672	0	1	0	
3673	1	1	1	
3674	1	1	1	
3675	0	1	0	
3676	0	1	1	
3677	1	1	0	
3678	0	1	1	
3679	0	1	1	
3680	0	1	1	
3681	1	1	0	
3682	1	1	1	
3683	1	1	1	
3684	1	1	0	
3685	0	1	0	
3686	0	1	1	
3687	0	1	1	
3688	0	1	0	
3689	0	0	1	
3690	0	1	1	
3691	0	1	1	
3692	1	1	1	
3693	1	1	1	
3694	0	1	1	
3695	0	1	1	
3696	0	0	1	
3697	0	1	1	
3698	0	1	1	
3699	0	1	1	
3700	1	1	1	
3701	1	1	1	
3702	0	0	0	
3703	0	1	1	
3704	1	1	1	
3705	1	1	0	
3706	0	1	1	
3707	0	0	1	
3708	0	1	1	
3709	0	1	1	
3710	1	1	1	
3711	0	1	1	
3712	0	1	1	
3713	1	0	1	
3714	0	1	0	
3715	0	0	0	
3716	0	1	1	
3717	0	1	1	
3718	1	1	1	
3719	0	1	0	
3720	0	1	1	
3721	1	1	1	
3722	0	1	1	
3723	0	1	0	
3724	0	1	1	
3725	1	1	1	
3726	0	1	1	
3727	0	1	0	
3728	0	1	1	
3729	0	1	1	
3730	0	0	1	
3731	1	1	1	
3732	0	1	1	
3733	0	1	0	
3734	0	1	0	
3735	0	1	1	
3736	1	1	1	
3737	0	0	1	
3738	1	1	1	
3739	0	1	1	
3740	0	1	1	
3741	0	1	1	
3742	0	1	1	
3743	0	1	1	
3744	0	1	1	
3745	0	1	1	
3746	0	1	1	
3747	0	0	0	
3748	0	1	1	
3749	0	1	1	
3750	0	1	1	
3751	1	1	1	
3752	0	1	1	
3753	0	1	1	
3754	1	0	1	
3755	1	1	1	
3756	1	1	1	
3757	0	1	0	
3758	0	1	1	
3759	0	1	1	
3760	1	1	0	
3761	0	1	0	
3762	0	1	1	
3763	1	1	1	
3764	1	1	1	
3765	1	1	1	
3766	0	1	1	
3767	0	1	1	
3768	0	1	1	
3769	0	1	1	
3770	0	1	0	
3771	0	1	0	
3772	0	1	1	
3773	1	1	1	
3774	0	1	1	
3775	0	1	1	
3776	0	0	1	
3777	0	1	1	
3778	0	1	1	
3779	1	1	1	
3780	0	1	1	
3781	0	1	0	
3782	0	1	0	
3783	0	1	1	
3784	0	1	1	
3785	0	1	1	
3786	0	1	0	
3787	0	0	1	
3788	0	1	1	
3789	1	1	1	
3790	0	1	1	
3791	1	1	1	
3792	0	1	1	
3793	0	1	1	
3794	1	1	1	
3795	0	1	1	
3796	1	1	1	
3797	1	1	1	
3798	0	1	0	
3799	1	1	0	
3800	1	1	1	
3801	1	1	0	
3802	1	1	1	
3803	0	1	0	
3804	0	1	1	
3805	1	1	1	
3806	0	1	1	
3807	0	1	1	
3808	1	1	1	
3809	1	0	1	
3810	0	1	1	
3811	0	1	1	
3812	0	1	1	
3813	0	1	1	
3814	1	1	0	
3815	1	1	1	
3816	1	1	1	
3817	0	1	1	
3818	0	1	1	
3819	0	1	1	
3820	0	1	1	
3821	0	1	1	
3822	0	1	1	
3823	0	1	0	
3824	1	1	1	
3825	0	1	1	
3826	0	1	1	
3827	0	1	0	
3828	0	1	1	
3829	0	1	1	
3830	1	1	1	
3831	0	1	1	
3832	0	1	1	
3833	0	1	1	
3834	0	1	1	
3835	0	1	1	
3836	0	1	1	
3837	0	1	1	
3838	1	1	1	
3839	0	1	1	
3840	1	1	1	
3841	0	1	1	
3842	0	1	1	
3843	0	1	1	
3844	0	0	0	
3845	0	1	1	
3846	1	1	1	
3847	0	1	1	
3848	0	1	1	
3849	0	1	1	
3850	0	1	0	
3851	0	1	0	
3852	1	1	1	
3853	0	1	1	
3854	0	1	1	
3855	0	1	1	
3856	1	1	1	
3857	1	1	1	
3858	0	1	1	
3859	0	1	1	
3860	0	1	1	
3861	1	1	1	
3862	0	1	1	
3863	0	1	1	
3864	1	1	0	
3865	0	1	1	
3866	0	1	0	
3867	0	1	0	
3868	0	1	1	
3869	1	1	1	
3870	0	1	1	
3871	0	1	0	
3872	1	1	0	
3873	0	1	0	
3874	0	1	1	
3875	0	1	1	
3876	1	1	1	
3877	0	1	0	
3878	1	1	0	
3879	1	1	0	
3880	0	0	0	
3881	0	1	1	
3882	0	1	1	
3883	0	1	1	
3884	0	1	1	
3885	0	1	1	
3886	0	1	1	
3887	1	0	1	
3888	1	0	1	
3889	0	1	1	
3890	0	1	1	
3891	0	1	1	
3892	0	1	1	
3893	0	1	1	
3894	1	1	1	
3895	0	1	1	
3896	1	1	0	
3897	0	1	1	
3898	0	1	1	
3899	0	1	1	
3900	0	1	1	
3901	0	1	0	
3902	1	0	1	
3903	0	1	1	
3904	0	1	1	
3905	0	0	1	
3906	0	1	1	
3907	0	1	1	
3908	0	1	1	
3909	1	1	0	
3910	0	1	0	
3911	0	1	1	
3912	0	1	1	
3913	1	1	1	
3914	1	1	0	
3915	0	1	1	
3916	0	1	1	
3917	1	1	1	
3918	0	1	1	
3919	1	1	0	
3920	0	1	1	
3921	0	1	1	
3922	1	1	0	
3923	0	1	0	
3924	1	1	0	
3925	0	1	1	
3926	0	1	1	
3927	0	1	1	
3928	0	1	1	
3929	0	1	1	
3930	0	1	1	
3931	1	1	1	
3932	0	1	1	
3933	0	0	1	
3934	0	1	1	
3935	1	1	1	
3936	0	1	1	
3937	0	1	1	
3938	0	1	0	
3939	1	1	1	
3940	0	1	1	
3941	0	1	0	
3942	1	1	1	
3943	0	1	1	
3944	1	1	1	
3945	0	1	0	
3946	1	1	1	
3947	0	1	0	
3948	0	1	1	
3949	0	1	1	
3950	0	0	1	
3951	0	0	1	
3952	0	1	1	
3953	0	1	1	
3954	1	1	1	
3955	1	1	1	
3956	0	1	0	
3957	1	1	0	
3958	0	1	1	
3959	0	1	1	
3960	1	1	1	
3961	0	1	0	
3962	0	1	1	
3963	1	1	1	
3964	0	1	1	
3965	0	1	1	
3966	0	1	0	
3967	0	1	1	
3968	0	1	1	
3969	0	1	1	
3970	1	1	1	
3971	0	1	1	
3972	0	1	1	
3973	0	1	1	
3974	1	1	1	
3975	0	1	1	
3976	1	1	1	
3977	0	1	0	
3978	0	0	0	
3979	0	0	1	
3980	0	1	0	
3981	0	1	1	
3982	0	1	1	
3983	0	1	1	
3984	0	0	1	
3985	0	1	1	
3986	0	1	1	
3987	0	1	1	
3988	1	1	0	
3989	0	1	1	
3990	0	1	0	
3991	1	1	1	
3992	0	1	1	
3993	0	1	1	
3994	0	1	1	
3995	0	0	0	
3996	0	1	1	
3997	1	1	0	
3998	1	1	1	
3999	0	1	1	
4000	0	1	1	
4001	0	1	1	
4002	0	1	1	
4003	1	1	1	
4004	0	1	0	
4005	0	1	1	
4006	0	1	1	
4007	1	1	1	
4008	0	1	1	
4009	0	1	1	
4010	0	1	0	
4011	1	1	1	
4012	0	1	1	
4013	0	1	1	
4014	0	1	1	
4015	0	1	1	
4016	0	1	1	
4017	0	1	1	
4018	1	1	1	
4019	0	1	1	
4020	0	1	0	
4021	0	1	1	
4022	0	1	1	
4023	0	1	1	
4024	0	1	1	
4025	1	1	1	
4026	0	1	1	
4027	0	0	0	
4028	1	1	1	
4029	0	1	0	
4030	0	1	1	
4031	1	1	0	
4032	0	1	1	
4033	0	0	1	
4034	0	1	1	
4035	0	1	1	
4036	0	1	1	
4037	0	1	1	
4038	0	1	1	
4039	0	1	1	
4040	0	1	0	
4041	0	1	0	
4042	0	1	1	
4043	0	1	1	
4044	1	1	1	
4045	0	1	1	
4046	0	1	1	
4047	0	1	1	
4048	1	1	1	
4049	1	1	1	
4050	0	0	1	
4051	1	1	1	
4052	0	0	1	
4053	0	1	1	
4054	0	1	1	
4055	0	1	0	
4056	0	1	0	
4057	1	1	1	
4058	0	1	1	
4059	0	1	1	
4060	0	1	1	
4061	0	1	0	
4062	1	1	1	
4063	1	1	1	
4064	1	1	1	
4065	0	1	1	
4066	1	1	1	
4067	0	1	1	
4068	0	1	1	
4069	0	1	0	
4070	1	1	0	
4071	0	1	1	
4072	0	1	1	
4073	1	1	1	
4074	1	1	1	
4075	0	1	0	
4076	0	1	1	
4077	1	1	1	
4078	1	1	1	
4079	0	1	1	
4080	0	1	1	
4081	0	0	1	
4082	1	0	1	
4083	0	1	0	
4084	0	1	0	
4085	0	1	1	
4086	0	0	1	
4087	0	1	0	
4088	0	1	0	
4089	1	1	0	
4090	1	1	1	
4091	1	1	1	
4092	1	1	0	
4093	1	1	1	
4094	0	0	0	
4095	0	0	1	
4096	0	1	1	
4097	1	1	1	
4098	0	1	1	
4099	0	1	0	
4100	1	1	0	
4101	1	1	1	
4102	1	1	1	
4103	0	1	1	
4104	0	1	1	
4105	0	1	1	
4106	1	0	1	
4107	0	1	1	
4108	1	1	1	
4109	1	1	1	
4110	0	1	1	
4111	0	1	0	
4112	0	1	1	
4113	1	1	1	
4114	0	1	1	
4115	0	1	1	
4116	0	1	1	
4117	0	1	1	
4118	1	1	1	
4119	0	1	0	
4120	0	1	1	
4121	1	1	1	
4122	0	1	1	
4123	0	1	1	
4124	1	1	0	
4125	1	1	1	
4126	1	1	1	
4127	0	1	0	
4128	0	0	0	
4129	0	0	1	
4130	1	1	1	
4131	1	1	0	
4132	0	1	0	
4133	0	1	1	
4134	1	1	1	
4135	1	1	0	
4136	0	1	1	
4137	1	1	1	
4138	0	1	0	
4139	1	1	1	
4140	0	1	1	
4141	0	1	1	
4142	1	1	1	
4143	0	1	1	
4144	0	1	1	
4145	1	1	1	
4146	0	1	1	
4147	0	1	1	
4148	0	1	1	
4149	1	1	1	
4150	0	1	1	
4151	0	1	1	
4152	0	1	1	
4153	0	0	0	
4154	0	1	1	
4155	0	1	1	
4156	1	1	1	
4157	0	1	1	
4158	0	1	1	
4159	1	1	1	
4160	1	1	1	
4161	1	0	1	
4162	1	1	1	
4163	1	1	1	
4164	0	1	1	
4165	0	1	1	
4166	0	1	1	
4167	0	1	1	
4168	1	1	1	
4169	1	0	1	
4170	0	1	1	
4171	0	1	1	
4172	0	0	0	
4173	0	1	1	
4174	1	1	1	
4175	0	1	1	
4176	0	1	1	
4177	1	1	1	
4178	1	1	1	
4179	0	0	1	
4180	0	1	1	
4181	1	1	1	
4182	1	1	1	
4183	0	1	1	
4184	1	1	1	
4185	0	0	1	
4186	0	1	1	
4187	0	1	1	
4188	0	0	1	
4189	0	1	1	
4190	0	1	1	
4191	1	0	1	
4192	0	1	1	
4193	1	1	1	
4194	0	1	1	
4195	0	1	1	
4196	0	1	1	
4197	0	1	0	
4198	0	1	0	
4199	0	1	1	
4200	0	1	1	
4201	0	1	1	
4202	1	1	0	
4203	0	0	1	
4204	0	1	0	
4205	1	1	1	
4206	1	1	0	
4207	1	1	1	
4208	1	1	1	
4209	0	1	1	
4210	0	1	0	
4211	0	0	1	
4212	0	0	1	
4213	0	1	1	
4214	0	0	1	
4215	0	1	1	
4216	1	1	1	
4217	0	1	0	
4218	0	1	1	
4219	1	1	1	
4220	1	1	1	
4221	0	1	1	
4222	0	1	1	
4223	0	0	1	
4224	0	1	1	
4225	1	1	1	
4226	0	1	1	
4227	1	1	1	
4228	0	0	1	
4229	0	1	1	
4230	0	1	1	
4231	0	1	1	
4232	0	1	1	
4233	0	1	1	
4234	1	0	0	
4235	1	1	1	
4236	0	1	1	
4237	0	1	1	
4238	0	1	1	
4239	1	1	1	
4240	1	1	1	
4241	1	1	1	
4242	0	1	1	
4243	0	1	1	
4244	0	1	1	
4245	0	1	1	
4246	1	1	1	
4247	0	1	1	
4248	0	1	0	
4249	1	1	1	
4250	0	1	0	
4251	0	1	1	
4252	0	1	0	
4253	0	1	1	
4254	0	1	1	
4255	0	1	1	
4256	0	1	1	
4257	0	1	0	
4258	1	1	1	
4259	0	1	0	
4260	0	0	1	
4261	1	1	1	
4262	1	0	1	
4263	0	1	1	
4264	0	1	1	
4265	0	1	0	
4266	0	1	1	
4267	0	1	1	
4268	0	1	1	
4269	0	1	1	
4270	0	1	1	
4271	0	1	1	
4272	0	1	0	
4273	0	1	0	
4274	0	1	1	
4275	0	1	0	
4276	1	1	1	
4277	1	1	1	
4278	0	1	1	
4279	0	1	1	
4280	0	1	1	
4281	1	1	1	
4282	0	1	0	
4283	1	1	1	
4284	0	0	1	
4285	0	1	1	
4286	0	1	1	
4287	0	0	1	
4288	0	1	1	
4289	1	1	1	
4290	1	1	1	
4291	0	1	0	
4292	0	1	1	
4293	0	1	1	
4294	0	1	1	
4295	1	0	0	
4296	0	1	1	
4297	0	0	1	
4298	1	1	1	
4299	0	1	0	
4300	1	1	0	
4301	0	1	0	
4302	1	1	0	
4303	1	1	1	
4304	0	1	1	
4305	0	1	0	
4306	0	1	1	
4307	0	1	1	
4308	1	1	1	
4309	1	1	0	
4310	1	1	1	
4311	1	0	1	
4312	0	1	1	
4313	1	1	1	
4314	0	1	1	
4315	1	1	1	
4316	0	1	1	
4317	0	1	1	
4318	0	1	1	
4319	0	1	1	
4320	0	1	1	
4321	0	1	1	
4322	0	0	1	
4323	1	1	1	
4324	0	1	1	
4325	1	1	1	
4326	0	1	1	
4327	0	1	1	
4328	0	1	1	
4329	0	1	0	
4330	0	1	0	
4331	0	1	0	
4332	0	1	1	
4333	0	1	1	
4334	1	1	1	
4335	0	1	1	
4336	1	1	1	
4337	1	1	1	
4338	0	1	1	
4339	0	1	1	
4340	0	1	1	
4341	0	1	1	
4342	0	1	1	
4343	0	1	1	
4344	0	1	0	
4345	0	1	1	
4346	1	1	1	
4347	0	1	1	
4348	1	1	1	
4349	1	1	1	
4350	0	1	1	
4351	1	1	0	
4352	0	1	1	
4353	0	1	1	
4354	0	1	0	
4355	1	1	0	
4356	0	1	1	
4357	0	0	1	
4358	1	1	1	
4359	1	1	1	
4360	0	1	1	
4361	0	1	1	
4362	1	1	1	
4363	0	1	1	
4364	1	1	1	
4365	0	1	1	
4366	0	1	1	
4367	1	1	1	
4368	0	1	1	
4369	0	1	1	
4370	0	1	1	
4371	0	1	1	
4372	0	1	1	
4373	0	1	1	
4374	1	1	1	
4375	0	1	1	
4376	1	1	1	
4377	0	1	1	
4378	0	1	0	
4379	0	1	1	
4380	1	1	1	
4381	1	1	1	
4382	0	1	1	
4383	1	1	0	
4384	0	1	1	
4385	0	1	1	
4386	0	1	1	
4387	0	1	1	
4388	0	1	0	
4389	1	1	1	
4390	1	1	1	
4391	1	1	1	
4392	1	0	1	
4393	0	1	1	
4394	0	0	0	
4395	1	1	1	
4396	0	1	1	
4397	0	1	1	
4398	1	1	0	
4399	0	1	1	
4400	0	1	1	
4401	0	1	1	
4402	0	1	1	
4403	1	1	1	
4404	0	1	1	
4405	0	1	0	
4406	0	1	0	
4407	0	1	1	
4408	0	0	1	
4409	0	1	1	
4410	0	1	1	
4411	0	1	1	
4412	1	1	1	
4413	0	1	1	
4414	0	1	0	
4415	0	1	1	
4416	0	1	1	
4417	0	1	1	
4418	0	1	1	
4419	0	1	1	
4420	0	1	0	
4421	1	1	0	
4422	1	0	1	
4423	0	1	1	
4424	0	1	0	
4425	1	1	1	
4426	0	1	1	
4427	1	1	1	
4428	1	1	1	
4429	0	1	0	
4430	0	0	0	
4431	0	1	1	
4432	0	0	1	
4433	0	1	1	
4434	0	1	1	
4435	0	1	1	
4436	0	1	1	
4437	0	1	0	
4438	0	1	1	
4439	1	0	1	
4440	0	1	0	
4441	0	1	1	
4442	0	1	1	
4443	0	0	0	
4444	0	1	1	
4445	0	1	1	
4446	1	1	1	
4447	0	1	1	
4448	0	1	1	
4449	1	1	0	
4450	0	1	1	
4451	0	0	1	
4452	0	1	1	
4453	0	1	1	
4454	0	1	0	
4455	0	1	1	
4456	0	1	1	
4457	0	1	0	
4458	0	1	1	
4459	0	1	1	
4460	0	1	1	
4461	0	1	1	
4462	0	1	1	
4463	0	1	1	
4464	0	1	1	
4465	0	0	1	
4466	1	1	1	
4467	0	1	0	
4468	0	1	1	
4469	0	1	0	
4470	0	1	0	
4471	1	1	1	
4472	1	1	1	
4473	0	1	1	
4474	1	1	1	
4475	0	1	1	
4476	0	1	1	
4477	0	1	1	
4478	0	0	1	
4479	0	1	1	
4480	1	0	1	
4481	0	1	1	
4482	0	1	1	
4483	0	1	1	
4484	0	1	1	
4485	1	1	1	
4486	1	1	0	
4487	1	1	1	
4488	1	1	1	
4489	0	1	0	
4490	0	1	1	
4491	1	1	1	
4492	0	1	1	
4493	1	0	1	
4494	0	1	1	
4495	0	1	1	
4496	0	1	1	
4497	0	1	1	
4498	1	1	1	
4499	1	1	1	
4500	0	1	1	
4501	1	1	1	
4502	1	1	1	
4503	0	1	0	
4504	0	1	0	
4505	0	1	1	
4506	0	1	1	
4507	0	1	1	
4508	1	1	1	
4509	1	1	1	
4510	0	1	1	
4511	0	1	1	
4512	0	1	1	
4513	0	1	1	
4514	0	0	1	
4515	1	1	0	
4516	0	1	1	
4517	0	1	1	
4518	1	1	1	
4519	0	1	1	
4520	0	1	1	
4521	0	1	1	
4522	0	1	1	
4523	0	1	1	
4524	1	1	1	
4525	1	1	1	
4526	0	1	1	
4527	1	1	1	
4528	1	1	1	
4529	0	1	1	
4530	1	1	1	
4531	0	1	1	
4532	1	1	1	
4533	0	1	1	
4534	0	0	1	
4535	0	1	0	
4536	0	1	0	
4537	0	1	1	
4538	0	1	1	
4539	1	1	1	
4540	1	0	1	
4541	1	1	1	
4542	0	1	1	
4543	0	1	1	
4544	0	0	0	
4545	0	1	1	
4546	0	1	1	
4547	0	1	1	
4548	1	1	1	
4549	1	0	0	
4550	0	1	1	
4551	0	1	0	
4552	1	1	1	
4553	0	1	1	
4554	1	1	1	
4555	0	1	1	
4556	1	1	1	
4557	1	1	1	
4558	0	1	0	
4559	0	1	1	
4560	0	1	1	
4561	0	1	1	
4562	0	1	0	
4563	0	1	1	
4564	0	1	1	
4565	0	1	1	
4566	0	1	1	
4567	1	1	1	
4568	0	1	1	
4569	0	1	1	
4570	0	1	1	
4571	1	1	1	
4572	0	1	1	
4573	1	1	1	
4574	0	1	0	
4575	0	1	1	
4576	1	1	1	
4577	1	1	1	
4578	1	1	0	
4579	0	1	0	
4580	0	0	1	
4581	0	1	0	
4582	0	1	1	
4583	0	1	1	
4584	0	1	0	
4585	0	1	0	
4586	0	1	1	
4587	1	0	1	
4588	0	1	1	
4589	1	1	1	
4590	0	0	1	
4591	0	1	1	
4592	0	1	1	
4593	1	0	0	
4594	1	1	1	
4595	0	1	1	
4596	0	1	1	
4597	0	1	1	
4598	1	1	1	
4599	0	1	1	
4600	0	1	1	
4601	0	0	1	
4602	0	0	1	
4603	0	1	0	
4604	0	1	1	
4605	0	1	0	
4606	0	1	0	
4607	1	1	1	
4608	0	1	1	
4609	0	1	1	
4610	0	1	1	
4611	1	1	1	
4612	0	1	1	
4613	0	1	1	
4614	0	1	1	
4615	0	1	1	
4616	1	1	1	
4617	0	1	0	
4618	1	1	1	
4619	0	1	1	
4620	0	0	1	
4621	1	1	1	
4622	0	1	1	
4623	1	1	0	
4624	1	1	1	
4625	0	1	1	
4626	0	1	1	
4627	0	1	0	
4628	0	1	1	
4629	1	1	0	
4630	0	1	1	
4631	0	1	0	
4632	0	1	0	
4633	1	1	1	
4634	0	1	1	
4635	0	1	1	
4636	0	1	0	
4637	0	1	1	
4638	0	1	1	
4639	1	1	1	
4640	0	1	1	
4641	0	1	1	
4642	1	1	0	
4643	1	0	1	
4644	0	1	1	
4645	0	1	1	
4646	0	1	1	
4647	0	1	1	
4648	1	1	1	
4649	1	1	1	
4650	0	1	1	
4651	0	1	1	
4652	0	1	1	
4653	1	0	1	
4654	0	1	1	
4655	0	1	1	
4656	1	1	1	
4657	0	0	1	
4658	0	1	1	
4659	1	1	1	
4660	0	1	1	
4661	0	1	1	
4662	0	1	0	
4663	0	1	0	
4664	1	1	1	
4665	1	1	1	
4666	0	1	0	
4667	0	1	1	
4668	0	1	1	
4669	1	1	1	
4670	0	1	0	
4671	1	0	1	
4672	0	1	1	
4673	0	1	0	
4674	0	1	1	
4675	0	1	0	
4676	1	0	1	
4677	0	1	1	
4678	0	1	1	
4679	0	1	1	
4680	0	0	0	
4681	0	0	1	
4682	1	1	1	
4683	1	1	1	
4684	0	1	1	
4685	0	1	0	
4686	0	1	0	
4687	1	1	1	
4688	0	1	1	
4689	0	0	1	
4690	1	1	1	
4691	0	1	1	
4692	0	1	1	
4693	1	1	1	
4694	0	0	1	
4695	1	1	1	
4696	0	1	1	
4697	1	1	1	
4698	1	1	1	
4699	1	1	1	
4700	0	1	1	
4701	0	1	0	
4702	0	1	1	
4703	0	1	1	
4704	1	1	1	
4705	0	1	1	
4706	0	1	1	
4707	0	1	1	
4708	0	1	1	
4709	1	1	0	
4710	0	1	1	
4711	0	1	1	
4712	0	1	1	
4713	0	1	0	
4714	0	1	0	
4715	0	1	1	
4716	0	1	0	
4717	0	1	1	
4718	1	1	1	
4719	0	1	1	
4720	1	1	1	
4721	0	1	1	
4722	0	0	1	
4723	0	1	1	
4724	0	1	1	
4725	0	0	0	
4726	1	1	0	
4727	0	1	1	
4728	0	1	0	
4729	0	1	0	
4730	0	1	0	
4731	0	1	1	
4732	0	1	1	
4733	0	1	1	
4734	1	1	1	
4735	0	1	1	
4736	1	1	1	
4737	0	1	1	
4738	1	1	0	
4739	0	1	1	
4740	0	0	1	
4741	0	1	1	
4742	0	1	1	
4743	1	1	1	
4744	0	1	1	
4745	0	1	0	
4746	1	1	0	
4747	0	1	1	
4748	0	0	1	
4749	1	1	0	
4750	1	1	1	
4751	0	1	1	
4752	0	1	1	
4753	0	1	1	
4754	0	1	1	
4755	0	1	1	
4756	0	1	0	
4757	0	0	0	
4758	0	1	0	
4759	1	0	0	
4760	0	1	1	
4761	0	1	1	
4762	1	1	1	
4763	0	1	0	
4764	0	1	1	
4765	1	1	1	
4766	0	1	0	
4767	0	1	0	
4768	0	1	1	
4769	0	1	1	
4770	1	0	1	
4771	0	1	1	
4772	0	1	1	
4773	0	1	0	
4774	0	1	1	
4775	0	1	1	
4776	0	1	1	
4777	0	1	1	
4778	0	1	1	
4779	0	1	0	
4780	1	1	1	
4781	1	1	0	
4782	1	1	1	
4783	0	1	0	
4784	0	1	1	
4785	0	1	1	
4786	0	1	1	
4787	0	1	0	
4788	0	1	1	
4789	0	1	1	
4790	0	1	1	
4791	0	1	1	
4792	0	1	1	
4793	0	1	1	
4794	0	0	0	
4795	0	1	1	
4796	0	1	1	
4797	0	1	0	
4798	0	1	1	
4799	0	1	1	
4800	1	1	1	
4801	1	1	1	
4802	0	1	0	
4803	0	1	1	
4804	0	1	1	
4805	0	0	1	
4806	0	1	0	
4807	0	1	0	
4808	0	1	1	
4809	0	0	1	
4810	0	1	1	
4811	0	1	1	
4812	0	1	1	
4813	0	1	1	
4814	0	1	1	
4815	0	1	1	
4816	0	1	1	
4817	1	1	1	
4818	0	1	1	
4819	0	1	1	
4820	1	1	0	
4821	0	0	0	
4822	0	1	0	
4823	1	0	1	
4824	0	1	1	
4825	0	1	1	
4826	0	1	1	
4827	0	1	1	
4828	0	1	1	
4829	0	1	1	
4830	0	1	1	
4831	0	1	1	
4832	0	0	1	
4833	1	1	1	
4834	0	1	0	
4835	0	1	1	
4836	0	1	1	
4837	1	1	1	
4838	1	1	1	
4839	0	1	0	
4840	0	1	1	
4841	0	1	1	
4842	0	1	1	
4843	1	1	1	
4844	0	1	1	
4845	0	1	1	
4846	0	1	1	
4847	0	1	1	
4848	0	0	1	
4849	0	1	1	
4850	0	1	0	
4851	0	1	1	
4852	0	1	1	
4853	1	1	1	
4854	0	1	1	
4855	0	1	1	
4856	0	1	1	
4857	1	1	1	
4858	1	1	1	
4859	0	1	1	
4860	0	0	1	
4861	1	1	1	
4862	0	0	1	
4863	1	1	1	
4864	0	1	1	
4865	1	1	1	
4866	1	1	1	
4867	0	1	0	
4868	0	1	1	
4869	0	1	0	
4870	1	1	1	
4871	0	1	1	
4872	0	1	1	
4873	0	1	0	
4874	1	1	1	
4875	0	1	1	
4876	1	1	1	
4877	0	1	1	
4878	0	0	1	
4879	1	1	1	
4880	0	1	1	
4881	0	1	1	
4882	0	1	1	
4883	1	1	1	
4884	1	1	1	
4885	0	1	1	
4886	0	1	0	
4887	0	1	1	
4888	0	1	1	
4889	1	1	1	
4890	0	1	0	
4891	0	1	1	
4892	1	1	1	
4893	1	1	0	
4894	0	1	1	
4895	1	1	1	
4896	0	1	1	
4897	1	1	1	
4898	0	1	1	
4899	1	1	1	
4900	0	1	1	
4901	1	1	1	
4902	0	1	1	
4903	0	0	0	
4904	1	1	1	
4905	0	1	1	
4906	0	1	1	
4907	1	1	1	
4908	0	0	0	
4909	1	1	1	
4910	1	1	1	
4911	0	1	1	
4912	1	1	1	
4913	0	1	0	
4914	0	1	0	
4915	0	1	0	
4916	1	0	1	
4917	0	0	1	
4918	0	1	1	
4919	0	1	1	
4920	1	1	1	
4921	0	1	0	
4922	0	1	1	
4923	1	1	1	
4924	0	1	1	
4925	1	1	1	
4926	0	1	0	
4927	0	1	1	
4928	0	1	1	
4929	1	1	1	
4930	0	1	1	
4931	0	1	0	
4932	0	1	0	
4933	0	1	1	
4934	0	1	1	
4935	1	1	1	
4936	0	1	1	
4937	0	1	1	
4938	0	0	0	
4939	0	1	1	
4940	0	1	1	
4941	1	1	1	
4942	1	0	1	
4943	1	1	1	
4944	0	1	1	
4945	0	1	1	
4946	0	1	1	
4947	0	1	1	
4948	0	1	0	
4949	0	1	0	
4950	0	1	1	
4951	0	1	1	
4952	0	1	1	
4953	0	1	1	
4954	0	0	1	
4955	1	1	1	
4956	0	1	1	
4957	0	1	1	
4958	0	0	1	
4959	0	1	1	
4960	0	1	1	
4961	0	1	1	
4962	0	1	1	
4963	1	1	1	
4964	0	1	0	
4965	0	1	1	
4966	0	1	1	
4967	0	1	0	
4968	1	1	1	
4969	1	1	1	
4970	0	1	1	
4971	1	1	1	
4972	0	1	1	
4973	0	1	1	
4974	0	1	0	
4975	0	1	1	
4976	0	1	1	
4977	0	0	1	
4978	0	1	1	
4979	0	1	1	
4980	1	0	0	
4981	0	1	1	
4982	0	1	1	
4983	0	1	1	
4984	1	1	1	
4985	1	1	1	
4986	1	1	1	
4987	0	1	1	
4988	0	1	1	
4989	0	1	1	
4990	1	1	1	
4991	0	1	1	
4992	0	1	1	
4993	1	0	1	
4994	0	1	0	
4995	0	1	1	
4996	0	1	0	
4997	1	1	1	
4998	0	1	0	
4999	1	1	0	
