0	0 0 1
1	0 1 0
2	1 0 0
3	0 0 1
4	1 0 0
5	0 0 1
6	0 0 1
7	1 0 0
8	0 0 1
9	1 0 0
10	1 0 0
11	0 0 1
12	0 1 0
13	0 0 1
14	0 0 1
15	0 1 0
16	0 0 1
17	0 1 0
18	0 0 1
19	0 0 1
20	0 0 1
21	0 1 0
22	0 1 0
23	1 0 0
24	0 0 1
25	0 0 1
26	1 0 0
27	1 0 0
28	0 1 0
29	1 0 0
30	1 0 0
31	0 1 0
32	1 0 0
33	0 1 0
34	1 0 0
35	0 1 0
36	0 1 0
37	1 0 0
38	0 1 0
39	0 0 1
40	0 1 0
41	0 1 0
42	0 0 1
43	0 1 0
44	0 1 0
45	0 1 0
46	1 0 0
47	1 0 0
48	0 0 1
49	0 0 1
50	0 1 0
51	0 0 1
52	0 0 1
53	0 0 1
54	1 0 0
55	1 0 0
56	1 0 0
57	0 1 0
58	1 0 0
59	0 1 0
60	0 0 1
61	0 1 0
62	1 0 0
63	1 0 0
64	0 0 1
65	1 0 0
66	0 1 0
67	0 1 0
68	0 0 1
69	0 1 0
70	0 1 0
71	1 0 0
72	0 0 1
73	0 1 0
74	0 0 1
75	0 0 1
76	1 0 0
77	0 1 0
78	0 0 1
79	0 1 0
80	0 0 1
81	0 1 0
82	0 0 1
83	0 0 1
84	0 1 0
85	0 1 0
86	0 1 0
87	1 0 0
88	0 1 0
89	0 1 0
90	0 0 1
91	0 0 1
92	0 0 1
93	0 1 0
94	0 0 1
95	0 0 1
96	0 1 0
97	0 1 0
98	1 0 0
99	1 0 0
100	0 0 1
101	0 0 1
102	0 1 0
103	1 0 0
104	0 0 1
105	1 0 0
106	1 0 0
107	0 0 1
108	0 0 1
109	0 0 1
110	1 0 0
111	0 1 0
112	0 1 0
113	1 0 0
114	0 1 0
115	0 0 1
116	0 0 1
117	0 1 0
118	0 1 0
119	0 0 1
120	0 0 1
121	0 1 0
122	0 0 1
123	1 0 0
124	0 1 0
125	0 1 0
126	1 0 0
127	1 0 0
128	1 0 0
129	0 0 1
130	1 0 0
131	0 0 1
132	0 1 0
133	0 0 1
134	1 0 0
135	0 0 1
136	0 0 1
137	1 0 0
138	0 1 0
139	0 0 1
140	0 1 0
141	0 1 0
142	1 0 0
143	1 0 0
144	0 0 1
145	0 1 0
146	1 0 0
147	0 0 1
148	0 0 1
149	1 0 0
150	0 0 1
151	0 0 1
152	0 1 0
153	1 0 0
154	0 1 0
155	0 1 0
156	0 1 0
157	1 0 0
158	1 0 0
159	0 0 1
160	0 0 1
161	0 0 1
162	0 1 0
163	0 0 1
164	1 0 0
165	0 1 0
166	1 0 0
167	0 0 1
168	0 0 1
169	0 1 0
170	1 0 0
171	0 0 1
172	0 1 0
173	1 0 0
174	0 1 0
175	0 1 0
176	1 0 0
177	0 0 1
178	1 0 0
179	0 1 0
180	1 0 0
181	1 0 0
182	0 0 1
183	0 0 1
184	0 1 0
185	1 0 0
186	0 1 0
187	0 0 1
188	1 0 0
189	0 1 0
190	0 0 1
191	0 0 1
192	0 1 0
193	1 0 0
194	0 0 1
195	0 1 0
196	1 0 0
197	0 0 1
198	0 1 0
199	1 0 0
200	0 0 1
201	0 1 0
202	0 1 0
203	0 0 1
204	0 0 1
205	0 0 1
206	0 0 1
207	0 0 1
208	1 0 0
209	1 0 0
210	1 0 0
211	0 0 1
212	0 0 1
213	0 1 0
214	0 0 1
215	0 1 0
216	0 1 0
217	0 1 0
218	0 0 1
219	1 0 0
220	0 1 0
221	1 0 0
222	0 1 0
223	0 0 1
224	0 1 0
225	0 0 1
226	1 0 0
227	0 1 0
228	1 0 0
229	0 1 0
230	1 0 0
231	0 0 1
232	0 0 1
233	0 0 1
234	0 0 1
235	0 0 1
236	0 1 0
237	0 1 0
238	0 1 0
239	0 0 1
240	1 0 0
241	1 0 0
242	1 0 0
243	0 0 1
244	0 0 1
245	0 0 1
246	1 0 0
247	1 0 0
248	0 1 0
249	0 1 0
250	0 0 1
251	0 1 0
252	0 0 1
253	0 1 0
254	0 0 1
255	0 1 0
256	0 1 0
257	0 0 1
258	1 0 0
259	0 1 0
260	0 1 0
261	0 1 0
262	0 0 1
263	0 0 1
264	1 0 0
265	1 0 0
266	0 1 0
267	0 1 0
268	0 0 1
269	1 0 0
270	0 1 0
271	0 1 0
272	0 1 0
273	0 1 0
274	0 1 0
275	0 0 1
276	1 0 0
277	1 0 0
278	0 1 0
279	0 0 1
280	0 1 0
281	1 0 0
282	1 0 0
283	0 0 1
284	0 1 0
285	1 0 0
286	1 0 0
287	0 1 0
288	1 0 0
289	0 0 1
290	0 1 0
291	0 0 1
292	0 0 1
293	0 1 0
294	1 0 0
295	1 0 0
296	0 0 1
297	0 0 1
298	0 0 1
299	0 1 0
300	1 0 0
301	0 0 1
302	0 0 1
303	0 0 1
304	0 1 0
305	1 0 0
306	0 1 0
307	0 1 0
308	0 0 1
309	0 0 1
310	0 1 0
311	0 0 1
312	1 0 0
313	1 0 0
314	0 1 0
315	0 0 1
316	0 1 0
317	1 0 0
318	0 0 1
319	0 1 0
320	0 1 0
321	0 0 1
322	1 0 0
323	0 1 0
324	1 0 0
325	1 0 0
326	1 0 0
327	0 0 1
328	0 1 0
329	0 1 0
330	0 1 0
331	0 1 0
332	0 1 0
333	0 1 0
334	0 1 0
335	0 1 0
336	0 1 0
337	0 1 0
338	0 0 1
339	0 1 0
340	0 0 1
341	0 1 0
342	1 0 0
343	1 0 0
344	0 0 1
345	1 0 0
346	1 0 0
347	0 0 1
348	0 0 1
349	0 0 1
350	1 0 0
351	1 0 0
352	0 0 1
353	1 0 0
354	1 0 0
355	0 0 1
356	1 0 0
357	0 1 0
358	0 1 0
359	0 0 1
360	0 0 1
361	0 1 0
362	0 1 0
363	0 0 1
364	0 0 1
365	0 1 0
366	0 1 0
367	1 0 0
368	0 0 1
369	0 0 1
370	1 0 0
371	0 1 0
372	0 1 0
373	0 1 0
374	0 1 0
375	0 0 1
376	0 1 0
377	1 0 0
378	0 1 0
379	0 0 1
380	0 1 0
381	0 1 0
382	1 0 0
383	1 0 0
384	0 1 0
385	1 0 0
386	1 0 0
387	1 0 0
388	0 0 1
389	1 0 0
390	1 0 0
391	0 0 1
392	0 0 1
393	1 0 0
394	1 0 0
395	0 1 0
396	1 0 0
397	0 1 0
398	0 0 1
399	1 0 0
400	1 0 0
401	1 0 0
402	1 0 0
403	1 0 0
404	0 0 1
405	1 0 0
406	1 0 0
407	1 0 0
408	0 0 1
409	0 1 0
410	0 0 1
411	0 0 1
412	1 0 0
413	0 1 0
414	1 0 0
415	0 1 0
416	0 1 0
417	0 1 0
418	1 0 0
419	0 1 0
420	0 1 0
421	0 0 1
422	0 0 1
423	1 0 0
424	1 0 0
425	0 1 0
426	1 0 0
427	0 1 0
428	0 1 0
429	0 0 1
430	0 0 1
431	0 1 0
432	1 0 0
433	1 0 0
434	0 1 0
435	0 1 0
436	0 1 0
437	0 1 0
438	0 0 1
439	1 0 0
440	1 0 0
441	0 1 0
442	1 0 0
443	1 0 0
444	1 0 0
445	0 0 1
446	1 0 0
447	0 0 1
448	1 0 0
449	0 1 0
450	0 1 0
451	1 0 0
452	0 1 0
453	1 0 0
454	0 1 0
455	0 0 1
456	0 0 1
457	0 0 1
458	0 1 0
459	0 1 0
460	0 0 1
461	0 0 1
462	0 0 1
463	0 1 0
464	0 0 1
465	0 1 0
466	0 1 0
467	0 0 1
468	1 0 0
469	0 1 0
470	1 0 0
471	0 1 0
472	1 0 0
473	0 0 1
474	0 1 0
475	0 1 0
476	1 0 0
477	0 0 1
478	0 1 0
479	1 0 0
480	0 0 1
481	1 0 0
482	1 0 0
483	0 1 0
484	0 1 0
485	1 0 0
486	0 0 1
487	0 0 1
488	1 0 0
489	0 1 0
490	0 0 1
491	0 0 1
492	0 0 1
493	0 0 1
494	0 1 0
495	0 1 0
496	0 0 1
497	0 1 0
498	0 1 0
499	0 1 0
500	0 1 0
501	0 0 1
502	0 0 1
503	1 0 0
504	0 1 0
505	0 1 0
506	0 1 0
507	0 0 1
508	0 1 0
509	1 0 0
510	0 0 1
511	1 0 0
512	1 0 0
513	0 1 0
514	0 1 0
515	0 0 1
516	0 0 1
517	0 0 1
518	0 1 0
519	0 1 0
520	0 1 0
521	0 0 1
522	0 1 0
523	0 0 1
524	1 0 0
525	0 0 1
526	1 0 0
527	0 0 1
528	1 0 0
529	0 0 1
530	0 1 0
531	1 0 0
532	0 1 0
533	0 0 1
534	0 0 1
535	0 0 1
536	0 1 0
537	1 0 0
538	0 1 0
539	0 0 1
540	0 0 1
541	0 1 0
542	0 0 1
543	1 0 0
544	1 0 0
545	1 0 0
546	1 0 0
547	0 0 1
548	0 1 0
549	0 0 1
550	1 0 0
551	0 1 0
552	0 1 0
553	0 0 1
554	1 0 0
555	0 1 0
556	0 1 0
557	0 0 1
558	1 0 0
559	1 0 0
560	1 0 0
561	0 1 0
562	0 1 0
563	1 0 0
564	1 0 0
565	0 1 0
566	0 0 1
567	1 0 0
568	0 0 1
569	0 1 0
570	0 0 1
571	0 0 1
572	0 1 0
573	1 0 0
574	0 0 1
575	0 1 0
576	1 0 0
577	0 0 1
578	0 0 1
579	0 1 0
580	1 0 0
581	0 0 1
582	0 0 1
583	1 0 0
584	0 1 0
585	0 0 1
586	0 1 0
587	0 1 0
588	1 0 0
589	0 1 0
590	0 1 0
591	0 1 0
592	0 1 0
593	1 0 0
594	0 0 1
595	0 0 1
596	0 0 1
597	0 0 1
598	0 1 0
599	1 0 0
600	1 0 0
601	1 0 0
602	0 1 0
603	0 0 1
604	0 1 0
605	0 1 0
606	1 0 0
607	0 1 0
608	0 0 1
609	1 0 0
610	0 1 0
611	0 1 0
612	1 0 0
613	1 0 0
614	0 0 1
615	0 0 1
616	0 0 1
617	0 1 0
618	0 0 1
619	1 0 0
620	0 0 1
621	0 0 1
622	0 0 1
623	1 0 0
624	0 0 1
625	0 1 0
626	0 0 1
627	0 0 1
628	0 1 0
629	0 1 0
630	1 0 0
631	0 0 1
632	0 1 0
633	0 0 1
634	0 0 1
635	0 1 0
636	0 1 0
637	1 0 0
638	1 0 0
639	0 0 1
640	1 0 0
641	1 0 0
642	1 0 0
643	1 0 0
644	0 1 0
645	0 1 0
646	0 1 0
647	0 0 1
648	1 0 0
649	1 0 0
650	0 0 1
651	0 1 0
652	1 0 0
653	0 1 0
654	1 0 0
655	1 0 0
656	1 0 0
657	0 1 0
658	0 0 1
659	1 0 0
660	1 0 0
661	1 0 0
662	1 0 0
663	0 1 0
664	0 1 0
665	0 0 1
666	1 0 0
667	0 1 0
668	0 1 0
669	0 1 0
670	1 0 0
671	1 0 0
672	0 1 0
673	0 0 1
674	0 0 1
675	0 1 0
676	0 0 1
677	0 0 1
678	0 0 1
679	1 0 0
680	0 1 0
681	1 0 0
682	1 0 0
683	0 1 0
684	1 0 0
685	0 1 0
686	0 0 1
687	1 0 0
688	1 0 0
689	0 1 0
690	0 0 1
691	0 0 1
692	1 0 0
693	1 0 0
694	1 0 0
695	0 0 1
696	1 0 0
697	0 0 1
698	0 0 1
699	1 0 0
700	0 0 1
701	0 1 0
702	0 0 1
703	1 0 0
704	1 0 0
705	1 0 0
706	0 1 0
707	0 1 0
708	0 0 1
709	0 0 1
710	0 1 0
711	1 0 0
712	0 1 0
713	0 0 1
714	1 0 0
715	0 0 1
716	0 1 0
717	1 0 0
718	0 1 0
719	0 1 0
720	1 0 0
721	1 0 0
722	0 0 1
723	1 0 0
724	0 0 1
725	1 0 0
726	0 0 1
727	0 1 0
728	0 1 0
729	1 0 0
730	0 1 0
731	0 0 1
732	1 0 0
733	0 1 0
734	0 0 1
735	0 0 1
736	1 0 0
737	0 0 1
738	0 0 1
739	0 0 1
740	0 0 1
741	1 0 0
742	0 1 0
743	0 0 1
744	0 1 0
745	0 0 1
746	0 1 0
747	1 0 0
748	1 0 0
749	1 0 0
750	0 1 0
751	0 0 1
752	1 0 0
753	0 1 0
754	0 0 1
755	1 0 0
756	1 0 0
757	0 1 0
758	0 1 0
759	0 1 0
760	1 0 0
761	0 1 0
762	0 1 0
763	0 0 1
764	0 0 1
765	0 0 1
766	0 0 1
767	0 1 0
768	0 1 0
769	0 1 0
770	0 1 0
771	1 0 0
772	0 0 1
773	0 1 0
774	1 0 0
775	1 0 0
776	1 0 0
777	1 0 0
778	0 1 0
779	0 0 1
780	1 0 0
781	0 0 1
782	0 1 0
783	0 0 1
784	0 1 0
785	0 0 1
786	0 1 0
787	0 0 1
788	0 0 1
789	0 1 0
790	1 0 0
791	0 0 1
792	0 0 1
793	1 0 0
794	0 0 1
795	0 1 0
796	0 0 1
797	0 0 1
798	0 1 0
799	0 1 0
800	1 0 0
801	1 0 0
802	1 0 0
803	1 0 0
804	1 0 0
805	0 1 0
806	0 1 0
807	0 1 0
808	0 1 0
809	0 1 0
810	1 0 0
811	1 0 0
812	1 0 0
813	0 0 1
814	0 0 1
815	0 0 1
816	1 0 0
817	0 0 1
818	1 0 0
819	0 1 0
820	0 1 0
821	1 0 0
822	0 1 0
823	0 1 0
824	0 0 1
825	0 0 1
826	0 1 0
827	1 0 0
828	0 0 1
829	0 0 1
830	0 1 0
831	1 0 0
832	1 0 0
833	1 0 0
834	0 1 0
835	1 0 0
836	0 1 0
837	1 0 0
838	0 0 1
839	0 0 1
840	0 1 0
841	1 0 0
842	0 1 0
843	1 0 0
844	0 0 1
845	0 1 0
846	0 1 0
847	1 0 0
848	1 0 0
849	0 0 1
850	0 0 1
851	0 1 0
852	0 1 0
853	0 0 1
854	1 0 0
855	0 1 0
856	0 1 0
857	0 0 1
858	1 0 0
859	0 0 1
860	1 0 0
861	1 0 0
862	0 0 1
863	0 1 0
864	0 0 1
865	1 0 0
866	1 0 0
867	0 0 1
868	1 0 0
869	0 1 0
870	1 0 0
871	0 1 0
872	0 0 1
873	1 0 0
874	0 1 0
875	0 0 1
876	1 0 0
877	1 0 0
878	1 0 0
879	1 0 0
880	1 0 0
881	1 0 0
882	1 0 0
883	1 0 0
884	0 0 1
885	0 1 0
886	0 1 0
887	0 1 0
888	1 0 0
889	0 0 1
890	0 0 1
891	0 0 1
892	0 0 1
893	0 1 0
894	1 0 0
895	1 0 0
896	1 0 0
897	0 1 0
898	0 1 0
899	0 0 1
900	0 0 1
901	0 1 0
902	0 0 1
903	0 0 1
904	0 1 0
905	0 0 1
906	1 0 0
907	0 1 0
908	1 0 0
909	1 0 0
910	0 1 0
911	0 1 0
912	0 0 1
913	0 1 0
914	1 0 0
915	1 0 0
916	0 1 0
917	1 0 0
918	0 0 1
919	0 1 0
920	1 0 0
921	0 1 0
922	0 0 1
923	0 0 1
924	1 0 0
925	1 0 0
926	1 0 0
927	0 0 1
928	0 0 1
929	0 0 1
930	0 1 0
931	0 0 1
932	0 0 1
933	0 0 1
934	0 0 1
935	0 0 1
936	0 0 1
937	1 0 0
938	0 0 1
939	1 0 0
940	0 1 0
941	0 1 0
942	0 1 0
943	0 0 1
944	0 1 0
945	0 0 1
946	1 0 0
947	0 1 0
948	0 0 1
949	0 1 0
950	1 0 0
951	0 0 1
952	1 0 0
953	0 1 0
954	0 1 0
955	0 1 0
956	1 0 0
957	1 0 0
958	0 1 0
959	0 0 1
960	1 0 0
961	0 0 1
962	1 0 0
963	1 0 0
964	1 0 0
965	1 0 0
966	0 0 1
967	1 0 0
968	1 0 0
969	0 0 1
970	1 0 0
971	0 0 1
972	0 1 0
973	1 0 0
974	0 1 0
975	0 0 1
976	0 1 0
977	1 0 0
978	0 1 0
979	0 1 0
980	1 0 0
981	0 0 1
982	1 0 0
983	0 0 1
984	0 1 0
985	0 1 0
986	1 0 0
987	0 1 0
988	0 0 1
989	0 0 1
990	0 0 1
991	1 0 0
992	0 1 0
993	0 1 0
994	0 0 1
995	0 0 1
996	0 0 1
997	0 0 1
998	0 0 1
999	0 0 1
1000	1 0 0
1001	0 1 0
1002	0 1 0
1003	1 0 0
1004	1 0 0
1005	0 0 1
1006	1 0 0
1007	1 0 0
1008	1 0 0
1009	0 1 0
1010	0 1 0
1011	1 0 0
1012	1 0 0
1013	1 0 0
1014	0 1 0
1015	1 0 0
1016	0 0 1
1017	0 0 1
1018	1 0 0
1019	0 0 1
1020	0 1 0
1021	1 0 0
1022	0 1 0
1023	0 1 0
1024	1 0 0
1025	0 0 1
1026	1 0 0
1027	0 0 1
1028	0 1 0
1029	1 0 0
1030	0 1 0
1031	1 0 0
1032	0 0 1
1033	0 1 0
1034	1 0 0
1035	0 0 1
1036	0 0 1
1037	0 1 0
1038	1 0 0
1039	0 1 0
1040	0 1 0
1041	1 0 0
1042	0 0 1
1043	1 0 0
1044	0 0 1
1045	0 0 1
1046	0 1 0
1047	0 0 1
1048	1 0 0
1049	0 1 0
1050	1 0 0
1051	1 0 0
1052	0 0 1
1053	0 0 1
1054	0 1 0
1055	0 0 1
1056	0 0 1
1057	0 0 1
1058	0 0 1
1059	0 0 1
1060	1 0 0
1061	0 1 0
1062	1 0 0
1063	0 1 0
1064	0 0 1
1065	1 0 0
1066	1 0 0
1067	0 1 0
1068	0 1 0
1069	0 1 0
1070	0 0 1
1071	1 0 0
1072	0 1 0
1073	0 0 1
1074	0 1 0
1075	0 0 1
1076	0 0 1
1077	1 0 0
1078	0 1 0
1079	0 1 0
1080	1 0 0
1081	1 0 0
1082	0 1 0
1083	0 1 0
1084	0 1 0
1085	0 1 0
1086	0 1 0
1087	1 0 0
1088	1 0 0
1089	0 1 0
1090	1 0 0
1091	0 0 1
1092	1 0 0
1093	1 0 0
1094	0 1 0
1095	0 1 0
1096	0 0 1
1097	0 1 0
1098	0 0 1
1099	0 0 1
1100	0 1 0
1101	1 0 0
1102	0 1 0
1103	0 0 1
1104	0 0 1
1105	1 0 0
1106	1 0 0
1107	1 0 0
1108	0 1 0
1109	1 0 0
1110	0 0 1
1111	0 1 0
1112	0 0 1
1113	0 1 0
1114	0 1 0
1115	0 0 1
1116	0 1 0
1117	1 0 0
1118	0 0 1
1119	1 0 0
1120	0 0 1
1121	0 0 1
1122	0 1 0
1123	0 1 0
1124	1 0 0
1125	0 1 0
1126	1 0 0
1127	1 0 0
1128	1 0 0
1129	0 1 0
1130	0 0 1
1131	0 0 1
1132	0 0 1
1133	1 0 0
1134	0 1 0
1135	0 0 1
1136	0 1 0
1137	1 0 0
1138	1 0 0
1139	0 1 0
1140	0 0 1
1141	1 0 0
1142	0 0 1
1143	0 1 0
1144	0 0 1
1145	1 0 0
1146	0 1 0
1147	0 0 1
1148	0 1 0
1149	1 0 0
1150	1 0 0
1151	0 0 1
1152	1 0 0
1153	0 0 1
1154	0 0 1
1155	0 0 1
1156	0 0 1
1157	1 0 0
1158	1 0 0
1159	0 0 1
1160	0 1 0
1161	0 1 0
1162	1 0 0
1163	0 1 0
1164	0 1 0
1165	0 0 1
1166	0 1 0
1167	0 0 1
1168	1 0 0
1169	0 1 0
1170	0 1 0
1171	0 1 0
1172	0 1 0
1173	0 1 0
1174	0 0 1
1175	0 0 1
1176	0 1 0
1177	1 0 0
1178	0 0 1
1179	0 0 1
1180	1 0 0
1181	0 0 1
1182	1 0 0
1183	1 0 0
1184	1 0 0
1185	0 0 1
1186	0 0 1
1187	1 0 0
1188	1 0 0
1189	0 0 1
1190	1 0 0
1191	0 0 1
1192	0 1 0
1193	0 1 0
1194	1 0 0
1195	1 0 0
1196	1 0 0
1197	0 0 1
1198	1 0 0
1199	0 0 1
1200	0 0 1
1201	0 1 0
1202	0 0 1
1203	0 0 1
1204	1 0 0
1205	0 0 1
1206	0 0 1
1207	0 1 0
1208	0 1 0
1209	0 0 1
1210	0 0 1
1211	1 0 0
1212	0 1 0
1213	1 0 0
1214	0 0 1
1215	1 0 0
1216	1 0 0
1217	1 0 0
1218	0 0 1
1219	0 1 0
1220	0 1 0
1221	0 0 1
1222	1 0 0
1223	0 1 0
1224	0 0 1
1225	0 0 1
1226	0 1 0
1227	1 0 0
1228	1 0 0
1229	1 0 0
1230	0 0 1
1231	1 0 0
1232	1 0 0
1233	0 1 0
1234	0 1 0
1235	0 0 1
1236	0 1 0
1237	1 0 0
1238	1 0 0
1239	0 1 0
1240	0 1 0
1241	0 0 1
1242	0 1 0
1243	1 0 0
1244	1 0 0
1245	0 0 1
1246	0 1 0
1247	1 0 0
1248	0 1 0
1249	0 1 0
1250	0 0 1
1251	0 1 0
1252	0 1 0
1253	0 1 0
1254	0 1 0
1255	0 0 1
1256	0 0 1
1257	0 1 0
1258	0 0 1
1259	1 0 0
1260	1 0 0
1261	1 0 0
1262	0 0 1
1263	0 0 1
1264	0 1 0
1265	0 0 1
1266	1 0 0
1267	0 0 1
1268	0 0 1
1269	0 1 0
1270	0 0 1
1271	0 1 0
1272	1 0 0
1273	1 0 0
1274	0 0 1
1275	0 1 0
1276	0 0 1
1277	0 0 1
1278	0 0 1
1279	0 0 1
1280	0 1 0
1281	0 0 1
1282	0 1 0
1283	1 0 0
1284	0 0 1
1285	0 0 1
1286	1 0 0
1287	0 1 0
1288	1 0 0
1289	0 0 1
1290	1 0 0
1291	1 0 0
1292	0 1 0
1293	1 0 0
1294	0 0 1
1295	0 0 1
1296	1 0 0
1297	0 1 0
1298	0 1 0
1299	1 0 0
1300	0 1 0
1301	0 1 0
1302	1 0 0
1303	0 0 1
1304	1 0 0
1305	1 0 0
1306	0 1 0
1307	0 1 0
1308	1 0 0
1309	1 0 0
1310	0 1 0
1311	0 1 0
1312	1 0 0
1313	0 1 0
1314	0 0 1
1315	0 1 0
1316	0 0 1
1317	1 0 0
1318	0 0 1
1319	0 0 1
1320	1 0 0
1321	0 0 1
1322	0 0 1
1323	1 0 0
1324	1 0 0
1325	0 0 1
1326	1 0 0
1327	0 1 0
1328	1 0 0
1329	1 0 0
1330	1 0 0
1331	1 0 0
1332	1 0 0
1333	1 0 0
1334	1 0 0
1335	1 0 0
1336	0 1 0
1337	1 0 0
1338	0 0 1
1339	0 0 1
1340	0 1 0
1341	1 0 0
1342	1 0 0
1343	1 0 0
1344	0 1 0
1345	1 0 0
1346	1 0 0
1347	0 0 1
1348	0 1 0
1349	0 1 0
1350	0 1 0
1351	1 0 0
1352	0 1 0
1353	0 0 1
1354	1 0 0
1355	0 0 1
1356	0 1 0
1357	0 1 0
1358	0 1 0
1359	0 0 1
1360	0 0 1
1361	0 1 0
1362	0 0 1
1363	0 0 1
1364	0 0 1
1365	0 1 0
1366	1 0 0
1367	1 0 0
1368	0 1 0
1369	0 1 0
1370	0 0 1
1371	0 1 0
1372	0 1 0
1373	0 0 1
1374	1 0 0
1375	0 1 0
1376	1 0 0
1377	1 0 0
1378	0 0 1
1379	0 0 1
1380	0 1 0
1381	0 1 0
1382	0 0 1
1383	0 1 0
1384	0 1 0
1385	0 0 1
1386	0 1 0
1387	0 0 1
1388	1 0 0
1389	1 0 0
1390	1 0 0
1391	1 0 0
1392	0 1 0
1393	0 0 1
1394	1 0 0
1395	0 0 1
1396	0 1 0
1397	1 0 0
1398	0 0 1
1399	0 0 1
1400	0 1 0
1401	0 0 1
1402	0 0 1
1403	0 0 1
1404	0 0 1
1405	0 0 1
1406	0 0 1
1407	0 1 0
1408	0 0 1
1409	1 0 0
1410	1 0 0
1411	0 0 1
1412	1 0 0
1413	0 0 1
1414	1 0 0
1415	0 0 1
1416	0 0 1
1417	0 1 0
1418	0 1 0
1419	1 0 0
1420	0 1 0
1421	0 0 1
1422	0 1 0
1423	0 1 0
1424	0 1 0
1425	1 0 0
1426	0 1 0
1427	0 0 1
1428	1 0 0
1429	0 0 1
1430	0 1 0
1431	0 1 0
1432	1 0 0
1433	0 0 1
1434	0 0 1
1435	0 1 0
1436	1 0 0
1437	0 0 1
1438	0 0 1
1439	0 0 1
1440	1 0 0
1441	0 1 0
1442	0 1 0
1443	1 0 0
1444	1 0 0
1445	0 0 1
1446	0 1 0
1447	0 0 1
1448	0 1 0
1449	1 0 0
1450	0 0 1
1451	1 0 0
1452	1 0 0
1453	0 0 1
1454	0 1 0
1455	0 1 0
1456	1 0 0
1457	1 0 0
1458	0 1 0
1459	0 0 1
1460	0 0 1
1461	0 0 1
1462	1 0 0
1463	1 0 0
1464	0 1 0
1465	0 0 1
1466	1 0 0
1467	0 1 0
1468	0 0 1
1469	0 1 0
1470	1 0 0
1471	1 0 0
1472	1 0 0
1473	0 0 1
1474	0 1 0
1475	1 0 0
1476	1 0 0
1477	0 0 1
1478	1 0 0
1479	1 0 0
1480	1 0 0
1481	0 1 0
1482	1 0 0
1483	0 0 1
1484	1 0 0
1485	1 0 0
1486	0 1 0
1487	0 1 0
1488	0 0 1
1489	0 0 1
1490	1 0 0
1491	0 1 0
1492	0 0 1
1493	1 0 0
1494	1 0 0
1495	0 1 0
1496	0 1 0
1497	0 0 1
1498	1 0 0
1499	0 0 1
1500	0 0 1
1501	0 1 0
1502	1 0 0
1503	0 0 1
1504	0 0 1
1505	0 1 0
1506	1 0 0
1507	1 0 0
1508	0 0 1
1509	0 1 0
1510	0 1 0
1511	1 0 0
1512	0 1 0
1513	1 0 0
1514	0 0 1
1515	0 1 0
1516	0 0 1
1517	1 0 0
1518	0 1 0
1519	1 0 0
1520	0 1 0
1521	0 0 1
1522	1 0 0
1523	0 0 1
1524	0 0 1
1525	0 0 1
1526	0 1 0
1527	1 0 0
1528	0 0 1
1529	0 1 0
1530	0 1 0
1531	0 1 0
1532	0 1 0
1533	0 1 0
1534	0 1 0
1535	0 0 1
1536	0 0 1
1537	1 0 0
1538	0 1 0
1539	1 0 0
1540	0 0 1
1541	0 1 0
1542	1 0 0
1543	1 0 0
1544	1 0 0
1545	1 0 0
1546	0 0 1
1547	1 0 0
1548	0 0 1
1549	1 0 0
1550	0 0 1
1551	0 0 1
1552	1 0 0
1553	0 1 0
1554	0 1 0
1555	0 0 1
1556	1 0 0
1557	1 0 0
1558	1 0 0
1559	0 1 0
1560	0 1 0
1561	1 0 0
1562	0 0 1
1563	0 0 1
1564	0 1 0
1565	0 0 1
1566	1 0 0
1567	1 0 0
1568	0 1 0
1569	0 0 1
1570	1 0 0
1571	1 0 0
1572	1 0 0
1573	0 0 1
1574	0 0 1
1575	1 0 0
1576	0 0 1
1577	1 0 0
1578	1 0 0
1579	1 0 0
1580	1 0 0
1581	0 1 0
1582	0 1 0
1583	1 0 0
1584	0 1 0
1585	0 0 1
1586	0 0 1
1587	1 0 0
1588	1 0 0
1589	0 1 0
1590	0 0 1
1591	0 0 1
1592	0 1 0
1593	1 0 0
1594	0 1 0
1595	0 1 0
1596	0 1 0
1597	0 1 0
1598	1 0 0
1599	0 1 0
1600	1 0 0
1601	0 0 1
1602	1 0 0
1603	0 1 0
1604	0 1 0
1605	0 0 1
1606	0 0 1
1607	1 0 0
1608	0 0 1
1609	0 0 1
1610	0 0 1
1611	0 1 0
1612	0 1 0
1613	1 0 0
1614	0 1 0
1615	0 1 0
1616	1 0 0
1617	1 0 0
1618	0 1 0
1619	0 1 0
1620	1 0 0
1621	1 0 0
1622	0 0 1
1623	0 0 1
1624	0 1 0
1625	0 1 0
1626	1 0 0
1627	1 0 0
1628	0 1 0
1629	1 0 0
1630	0 1 0
1631	1 0 0
1632	0 1 0
1633	0 0 1
1634	0 0 1
1635	1 0 0
1636	0 0 1
1637	0 0 1
1638	0 0 1
1639	0 1 0
1640	1 0 0
1641	0 1 0
1642	1 0 0
1643	0 0 1
1644	0 1 0
1645	0 0 1
1646	0 1 0
1647	0 1 0
1648	0 1 0
1649	0 1 0
1650	0 1 0
1651	0 1 0
1652	0 1 0
1653	1 0 0
1654	0 1 0
1655	0 0 1
1656	0 1 0
1657	1 0 0
1658	1 0 0
1659	0 0 1
1660	0 0 1
1661	0 0 1
1662	1 0 0
1663	1 0 0
1664	1 0 0
1665	0 1 0
1666	0 0 1
1667	0 0 1
1668	0 1 0
1669	0 0 1
1670	1 0 0
1671	0 0 1
1672	0 0 1
1673	0 1 0
1674	1 0 0
1675	0 1 0
1676	0 0 1
1677	0 0 1
1678	0 0 1
1679	0 0 1
1680	0 0 1
1681	0 1 0
1682	0 0 1
1683	0 0 1
1684	1 0 0
1685	0 0 1
1686	0 1 0
1687	0 0 1
1688	0 0 1
1689	1 0 0
1690	0 0 1
1691	0 0 1
1692	0 1 0
1693	0 0 1
1694	0 1 0
1695	0 0 1
1696	0 1 0
1697	0 1 0
1698	1 0 0
1699	0 0 1
1700	1 0 0
1701	0 0 1
1702	0 1 0
1703	1 0 0
1704	0 0 1
1705	0 1 0
1706	0 1 0
1707	1 0 0
1708	0 0 1
1709	0 1 0
1710	1 0 0
1711	0 1 0
1712	1 0 0
1713	0 0 1
1714	0 0 1
1715	0 0 1
1716	1 0 0
1717	1 0 0
1718	0 1 0
1719	0 0 1
1720	1 0 0
1721	1 0 0
1722	1 0 0
1723	0 0 1
1724	1 0 0
1725	0 1 0
1726	0 0 1
1727	0 0 1
1728	0 1 0
1729	0 0 1
1730	0 0 1
1731	0 1 0
1732	1 0 0
1733	0 1 0
1734	0 1 0
1735	0 1 0
1736	0 1 0
1737	1 0 0
1738	1 0 0
1739	0 1 0
1740	0 1 0
1741	0 1 0
1742	0 0 1
1743	1 0 0
1744	0 0 1
1745	1 0 0
1746	0 1 0
1747	0 0 1
1748	0 0 1
1749	0 0 1
1750	0 0 1
1751	0 0 1
1752	0 0 1
1753	1 0 0
1754	0 1 0
1755	0 1 0
1756	1 0 0
1757	0 1 0
1758	0 0 1
1759	1 0 0
1760	0 0 1
1761	1 0 0
1762	0 0 1
1763	1 0 0
1764	0 1 0
1765	1 0 0
1766	0 1 0
1767	0 1 0
1768	1 0 0
1769	1 0 0
1770	0 0 1
1771	0 0 1
1772	0 0 1
1773	1 0 0
1774	0 1 0
1775	1 0 0
1776	1 0 0
1777	1 0 0
1778	0 1 0
1779	0 1 0
1780	0 0 1
1781	0 1 0
1782	1 0 0
1783	1 0 0
1784	1 0 0
1785	0 1 0
1786	0 0 1
1787	0 1 0
1788	1 0 0
1789	1 0 0
1790	0 0 1
1791	0 0 1
1792	1 0 0
1793	0 1 0
1794	1 0 0
1795	1 0 0
1796	0 0 1
1797	1 0 0
1798	0 0 1
1799	0 0 1
1800	0 0 1
1801	1 0 0
1802	1 0 0
1803	0 1 0
1804	1 0 0
1805	0 0 1
1806	0 0 1
1807	1 0 0
1808	0 1 0
1809	0 1 0
1810	1 0 0
1811	0 1 0
1812	0 1 0
1813	0 0 1
1814	0 0 1
1815	0 0 1
1816	1 0 0
1817	0 0 1
1818	1 0 0
1819	0 0 1
1820	0 1 0
1821	0 1 0
1822	0 0 1
1823	1 0 0
1824	0 1 0
1825	0 1 0
1826	0 1 0
1827	0 0 1
1828	0 0 1
1829	1 0 0
1830	0 0 1
1831	0 0 1
1832	0 1 0
1833	1 0 0
1834	0 0 1
1835	0 0 1
1836	0 0 1
1837	0 1 0
1838	1 0 0
1839	0 1 0
1840	0 1 0
1841	0 1 0
1842	1 0 0
1843	0 1 0
1844	0 1 0
1845	0 0 1
1846	1 0 0
1847	1 0 0
1848	0 0 1
1849	0 0 1
1850	0 1 0
1851	1 0 0
1852	0 1 0
1853	0 0 1
1854	1 0 0
1855	0 0 1
1856	1 0 0
1857	0 0 1
1858	1 0 0
1859	0 1 0
1860	0 0 1
1861	0 0 1
1862	0 1 0
1863	0 0 1
1864	0 1 0
1865	0 0 1
1866	0 1 0
1867	0 0 1
1868	0 0 1
1869	0 1 0
1870	0 0 1
1871	0 0 1
1872	0 0 1
1873	0 0 1
1874	0 1 0
1875	1 0 0
1876	0 0 1
1877	1 0 0
1878	0 1 0
1879	0 1 0
1880	0 1 0
1881	1 0 0
1882	0 0 1
1883	0 0 1
1884	1 0 0
1885	0 0 1
1886	0 0 1
1887	0 1 0
1888	0 0 1
1889	0 0 1
1890	0 1 0
1891	1 0 0
1892	0 0 1
1893	1 0 0
1894	1 0 0
1895	1 0 0
1896	0 1 0
1897	0 1 0
1898	1 0 0
1899	0 1 0
1900	1 0 0
1901	0 1 0
1902	0 1 0
1903	1 0 0
1904	0 0 1
1905	0 1 0
1906	1 0 0
1907	1 0 0
1908	0 0 1
1909	0 1 0
1910	1 0 0
1911	0 0 1
1912	0 1 0
1913	0 1 0
1914	0 1 0
1915	1 0 0
1916	0 1 0
1917	1 0 0
1918	0 0 1
1919	0 0 1
1920	0 0 1
1921	0 1 0
1922	0 1 0
1923	0 0 1
1924	1 0 0
1925	0 0 1
1926	0 1 0
1927	1 0 0
1928	0 0 1
1929	0 0 1
1930	0 0 1
1931	0 1 0
1932	0 1 0
1933	1 0 0
1934	1 0 0
1935	1 0 0
1936	1 0 0
1937	0 0 1
1938	0 0 1
1939	0 1 0
1940	0 0 1
1941	1 0 0
1942	0 0 1
1943	1 0 0
1944	1 0 0
1945	1 0 0
1946	1 0 0
1947	0 0 1
1948	1 0 0
1949	1 0 0
1950	0 0 1
1951	0 0 1
1952	1 0 0
1953	0 0 1
1954	0 0 1
1955	0 1 0
1956	0 0 1
1957	1 0 0
1958	0 0 1
1959	1 0 0
1960	0 1 0
1961	0 1 0
1962	1 0 0
1963	0 1 0
1964	0 1 0
1965	1 0 0
1966	0 0 1
1967	1 0 0
1968	0 0 1
1969	0 1 0
1970	0 1 0
1971	0 1 0
1972	1 0 0
1973	0 1 0
1974	0 1 0
1975	0 1 0
1976	1 0 0
1977	0 0 1
1978	0 1 0
1979	1 0 0
1980	0 1 0
1981	0 1 0
1982	0 1 0
1983	0 0 1
1984	1 0 0
1985	0 1 0
1986	0 1 0
1987	1 0 0
1988	1 0 0
1989	0 1 0
1990	0 0 1
1991	1 0 0
1992	0 0 1
1993	0 0 1
1994	1 0 0
1995	0 1 0
1996	0 1 0
1997	0 1 0
1998	0 0 1
1999	1 0 0
2000	1 0 0
2001	1 0 0
2002	1 0 0
2003	1 0 0
2004	1 0 0
2005	1 0 0
2006	0 0 1
2007	0 1 0
2008	1 0 0
2009	0 1 0
2010	0 1 0
2011	0 1 0
2012	1 0 0
2013	0 1 0
2014	0 0 1
2015	0 1 0
2016	1 0 0
2017	0 1 0
2018	1 0 0
2019	1 0 0
2020	0 0 1
2021	1 0 0
2022	0 1 0
2023	0 1 0
2024	1 0 0
2025	0 1 0
2026	1 0 0
2027	0 1 0
2028	1 0 0
2029	1 0 0
2030	1 0 0
2031	1 0 0
2032	0 0 1
2033	1 0 0
2034	0 1 0
2035	1 0 0
2036	1 0 0
2037	1 0 0
2038	0 0 1
2039	1 0 0
2040	1 0 0
2041	0 1 0
2042	0 0 1
2043	0 0 1
2044	0 1 0
2045	0 1 0
2046	1 0 0
2047	0 0 1
2048	0 0 1
2049	1 0 0
2050	1 0 0
2051	0 1 0
2052	0 1 0
2053	1 0 0
2054	0 1 0
2055	0 0 1
2056	0 1 0
2057	0 1 0
2058	1 0 0
2059	0 1 0
2060	1 0 0
2061	1 0 0
2062	0 1 0
2063	1 0 0
2064	0 0 1
2065	0 0 1
2066	0 1 0
2067	0 1 0
2068	1 0 0
2069	0 0 1
2070	1 0 0
2071	0 1 0
2072	1 0 0
2073	1 0 0
2074	1 0 0
2075	0 1 0
2076	0 0 1
2077	0 1 0
2078	0 1 0
2079	1 0 0
2080	0 1 0
2081	0 1 0
2082	1 0 0
2083	1 0 0
2084	1 0 0
2085	1 0 0
2086	0 1 0
2087	0 0 1
2088	1 0 0
2089	0 0 1
2090	1 0 0
2091	0 1 0
2092	0 0 1
2093	1 0 0
2094	0 1 0
2095	0 0 1
2096	0 0 1
2097	0 1 0
2098	0 1 0
2099	1 0 0
2100	0 0 1
2101	0 0 1
2102	0 1 0
2103	0 0 1
2104	1 0 0
2105	1 0 0
2106	0 1 0
2107	1 0 0
2108	1 0 0
2109	0 1 0
2110	0 1 0
2111	1 0 0
2112	0 0 1
2113	0 1 0
2114	1 0 0
2115	1 0 0
2116	1 0 0
2117	0 1 0
2118	0 0 1
2119	1 0 0
2120	1 0 0
2121	0 0 1
2122	0 1 0
2123	1 0 0
2124	0 0 1
2125	0 1 0
2126	0 1 0
2127	0 0 1
2128	0 0 1
2129	0 1 0
2130	1 0 0
2131	0 1 0
2132	0 0 1
2133	0 1 0
2134	0 1 0
2135	0 0 1
2136	0 1 0
2137	0 1 0
2138	0 1 0
2139	0 0 1
2140	1 0 0
2141	0 0 1
2142	0 0 1
2143	0 0 1
2144	0 0 1
2145	1 0 0
2146	0 1 0
2147	1 0 0
2148	1 0 0
2149	1 0 0
2150	1 0 0
2151	1 0 0
2152	0 0 1
2153	0 0 1
2154	0 1 0
2155	1 0 0
2156	0 1 0
2157	0 0 1
2158	0 1 0
2159	1 0 0
2160	0 0 1
2161	1 0 0
2162	0 1 0
2163	1 0 0
2164	0 0 1
2165	0 1 0
2166	1 0 0
2167	1 0 0
2168	0 1 0
2169	0 1 0
2170	1 0 0
2171	1 0 0
2172	1 0 0
2173	0 1 0
2174	0 1 0
2175	0 1 0
2176	0 0 1
2177	0 1 0
2178	0 0 1
2179	0 1 0
2180	1 0 0
2181	0 0 1
2182	0 1 0
2183	0 0 1
2184	0 0 1
2185	0 1 0
2186	0 0 1
2187	0 0 1
2188	0 0 1
2189	0 1 0
2190	0 0 1
2191	0 1 0
2192	0 1 0
2193	0 0 1
2194	0 1 0
2195	0 1 0
2196	0 1 0
2197	0 1 0
2198	0 1 0
2199	1 0 0
2200	0 0 1
2201	0 0 1
2202	1 0 0
2203	0 0 1
2204	0 0 1
2205	1 0 0
2206	0 0 1
2207	0 0 1
2208	1 0 0
2209	1 0 0
2210	0 0 1
2211	0 1 0
2212	0 1 0
2213	0 1 0
2214	1 0 0
2215	0 1 0
2216	1 0 0
2217	0 1 0
2218	1 0 0
2219	0 1 0
2220	0 1 0
2221	0 1 0
2222	1 0 0
2223	1 0 0
2224	1 0 0
2225	0 0 1
2226	0 1 0
2227	0 0 1
2228	0 0 1
2229	0 0 1
2230	0 0 1
2231	0 0 1
2232	0 1 0
2233	0 0 1
2234	0 1 0
2235	1 0 0
2236	1 0 0
2237	1 0 0
2238	0 0 1
2239	1 0 0
2240	0 1 0
2241	0 1 0
2242	1 0 0
2243	0 1 0
2244	0 1 0
2245	1 0 0
2246	0 1 0
2247	0 0 1
2248	0 0 1
2249	1 0 0
2250	1 0 0
2251	1 0 0
2252	0 0 1
2253	0 1 0
2254	0 1 0
2255	1 0 0
2256	1 0 0
2257	0 0 1
2258	0 0 1
2259	1 0 0
2260	1 0 0
2261	0 0 1
2262	1 0 0
2263	0 1 0
2264	1 0 0
2265	0 1 0
2266	1 0 0
2267	0 1 0
2268	0 0 1
2269	0 0 1
2270	1 0 0
2271	1 0 0
2272	0 0 1
2273	1 0 0
2274	1 0 0
2275	0 1 0
2276	1 0 0
2277	0 1 0
2278	0 1 0
2279	1 0 0
2280	0 0 1
2281	1 0 0
2282	0 0 1
2283	0 1 0
2284	0 0 1
2285	1 0 0
2286	0 1 0
2287	1 0 0
2288	0 1 0
2289	1 0 0
2290	0 1 0
2291	0 1 0
2292	0 1 0
2293	1 0 0
2294	1 0 0
2295	0 0 1
2296	0 0 1
2297	0 0 1
2298	0 1 0
2299	0 0 1
2300	0 0 1
2301	1 0 0
2302	0 0 1
2303	0 1 0
2304	0 0 1
2305	1 0 0
2306	0 0 1
2307	1 0 0
2308	0 1 0
2309	1 0 0
2310	0 0 1
2311	1 0 0
2312	1 0 0
2313	0 1 0
2314	1 0 0
2315	0 0 1
2316	0 1 0
2317	1 0 0
2318	0 0 1
2319	0 0 1
2320	0 1 0
2321	1 0 0
2322	0 0 1
2323	1 0 0
2324	0 1 0
2325	0 0 1
2326	0 0 1
2327	0 0 1
2328	0 0 1
2329	0 1 0
2330	0 0 1
2331	0 0 1
2332	0 0 1
2333	0 1 0
2334	1 0 0
2335	0 0 1
2336	0 1 0
2337	0 0 1
2338	0 1 0
2339	0 0 1
2340	0 1 0
2341	1 0 0
2342	0 0 1
2343	0 0 1
2344	1 0 0
2345	1 0 0
2346	0 1 0
2347	0 1 0
2348	0 1 0
2349	0 1 0
2350	1 0 0
2351	1 0 0
2352	0 1 0
2353	1 0 0
2354	0 1 0
2355	0 1 0
2356	0 1 0
2357	0 1 0
2358	1 0 0
2359	1 0 0
2360	0 1 0
2361	0 0 1
2362	0 0 1
2363	1 0 0
2364	1 0 0
2365	1 0 0
2366	1 0 0
2367	0 1 0
2368	0 1 0
2369	0 1 0
2370	0 0 1
2371	0 0 1
2372	0 0 1
2373	0 1 0
2374	0 1 0
2375	1 0 0
2376	0 0 1
2377	1 0 0
2378	1 0 0
2379	0 1 0
2380	0 1 0
2381	0 0 1
2382	1 0 0
2383	0 0 1
2384	0 1 0
2385	1 0 0
2386	0 1 0
2387	0 1 0
2388	0 0 1
2389	0 0 1
2390	1 0 0
2391	0 1 0
2392	0 0 1
2393	0 0 1
2394	0 1 0
2395	0 0 1
2396	0 1 0
2397	0 0 1
2398	0 1 0
2399	0 0 1
2400	0 0 1
2401	1 0 0
2402	0 1 0
2403	0 0 1
2404	1 0 0
2405	1 0 0
2406	0 1 0
2407	0 1 0
2408	0 0 1
2409	1 0 0
2410	0 0 1
2411	0 0 1
2412	0 0 1
2413	1 0 0
2414	1 0 0
2415	1 0 0
2416	1 0 0
2417	0 1 0
2418	1 0 0
2419	1 0 0
2420	0 1 0
2421	1 0 0
2422	0 0 1
2423	1 0 0
2424	1 0 0
2425	0 1 0
2426	1 0 0
2427	0 1 0
2428	1 0 0
2429	0 1 0
2430	0 0 1
2431	0 0 1
2432	0 0 1
2433	0 1 0
2434	0 0 1
2435	0 1 0
2436	1 0 0
2437	0 0 1
2438	1 0 0
2439	1 0 0
2440	0 1 0
2441	1 0 0
2442	1 0 0
2443	0 1 0
2444	0 0 1
2445	0 1 0
2446	0 0 1
2447	0 0 1
2448	0 1 0
2449	1 0 0
2450	0 0 1
2451	1 0 0
2452	1 0 0
2453	0 1 0
2454	0 1 0
2455	0 1 0
2456	1 0 0
2457	0 1 0
2458	0 0 1
2459	0 0 1
2460	1 0 0
2461	1 0 0
2462	0 1 0
2463	0 1 0
2464	1 0 0
2465	0 1 0
2466	0 0 1
2467	0 1 0
2468	0 0 1
2469	0 1 0
2470	0 1 0
2471	0 1 0
2472	0 1 0
2473	1 0 0
2474	0 0 1
2475	0 0 1
2476	1 0 0
2477	0 1 0
2478	1 0 0
2479	0 1 0
2480	1 0 0
2481	0 0 1
2482	0 1 0
2483	1 0 0
2484	1 0 0
2485	1 0 0
2486	0 0 1
2487	1 0 0
2488	1 0 0
2489	0 1 0
2490	1 0 0
2491	0 1 0
2492	0 0 1
2493	0 1 0
2494	1 0 0
2495	0 1 0
2496	0 0 1
2497	0 0 1
2498	0 0 1
2499	0 1 0
2500	1 0 0
2501	0 0 1
2502	0 1 0
2503	1 0 0
2504	1 0 0
2505	1 0 0
2506	0 0 1
2507	1 0 0
2508	0 1 0
2509	0 0 1
2510	0 1 0
2511	0 1 0
2512	1 0 0
2513	0 0 1
2514	1 0 0
2515	1 0 0
2516	0 1 0
2517	0 0 1
2518	0 1 0
2519	0 1 0
2520	0 1 0
2521	0 1 0
2522	1 0 0
2523	0 0 1
2524	0 1 0
2525	0 0 1
2526	0 0 1
2527	1 0 0
2528	0 0 1
2529	1 0 0
2530	0 1 0
2531	1 0 0
2532	0 0 1
2533	0 1 0
2534	0 0 1
2535	0 1 0
2536	0 1 0
2537	0 1 0
2538	0 0 1
2539	0 0 1
2540	0 1 0
2541	1 0 0
2542	0 1 0
2543	0 1 0
2544	1 0 0
2545	1 0 0
2546	0 0 1
2547	1 0 0
2548	0 1 0
2549	1 0 0
2550	1 0 0
2551	0 1 0
2552	1 0 0
2553	1 0 0
2554	0 0 1
2555	0 1 0
2556	0 0 1
2557	1 0 0
2558	0 0 1
2559	1 0 0
2560	0 1 0
2561	0 0 1
2562	1 0 0
2563	1 0 0
2564	0 0 1
2565	1 0 0
2566	1 0 0
2567	0 1 0
2568	0 0 1
2569	1 0 0
2570	0 1 0
2571	1 0 0
2572	1 0 0
2573	0 1 0
2574	0 1 0
2575	1 0 0
2576	1 0 0
2577	0 0 1
2578	0 1 0
2579	0 1 0
2580	1 0 0
2581	1 0 0
2582	1 0 0
2583	1 0 0
2584	0 0 1
2585	0 0 1
2586	1 0 0
2587	1 0 0
2588	0 0 1
2589	1 0 0
2590	0 1 0
2591	0 0 1
2592	1 0 0
2593	1 0 0
2594	0 1 0
2595	1 0 0
2596	0 0 1
2597	0 0 1
2598	0 0 1
2599	0 0 1
2600	1 0 0
2601	0 1 0
2602	0 1 0
2603	0 1 0
2604	0 1 0
2605	0 1 0
2606	0 1 0
2607	1 0 0
2608	1 0 0
2609	0 1 0
2610	1 0 0
2611	0 0 1
2612	1 0 0
2613	0 0 1
2614	0 0 1
2615	0 0 1
2616	0 0 1
2617	1 0 0
2618	0 1 0
2619	0 0 1
2620	0 1 0
2621	0 1 0
2622	0 0 1
2623	1 0 0
2624	0 0 1
2625	1 0 0
2626	0 0 1
2627	0 1 0
2628	0 1 0
2629	0 0 1
2630	1 0 0
2631	1 0 0
2632	1 0 0
2633	0 0 1
2634	0 1 0
2635	0 0 1
2636	0 1 0
2637	0 1 0
2638	0 1 0
2639	0 0 1
2640	1 0 0
2641	1 0 0
2642	1 0 0
2643	1 0 0
2644	0 1 0
2645	0 1 0
2646	1 0 0
2647	1 0 0
2648	0 0 1
2649	0 1 0
2650	0 0 1
2651	0 0 1
2652	0 0 1
2653	1 0 0
2654	1 0 0
2655	0 1 0
2656	0 1 0
2657	1 0 0
2658	1 0 0
2659	0 0 1
2660	0 0 1
2661	0 1 0
2662	0 0 1
2663	0 0 1
2664	0 0 1
2665	0 1 0
2666	1 0 0
2667	0 1 0
2668	1 0 0
2669	0 0 1
2670	1 0 0
2671	1 0 0
2672	0 1 0
2673	1 0 0
2674	0 0 1
2675	0 1 0
2676	0 1 0
2677	1 0 0
2678	0 0 1
2679	1 0 0
2680	0 1 0
2681	0 0 1
2682	0 1 0
2683	1 0 0
2684	0 1 0
2685	1 0 0
2686	0 1 0
2687	0 1 0
2688	0 0 1
2689	1 0 0
2690	0 0 1
2691	0 1 0
2692	0 1 0
2693	0 0 1
2694	0 0 1
2695	1 0 0
2696	0 0 1
2697	0 0 1
2698	0 0 1
2699	1 0 0
2700	1 0 0
2701	0 0 1
2702	1 0 0
2703	1 0 0
2704	0 0 1
2705	1 0 0
2706	1 0 0
2707	0 1 0
2708	1 0 0
2709	0 0 1
2710	0 1 0
2711	0 0 1
2712	0 1 0
2713	0 0 1
2714	1 0 0
2715	0 0 1
2716	0 1 0
2717	0 0 1
2718	0 0 1
2719	0 1 0
2720	1 0 0
2721	0 1 0
2722	1 0 0
2723	0 0 1
2724	0 1 0
2725	1 0 0
2726	0 0 1
2727	0 1 0
2728	0 0 1
2729	0 0 1
2730	0 1 0
2731	0 1 0
2732	0 0 1
2733	0 1 0
2734	1 0 0
2735	0 1 0
2736	0 1 0
2737	0 0 1
2738	0 0 1
2739	0 0 1
2740	0 1 0
2741	0 0 1
2742	0 0 1
2743	0 1 0
2744	0 1 0
2745	0 0 1
2746	1 0 0
2747	0 0 1
2748	0 1 0
2749	0 0 1
2750	1 0 0
2751	0 1 0
2752	0 0 1
2753	0 1 0
2754	0 0 1
2755	1 0 0
2756	0 0 1
2757	1 0 0
2758	0 0 1
2759	0 1 0
2760	1 0 0
2761	0 0 1
2762	0 1 0
2763	0 1 0
2764	0 1 0
2765	1 0 0
2766	1 0 0
2767	1 0 0
2768	0 1 0
2769	0 0 1
2770	0 0 1
2771	0 0 1
2772	0 0 1
2773	0 0 1
2774	1 0 0
2775	0 0 1
2776	1 0 0
2777	0 1 0
2778	0 0 1
2779	0 0 1
2780	0 1 0
2781	0 0 1
2782	1 0 0
2783	0 0 1
2784	0 0 1
2785	0 0 1
2786	0 0 1
2787	0 1 0
2788	1 0 0
2789	0 0 1
2790	0 1 0
2791	0 0 1
2792	1 0 0
2793	1 0 0
2794	0 1 0
2795	1 0 0
2796	0 1 0
2797	0 0 1
2798	1 0 0
2799	1 0 0
2800	0 0 1
2801	1 0 0
2802	1 0 0
2803	1 0 0
2804	0 0 1
2805	0 1 0
2806	0 1 0
2807	0 0 1
2808	1 0 0
2809	1 0 0
2810	1 0 0
2811	1 0 0
2812	0 0 1
2813	0 0 1
2814	0 0 1
2815	0 1 0
2816	0 1 0
2817	0 1 0
2818	1 0 0
2819	0 1 0
2820	1 0 0
2821	1 0 0
2822	1 0 0
2823	0 0 1
2824	0 0 1
2825	0 0 1
2826	0 0 1
2827	0 1 0
2828	0 0 1
2829	0 0 1
2830	0 0 1
2831	1 0 0
2832	0 0 1
2833	1 0 0
2834	0 1 0
2835	0 0 1
2836	1 0 0
2837	0 1 0
2838	1 0 0
2839	1 0 0
2840	0 1 0
2841	0 0 1
2842	1 0 0
2843	0 1 0
2844	1 0 0
2845	0 0 1
2846	0 1 0
2847	0 0 1
2848	1 0 0
2849	0 1 0
2850	1 0 0
2851	1 0 0
2852	0 0 1
2853	0 1 0
2854	0 0 1
2855	0 0 1
2856	0 0 1
2857	0 1 0
2858	0 0 1
2859	1 0 0
2860	0 0 1
2861	0 0 1
2862	0 1 0
2863	1 0 0
2864	1 0 0
2865	0 1 0
2866	1 0 0
2867	0 0 1
2868	0 1 0
2869	1 0 0
2870	0 1 0
2871	1 0 0
2872	0 0 1
2873	1 0 0
2874	0 0 1
2875	0 0 1
2876	1 0 0
2877	0 1 0
2878	0 0 1
2879	0 0 1
2880	0 0 1
2881	0 1 0
2882	1 0 0
2883	0 1 0
2884	0 0 1
2885	1 0 0
2886	1 0 0
2887	1 0 0
2888	0 0 1
2889	0 0 1
2890	0 1 0
2891	0 0 1
2892	0 0 1
2893	0 0 1
2894	0 1 0
2895	0 0 1
2896	1 0 0
2897	0 0 1
2898	0 1 0
2899	0 1 0
2900	0 1 0
2901	0 0 1
2902	1 0 0
2903	1 0 0
2904	1 0 0
2905	0 1 0
2906	0 1 0
2907	1 0 0
2908	0 1 0
2909	1 0 0
2910	0 1 0
2911	0 0 1
2912	0 1 0
2913	1 0 0
2914	0 1 0
2915	0 1 0
2916	1 0 0
2917	0 1 0
2918	0 0 1
2919	0 1 0
2920	0 1 0
2921	0 0 1
2922	0 0 1
2923	0 1 0
2924	0 1 0
2925	1 0 0
2926	0 1 0
2927	0 1 0
2928	0 1 0
2929	1 0 0
2930	0 0 1
2931	0 0 1
2932	0 1 0
2933	0 1 0
2934	1 0 0
2935	0 0 1
2936	1 0 0
2937	0 1 0
2938	0 0 1
2939	1 0 0
2940	0 1 0
2941	1 0 0
2942	0 0 1
2943	0 1 0
2944	0 1 0
2945	1 0 0
2946	0 1 0
2947	0 1 0
2948	0 0 1
2949	0 1 0
2950	0 1 0
2951	1 0 0
2952	1 0 0
2953	1 0 0
2954	1 0 0
2955	1 0 0
2956	0 1 0
2957	0 0 1
2958	0 0 1
2959	0 1 0
2960	0 1 0
2961	0 0 1
2962	0 0 1
2963	0 1 0
2964	0 0 1
2965	0 0 1
2966	0 1 0
2967	0 1 0
2968	0 0 1
2969	1 0 0
2970	1 0 0
2971	1 0 0
2972	0 1 0
2973	0 0 1
2974	0 1 0
2975	1 0 0
2976	1 0 0
2977	0 1 0
2978	0 0 1
2979	0 1 0
2980	1 0 0
2981	1 0 0
2982	1 0 0
2983	0 1 0
2984	1 0 0
2985	0 1 0
2986	1 0 0
2987	1 0 0
2988	0 0 1
2989	0 1 0
2990	0 0 1
2991	0 0 1
2992	1 0 0
2993	0 0 1
2994	0 1 0
2995	0 0 1
2996	1 0 0
2997	0 1 0
2998	0 1 0
2999	0 1 0
3000	0 1 0
3001	1 0 0
3002	0 0 1
3003	0 1 0
3004	1 0 0
3005	1 0 0
3006	1 0 0
3007	1 0 0
3008	0 1 0
3009	1 0 0
3010	0 1 0
3011	1 0 0
3012	0 1 0
3013	0 0 1
3014	1 0 0
3015	0 1 0
3016	1 0 0
3017	0 0 1
3018	0 1 0
3019	0 1 0
3020	1 0 0
3021	0 1 0
3022	1 0 0
3023	1 0 0
3024	0 1 0
3025	1 0 0
3026	0 0 1
3027	1 0 0
3028	1 0 0
3029	1 0 0
3030	0 0 1
3031	0 0 1
3032	1 0 0
3033	0 0 1
3034	0 1 0
3035	1 0 0
3036	0 1 0
3037	0 0 1
3038	1 0 0
3039	0 1 0
3040	0 0 1
3041	0 1 0
3042	0 1 0
3043	0 0 1
3044	0 0 1
3045	0 0 1
3046	0 1 0
3047	0 1 0
3048	1 0 0
3049	1 0 0
3050	1 0 0
3051	0 1 0
3052	1 0 0
3053	1 0 0
3054	0 0 1
3055	0 0 1
3056	0 1 0
3057	0 0 1
3058	1 0 0
3059	0 1 0
3060	1 0 0
3061	0 1 0
3062	0 1 0
3063	1 0 0
3064	0 1 0
3065	0 0 1
3066	0 1 0
3067	0 0 1
3068	0 1 0
3069	0 1 0
3070	1 0 0
3071	1 0 0
3072	0 1 0
3073	0 1 0
3074	1 0 0
3075	1 0 0
3076	0 0 1
3077	0 0 1
3078	0 0 1
3079	0 0 1
3080	0 1 0
3081	0 0 1
3082	0 1 0
3083	0 0 1
3084	0 1 0
3085	0 0 1
3086	1 0 0
3087	0 0 1
3088	0 1 0
3089	0 1 0
3090	1 0 0
3091	0 0 1
3092	0 1 0
3093	0 0 1
3094	0 1 0
3095	0 1 0
3096	0 1 0
3097	0 0 1
3098	1 0 0
3099	0 1 0
3100	0 1 0
3101	0 1 0
3102	0 1 0
3103	0 1 0
3104	0 0 1
3105	1 0 0
3106	0 0 1
3107	0 1 0
3108	1 0 0
3109	0 1 0
3110	0 1 0
3111	1 0 0
3112	0 1 0
3113	0 0 1
3114	0 0 1
3115	0 1 0
3116	0 0 1
3117	0 0 1
3118	1 0 0
3119	0 0 1
3120	1 0 0
3121	0 0 1
3122	0 1 0
3123	0 1 0
3124	1 0 0
3125	0 1 0
3126	0 1 0
3127	1 0 0
3128	0 0 1
3129	0 0 1
3130	1 0 0
3131	1 0 0
3132	0 0 1
3133	0 0 1
3134	0 1 0
3135	1 0 0
3136	0 1 0
3137	0 1 0
3138	1 0 0
3139	1 0 0
3140	0 1 0
3141	1 0 0
3142	0 0 1
3143	1 0 0
3144	0 0 1
3145	0 1 0
3146	0 0 1
3147	0 1 0
3148	0 0 1
3149	1 0 0
3150	0 0 1
3151	1 0 0
3152	1 0 0
3153	0 1 0
3154	0 1 0
3155	0 1 0
3156	0 1 0
3157	0 0 1
3158	1 0 0
3159	0 1 0
3160	0 0 1
3161	0 0 1
3162	1 0 0
3163	0 0 1
3164	0 0 1
3165	0 1 0
3166	0 0 1
3167	0 0 1
3168	0 1 0
3169	1 0 0
3170	0 1 0
3171	1 0 0
3172	0 1 0
3173	0 0 1
3174	0 0 1
3175	0 0 1
3176	0 0 1
3177	0 1 0
3178	0 1 0
3179	0 0 1
3180	0 1 0
3181	1 0 0
3182	0 0 1
3183	1 0 0
3184	0 0 1
3185	1 0 0
3186	0 1 0
3187	1 0 0
3188	0 0 1
3189	0 0 1
3190	0 0 1
3191	0 1 0
3192	0 1 0
3193	0 1 0
3194	0 1 0
3195	1 0 0
3196	0 1 0
3197	1 0 0
3198	1 0 0
3199	0 0 1
3200	0 0 1
3201	0 1 0
3202	0 0 1
3203	1 0 0
3204	0 1 0
3205	1 0 0
3206	1 0 0
3207	0 0 1
3208	1 0 0
3209	0 1 0
3210	0 1 0
3211	0 0 1
3212	1 0 0
3213	1 0 0
3214	0 1 0
3215	1 0 0
3216	0 1 0
3217	1 0 0
3218	0 0 1
3219	1 0 0
3220	0 1 0
3221	0 0 1
3222	0 1 0
3223	0 0 1
3224	0 0 1
3225	0 0 1
3226	0 0 1
3227	0 0 1
3228	0 0 1
3229	0 0 1
3230	0 0 1
3231	0 0 1
3232	0 1 0
3233	0 0 1
3234	0 1 0
3235	0 1 0
3236	0 1 0
3237	0 1 0
3238	0 1 0
3239	0 1 0
3240	0 0 1
3241	0 0 1
3242	0 0 1
3243	0 0 1
3244	0 0 1
3245	1 0 0
3246	1 0 0
3247	1 0 0
3248	0 0 1
3249	0 0 1
3250	0 1 0
3251	1 0 0
3252	1 0 0
3253	0 0 1
3254	0 1 0
3255	0 1 0
3256	0 1 0
3257	0 0 1
3258	0 1 0
3259	1 0 0
3260	0 1 0
3261	0 1 0
3262	1 0 0
3263	1 0 0
3264	1 0 0
3265	1 0 0
3266	0 1 0
3267	1 0 0
3268	1 0 0
3269	0 0 1
3270	1 0 0
3271	0 1 0
3272	0 1 0
3273	0 0 1
3274	0 1 0
3275	0 0 1
3276	1 0 0
3277	1 0 0
3278	0 0 1
3279	0 0 1
3280	1 0 0
3281	0 1 0
3282	1 0 0
3283	1 0 0
3284	0 1 0
3285	1 0 0
3286	0 0 1
3287	0 1 0
3288	0 1 0
3289	0 1 0
3290	0 0 1
3291	1 0 0
3292	0 1 0
3293	0 1 0
3294	0 1 0
3295	0 1 0
3296	1 0 0
3297	0 0 1
3298	1 0 0
3299	1 0 0
3300	1 0 0
3301	0 1 0
3302	0 1 0
3303	0 0 1
3304	0 0 1
3305	0 0 1
3306	0 1 0
3307	0 1 0
3308	1 0 0
3309	0 0 1
3310	0 0 1
3311	1 0 0
3312	0 1 0
3313	0 1 0
3314	0 0 1
3315	1 0 0
3316	1 0 0
3317	0 0 1
3318	1 0 0
3319	1 0 0
3320	0 1 0
3321	0 0 1
3322	0 1 0
3323	0 0 1
3324	0 1 0
3325	0 1 0
3326	0 1 0
3327	0 1 0
3328	0 1 0
3329	0 0 1
3330	1 0 0
3331	0 1 0
3332	1 0 0
3333	1 0 0
3334	0 0 1
3335	0 0 1
3336	0 0 1
3337	1 0 0
3338	0 1 0
3339	1 0 0
3340	1 0 0
3341	0 1 0
3342	0 1 0
3343	1 0 0
3344	0 1 0
3345	1 0 0
3346	0 1 0
3347	0 1 0
3348	0 0 1
3349	1 0 0
3350	1 0 0
3351	0 1 0
3352	0 0 1
3353	0 1 0
3354	1 0 0
3355	0 0 1
3356	0 1 0
3357	0 0 1
3358	0 0 1
3359	0 0 1
3360	0 0 1
3361	0 0 1
3362	1 0 0
3363	0 0 1
3364	1 0 0
3365	0 1 0
3366	0 0 1
3367	0 1 0
3368	1 0 0
3369	0 0 1
3370	1 0 0
3371	0 1 0
3372	1 0 0
3373	0 1 0
3374	0 0 1
3375	0 1 0
3376	1 0 0
3377	0 1 0
3378	0 0 1
3379	0 1 0
3380	0 0 1
3381	0 0 1
3382	1 0 0
3383	1 0 0
3384	0 0 1
3385	1 0 0
3386	0 0 1
3387	1 0 0
3388	1 0 0
3389	0 1 0
3390	1 0 0
3391	0 1 0
3392	0 1 0
3393	0 0 1
3394	0 1 0
3395	1 0 0
3396	0 1 0
3397	1 0 0
3398	0 1 0
3399	0 0 1
3400	1 0 0
3401	0 0 1
3402	0 0 1
3403	1 0 0
3404	0 0 1
3405	0 0 1
3406	0 1 0
3407	0 0 1
3408	0 0 1
3409	0 1 0
3410	0 1 0
3411	0 1 0
3412	0 1 0
3413	1 0 0
3414	0 1 0
3415	1 0 0
3416	1 0 0
3417	0 1 0
3418	1 0 0
3419	1 0 0
3420	0 1 0
3421	1 0 0
3422	0 0 1
3423	0 1 0
3424	1 0 0
3425	0 1 0
3426	0 1 0
3427	1 0 0
3428	0 0 1
3429	0 0 1
3430	0 0 1
3431	0 1 0
3432	1 0 0
3433	1 0 0
3434	0 0 1
3435	1 0 0
3436	1 0 0
3437	1 0 0
3438	0 1 0
3439	0 1 0
3440	1 0 0
3441	0 1 0
3442	1 0 0
3443	1 0 0
3444	1 0 0
3445	0 1 0
3446	0 0 1
3447	0 1 0
3448	1 0 0
3449	0 0 1
3450	1 0 0
3451	0 1 0
3452	0 0 1
3453	0 0 1
3454	1 0 0
3455	0 0 1
3456	0 0 1
3457	0 1 0
3458	0 1 0
3459	0 1 0
3460	0 0 1
3461	0 1 0
3462	1 0 0
3463	0 1 0
3464	0 1 0
3465	1 0 0
3466	0 1 0
3467	0 0 1
3468	1 0 0
3469	0 1 0
3470	0 1 0
3471	1 0 0
3472	0 0 1
3473	1 0 0
3474	0 0 1
3475	0 0 1
3476	0 1 0
3477	0 0 1
3478	0 1 0
3479	0 0 1
3480	1 0 0
3481	1 0 0
3482	1 0 0
3483	0 0 1
3484	0 0 1
3485	1 0 0
3486	0 1 0
3487	1 0 0
3488	0 1 0
3489	1 0 0
3490	0 0 1
3491	1 0 0
3492	0 0 1
3493	0 0 1
3494	0 1 0
3495	1 0 0
3496	0 1 0
3497	1 0 0
3498	1 0 0
3499	0 1 0
3500	0 1 0
3501	0 0 1
3502	0 0 1
3503	0 0 1
3504	1 0 0
3505	1 0 0
3506	0 1 0
3507	0 1 0
3508	1 0 0
3509	0 1 0
3510	0 1 0
3511	0 0 1
3512	0 0 1
3513	0 1 0
3514	0 0 1
3515	0 1 0
3516	0 0 1
3517	0 0 1
3518	0 0 1
3519	1 0 0
3520	0 0 1
3521	1 0 0
3522	0 1 0
3523	0 1 0
3524	0 1 0
3525	0 0 1
3526	1 0 0
3527	1 0 0
3528	0 1 0
3529	1 0 0
3530	0 1 0
3531	1 0 0
3532	1 0 0
3533	0 1 0
3534	0 0 1
3535	0 1 0
3536	0 0 1
3537	0 1 0
3538	0 0 1
3539	0 0 1
3540	0 1 0
3541	0 1 0
3542	1 0 0
3543	1 0 0
3544	0 1 0
3545	0 1 0
3546	0 0 1
3547	1 0 0
3548	0 0 1
3549	0 0 1
3550	0 0 1
3551	0 1 0
3552	1 0 0
3553	0 0 1
3554	1 0 0
3555	1 0 0
3556	1 0 0
3557	1 0 0
3558	1 0 0
3559	1 0 0
3560	0 0 1
3561	0 1 0
3562	0 0 1
3563	1 0 0
3564	1 0 0
3565	0 1 0
3566	0 1 0
3567	1 0 0
3568	1 0 0
3569	1 0 0
3570	1 0 0
3571	1 0 0
3572	0 1 0
3573	0 0 1
3574	0 1 0
3575	0 1 0
3576	1 0 0
3577	1 0 0
3578	1 0 0
3579	1 0 0
3580	0 0 1
3581	0 1 0
3582	0 0 1
3583	0 0 1
3584	0 1 0
3585	0 1 0
3586	1 0 0
3587	0 1 0
3588	0 0 1
3589	1 0 0
3590	0 0 1
3591	0 1 0
3592	0 1 0
3593	0 0 1
3594	0 1 0
3595	0 1 0
3596	0 1 0
3597	1 0 0
3598	0 1 0
3599	0 0 1
3600	0 0 1
3601	0 0 1
3602	0 0 1
3603	0 0 1
3604	0 1 0
3605	1 0 0
3606	0 1 0
3607	0 1 0
3608	1 0 0
3609	0 1 0
3610	0 0 1
3611	0 0 1
3612	0 1 0
3613	0 0 1
3614	0 1 0
3615	1 0 0
3616	0 1 0
3617	1 0 0
3618	0 0 1
3619	0 1 0
3620	0 1 0
3621	1 0 0
3622	0 0 1
3623	1 0 0
3624	0 0 1
3625	0 0 1
3626	0 0 1
3627	0 0 1
3628	0 1 0
3629	1 0 0
3630	0 0 1
3631	0 0 1
3632	0 0 1
3633	1 0 0
3634	1 0 0
3635	1 0 0
3636	0 0 1
3637	0 1 0
3638	0 0 1
3639	1 0 0
3640	0 0 1
3641	0 1 0
3642	0 0 1
3643	0 1 0
3644	1 0 0
3645	1 0 0
3646	0 1 0
3647	1 0 0
3648	0 0 1
3649	0 1 0
3650	1 0 0
3651	0 1 0
3652	0 0 1
3653	0 1 0
3654	0 1 0
3655	1 0 0
3656	0 1 0
3657	1 0 0
3658	0 1 0
3659	0 0 1
3660	0 1 0
3661	1 0 0
3662	0 1 0
3663	1 0 0
3664	0 1 0
3665	0 0 1
3666	0 0 1
3667	1 0 0
3668	0 1 0
3669	1 0 0
3670	1 0 0
3671	1 0 0
3672	0 1 0
3673	1 0 0
3674	1 0 0
3675	0 1 0
3676	0 0 1
3677	0 1 0
3678	1 0 0
3679	0 1 0
3680	1 0 0
3681	1 0 0
3682	1 0 0
3683	0 1 0
3684	0 1 0
3685	0 1 0
3686	0 1 0
3687	0 1 0
3688	1 0 0
3689	0 1 0
3690	1 0 0
3691	0 0 1
3692	1 0 0
3693	0 0 1
3694	1 0 0
3695	1 0 0
3696	0 1 0
3697	1 0 0
3698	0 0 1
3699	0 1 0
3700	0 1 0
3701	0 1 0
3702	0 0 1
3703	0 1 0
3704	0 0 1
3705	0 1 0
3706	0 1 0
3707	1 0 0
3708	1 0 0
3709	1 0 0
3710	0 0 1
3711	1 0 0
3712	0 0 1
3713	0 0 1
3714	0 1 0
3715	1 0 0
3716	1 0 0
3717	1 0 0
3718	0 0 1
3719	0 0 1
3720	0 0 1
3721	1 0 0
3722	0 0 1
3723	1 0 0
3724	1 0 0
3725	0 0 1
3726	0 0 1
3727	0 1 0
3728	0 0 1
3729	0 0 1
3730	0 1 0
3731	1 0 0
3732	0 1 0
3733	0 1 0
3734	0 1 0
3735	0 1 0
3736	0 0 1
3737	0 0 1
3738	0 0 1
3739	0 1 0
3740	1 0 0
3741	0 1 0
3742	0 0 1
3743	0 0 1
3744	0 0 1
3745	0 1 0
3746	1 0 0
3747	0 1 0
3748	1 0 0
3749	1 0 0
3750	0 1 0
3751	1 0 0
3752	1 0 0
3753	1 0 0
3754	1 0 0
3755	0 1 0
3756	1 0 0
3757	0 1 0
3758	0 0 1
3759	0 0 1
3760	0 0 1
3761	1 0 0
3762	0 0 1
3763	0 0 1
3764	1 0 0
3765	0 1 0
3766	1 0 0
3767	0 0 1
3768	1 0 0
3769	0 0 1
3770	0 0 1
3771	0 1 0
3772	0 0 1
3773	0 0 1
3774	0 1 0
3775	1 0 0
3776	0 1 0
3777	1 0 0
3778	1 0 0
3779	0 0 1
3780	1 0 0
3781	1 0 0
3782	1 0 0
3783	1 0 0
3784	0 1 0
3785	0 1 0
3786	0 0 1
3787	0 0 1
3788	0 0 1
3789	0 1 0
3790	0 0 1
3791	0 1 0
3792	0 0 1
3793	0 1 0
3794	0 1 0
3795	0 1 0
3796	0 0 1
3797	0 1 0
3798	0 1 0
3799	0 1 0
3800	0 0 1
3801	1 0 0
3802	0 0 1
3803	0 1 0
3804	1 0 0
3805	1 0 0
3806	0 1 0
3807	1 0 0
3808	1 0 0
3809	0 1 0
3810	0 1 0
3811	0 0 1
3812	0 1 0
3813	0 1 0
3814	0 1 0
3815	0 1 0
3816	1 0 0
3817	1 0 0
3818	0 1 0
3819	0 1 0
3820	1 0 0
3821	0 1 0
3822	0 1 0
3823	0 0 1
3824	1 0 0
3825	0 0 1
3826	0 0 1
3827	0 0 1
3828	0 1 0
3829	0 1 0
3830	1 0 0
3831	0 1 0
3832	0 1 0
3833	0 0 1
3834	1 0 0
3835	1 0 0
3836	0 1 0
3837	0 1 0
3838	0 1 0
3839	1 0 0
3840	1 0 0
3841	0 1 0
3842	1 0 0
3843	0 1 0
3844	0 1 0
3845	0 0 1
3846	0 1 0
3847	0 1 0
3848	0 1 0
3849	0 1 0
3850	0 0 1
3851	0 1 0
3852	0 1 0
3853	1 0 0
3854	0 0 1
3855	0 1 0
3856	1 0 0
3857	0 1 0
3858	0 0 1
3859	0 1 0
3860	0 0 1
3861	1 0 0
3862	1 0 0
3863	0 0 1
3864	0 1 0
3865	0 1 0
3866	0 0 1
3867	0 0 1
3868	0 0 1
3869	0 1 0
3870	0 0 1
3871	1 0 0
3872	1 0 0
3873	1 0 0
3874	0 1 0
3875	0 1 0
3876	1 0 0
3877	0 1 0
3878	0 0 1
3879	1 0 0
3880	1 0 0
3881	0 0 1
3882	1 0 0
3883	0 1 0
3884	0 1 0
3885	0 0 1
3886	0 1 0
3887	0 1 0
3888	0 1 0
3889	0 1 0
3890	0 1 0
3891	1 0 0
3892	0 1 0
3893	0 1 0
3894	0 1 0
3895	0 1 0
3896	1 0 0
3897	1 0 0
3898	0 1 0
3899	0 1 0
3900	1 0 0
3901	0 0 1
3902	0 0 1
3903	0 1 0
3904	0 0 1
3905	0 0 1
3906	0 1 0
3907	1 0 0
3908	0 0 1
3909	0 1 0
3910	0 1 0
3911	0 0 1
3912	1 0 0
3913	0 0 1
3914	0 1 0
3915	0 0 1
3916	1 0 0
3917	0 0 1
3918	1 0 0
3919	0 1 0
3920	1 0 0
3921	0 0 1
3922	0 1 0
3923	1 0 0
3924	1 0 0
3925	0 0 1
3926	0 0 1
3927	0 0 1
3928	1 0 0
3929	0 0 1
3930	0 0 1
3931	0 0 1
3932	1 0 0
3933	0 1 0
3934	0 0 1
3935	0 0 1
3936	1 0 0
3937	0 1 0
3938	1 0 0
3939	1 0 0
3940	0 1 0
3941	0 1 0
3942	1 0 0
3943	0 0 1
3944	0 0 1
3945	0 0 1
3946	0 0 1
3947	0 0 1
3948	1 0 0
3949	0 1 0
3950	0 0 1
3951	0 1 0
3952	1 0 0
3953	0 1 0
3954	0 1 0
3955	0 0 1
3956	0 0 1
3957	0 0 1
3958	0 1 0
3959	0 1 0
3960	0 0 1
3961	1 0 0
3962	0 1 0
3963	1 0 0
3964	1 0 0
3965	0 1 0
3966	1 0 0
3967	0 1 0
3968	1 0 0
3969	0 1 0
3970	0 1 0
3971	0 0 1
3972	1 0 0
3973	0 0 1
3974	0 0 1
3975	0 0 1
3976	0 0 1
3977	1 0 0
3978	0 0 1
3979	0 0 1
3980	0 0 1
3981	1 0 0
3982	0 0 1
3983	1 0 0
3984	0 1 0
3985	1 0 0
3986	0 0 1
3987	0 0 1
3988	0 0 1
3989	0 1 0
3990	0 1 0
3991	1 0 0
3992	0 0 1
3993	0 1 0
3994	0 1 0
3995	0 1 0
3996	1 0 0
3997	1 0 0
3998	1 0 0
3999	0 0 1
4000	0 0 1
4001	0 1 0
4002	0 0 1
4003	0 1 0
4004	0 1 0
4005	1 0 0
4006	0 0 1
4007	0 0 1
4008	1 0 0
4009	0 1 0
4010	0 0 1
4011	0 1 0
4012	1 0 0
4013	0 0 1
4014	0 0 1
4015	0 0 1
4016	0 1 0
4017	1 0 0
4018	0 1 0
4019	0 1 0
4020	0 1 0
4021	1 0 0
4022	0 1 0
4023	0 0 1
4024	0 0 1
4025	1 0 0
4026	0 0 1
4027	0 1 0
4028	0 0 1
4029	0 0 1
4030	0 0 1
4031	1 0 0
4032	1 0 0
4033	0 0 1
4034	0 0 1
4035	0 1 0
4036	0 0 1
4037	0 1 0
4038	0 0 1
4039	0 1 0
4040	0 0 1
4041	0 0 1
4042	1 0 0
4043	0 0 1
4044	0 1 0
4045	0 0 1
4046	0 0 1
4047	1 0 0
4048	1 0 0
4049	1 0 0
4050	0 0 1
4051	0 0 1
4052	0 1 0
4053	1 0 0
4054	0 1 0
4055	0 0 1
4056	0 0 1
4057	0 0 1
4058	0 1 0
4059	0 0 1
4060	1 0 0
4061	0 1 0
4062	0 0 1
4063	0 1 0
4064	0 1 0
4065	0 1 0
4066	1 0 0
4067	1 0 0
4068	0 1 0
4069	0 0 1
4070	1 0 0
4071	1 0 0
4072	0 1 0
4073	0 1 0
4074	0 1 0
4075	0 0 1
4076	0 1 0
4077	0 1 0
4078	1 0 0
4079	0 1 0
4080	1 0 0
4081	1 0 0
4082	0 0 1
4083	1 0 0
4084	0 1 0
4085	0 0 1
4086	0 0 1
4087	0 1 0
4088	0 1 0
4089	0 1 0
4090	0 0 1
4091	1 0 0
4092	1 0 0
4093	1 0 0
4094	0 1 0
4095	1 0 0
4096	0 0 1
4097	0 1 0
4098	1 0 0
4099	1 0 0
4100	0 1 0
4101	0 1 0
4102	0 1 0
4103	0 1 0
4104	1 0 0
4105	0 1 0
4106	0 0 1
4107	1 0 0
4108	0 1 0
4109	1 0 0
4110	1 0 0
4111	0 0 1
4112	0 1 0
4113	1 0 0
4114	0 0 1
4115	0 1 0
4116	0 1 0
4117	1 0 0
4118	0 0 1
4119	0 1 0
4120	0 1 0
4121	0 0 1
4122	0 0 1
4123	0 0 1
4124	0 1 0
4125	0 0 1
4126	0 0 1
4127	0 0 1
4128	0 1 0
4129	1 0 0
4130	0 0 1
4131	0 0 1
4132	1 0 0
4133	0 1 0
4134	0 1 0
4135	0 1 0
4136	0 0 1
4137	1 0 0
4138	0 0 1
4139	0 0 1
4140	0 1 0
4141	1 0 0
4142	0 1 0
4143	0 0 1
4144	0 0 1
4145	1 0 0
4146	0 0 1
4147	1 0 0
4148	0 1 0
4149	0 0 1
4150	0 0 1
4151	0 0 1
4152	0 1 0
4153	1 0 0
4154	1 0 0
4155	1 0 0
4156	1 0 0
4157	1 0 0
4158	0 0 1
4159	0 0 1
4160	0 0 1
4161	0 1 0
4162	0 1 0
4163	0 0 1
4164	1 0 0
4165	0 1 0
4166	1 0 0
4167	0 0 1
4168	0 1 0
4169	0 1 0
4170	0 1 0
4171	1 0 0
4172	1 0 0
4173	1 0 0
4174	0 0 1
4175	0 1 0
4176	0 0 1
4177	0 0 1
4178	1 0 0
4179	1 0 0
4180	0 1 0
4181	0 1 0
4182	1 0 0
4183	0 1 0
4184	0 1 0
4185	0 1 0
4186	0 1 0
4187	0 1 0
4188	0 1 0
4189	0 1 0
4190	1 0 0
4191	1 0 0
4192	0 1 0
4193	0 0 1
4194	1 0 0
4195	0 0 1
4196	0 0 1
4197	0 0 1
4198	0 0 1
4199	0 1 0
4200	0 0 1
4201	0 1 0
4202	0 0 1
4203	0 0 1
4204	0 1 0
4205	0 1 0
4206	1 0 0
4207	0 1 0
4208	0 1 0
4209	0 0 1
4210	1 0 0
4211	1 0 0
4212	0 1 0
4213	0 1 0
4214	0 1 0
4215	0 1 0
4216	1 0 0
4217	0 1 0
4218	1 0 0
4219	0 0 1
4220	0 0 1
4221	1 0 0
4222	0 1 0
4223	0 1 0
4224	0 0 1
4225	1 0 0
4226	0 1 0
4227	0 1 0
4228	0 0 1
4229	0 1 0
4230	1 0 0
4231	0 1 0
4232	0 1 0
4233	0 0 1
4234	0 1 0
4235	1 0 0
4236	1 0 0
4237	0 1 0
4238	0 0 1
4239	0 0 1
4240	1 0 0
4241	0 1 0
4242	0 1 0
4243	0 1 0
4244	0 1 0
4245	0 0 1
4246	0 0 1
4247	0 0 1
4248	0 1 0
4249	0 1 0
4250	0 0 1
4251	1 0 0
4252	0 1 0
4253	0 1 0
4254	0 1 0
4255	0 1 0
4256	0 0 1
4257	0 0 1
4258	0 0 1
4259	1 0 0
4260	0 0 1
4261	0 0 1
4262	1 0 0
4263	0 1 0
4264	0 1 0
4265	0 0 1
4266	0 0 1
4267	0 1 0
4268	1 0 0
4269	0 1 0
4270	0 1 0
4271	0 1 0
4272	1 0 0
4273	1 0 0
4274	0 1 0
4275	0 1 0
4276	0 0 1
4277	1 0 0
4278	0 0 1
4279	0 0 1
4280	1 0 0
4281	1 0 0
4282	1 0 0
4283	0 0 1
4284	0 1 0
4285	0 0 1
4286	0 0 1
4287	1 0 0
4288	0 0 1
4289	1 0 0
4290	0 1 0
4291	1 0 0
4292	1 0 0
4293	0 0 1
4294	1 0 0
4295	0 1 0
4296	0 0 1
4297	1 0 0
4298	1 0 0
4299	1 0 0
4300	1 0 0
4301	0 0 1
4302	1 0 0
4303	0 1 0
4304	1 0 0
4305	0 1 0
4306	0 1 0
4307	0 1 0
4308	0 0 1
4309	0 0 1
4310	0 0 1
4311	0 1 0
4312	0 0 1
4313	0 0 1
4314	0 1 0
4315	0 1 0
4316	0 1 0
4317	1 0 0
4318	0 0 1
4319	1 0 0
4320	0 1 0
4321	0 0 1
4322	1 0 0
4323	0 0 1
4324	0 0 1
4325	0 1 0
4326	0 1 0
4327	0 0 1
4328	0 0 1
4329	1 0 0
4330	0 0 1
4331	0 1 0
4332	0 1 0
4333	1 0 0
4334	0 1 0
4335	0 1 0
4336	0 1 0
4337	0 0 1
4338	0 1 0
4339	0 0 1
4340	0 1 0
4341	1 0 0
4342	1 0 0
4343	0 0 1
4344	1 0 0
4345	0 1 0
4346	1 0 0
4347	0 0 1
4348	0 1 0
4349	0 0 1
4350	0 0 1
4351	0 1 0
4352	0 1 0
4353	0 1 0
4354	0 0 1
4355	0 1 0
4356	1 0 0
4357	0 0 1
4358	0 1 0
4359	1 0 0
4360	0 0 1
4361	0 1 0
4362	1 0 0
4363	0 0 1
4364	0 0 1
4365	0 0 1
4366	0 1 0
4367	0 0 1
4368	0 1 0
4369	0 0 1
4370	1 0 0
4371	1 0 0
4372	1 0 0
4373	0 1 0
4374	0 1 0
4375	0 1 0
4376	0 1 0
4377	0 1 0
4378	0 0 1
4379	1 0 0
4380	0 1 0
4381	0 1 0
4382	0 1 0
4383	0 1 0
4384	0 1 0
4385	0 0 1
4386	0 1 0
4387	0 0 1
4388	0 1 0
4389	0 1 0
4390	0 0 1
4391	1 0 0
4392	0 1 0
4393	1 0 0
4394	0 1 0
4395	1 0 0
4396	0 0 1
4397	1 0 0
4398	0 0 1
4399	0 1 0
4400	0 1 0
4401	0 1 0
4402	0 0 1
4403	0 1 0
4404	0 1 0
4405	0 1 0
4406	0 0 1
4407	0 0 1
4408	0 0 1
4409	0 0 1
4410	0 0 1
4411	0 0 1
4412	0 0 1
4413	0 1 0
4414	0 1 0
4415	0 1 0
4416	0 0 1
4417	1 0 0
4418	0 1 0
4419	1 0 0
4420	0 0 1
4421	1 0 0
4422	0 0 1
4423	0 1 0
4424	1 0 0
4425	0 1 0
4426	0 1 0
4427	0 1 0
4428	1 0 0
4429	1 0 0
4430	1 0 0
4431	0 0 1
4432	1 0 0
4433	1 0 0
4434	0 1 0
4435	0 0 1
4436	0 1 0
4437	0 1 0
4438	1 0 0
4439	0 0 1
4440	0 0 1
4441	0 1 0
4442	0 1 0
4443	1 0 0
4444	0 1 0
4445	0 0 1
4446	0 0 1
4447	1 0 0
4448	0 1 0
4449	1 0 0
4450	0 1 0
4451	0 1 0
4452	0 1 0
4453	1 0 0
4454	0 1 0
4455	1 0 0
4456	1 0 0
4457	1 0 0
4458	1 0 0
4459	0 0 1
4460	0 0 1
4461	1 0 0
4462	1 0 0
4463	1 0 0
4464	1 0 0
4465	0 0 1
4466	1 0 0
4467	1 0 0
4468	0 0 1
4469	1 0 0
4470	0 1 0
4471	1 0 0
4472	0 0 1
4473	0 0 1
4474	0 1 0
4475	1 0 0
4476	0 1 0
4477	1 0 0
4478	1 0 0
4479	0 1 0
4480	0 0 1
4481	1 0 0
4482	1 0 0
4483	1 0 0
4484	0 1 0
4485	0 0 1
4486	0 1 0
4487	0 0 1
4488	0 1 0
4489	1 0 0
4490	0 1 0
4491	0 1 0
4492	1 0 0
4493	0 1 0
4494	0 0 1
4495	0 0 1
4496	1 0 0
4497	1 0 0
4498	0 0 1
4499	1 0 0
4500	1 0 0
4501	0 1 0
4502	0 0 1
4503	1 0 0
4504	1 0 0
4505	1 0 0
4506	1 0 0
4507	0 1 0
4508	0 0 1
4509	1 0 0
4510	0 1 0
4511	1 0 0
4512	0 1 0
4513	0 1 0
4514	0 1 0
4515	1 0 0
4516	0 1 0
4517	1 0 0
4518	0 1 0
4519	1 0 0
4520	0 0 1
4521	0 1 0
4522	0 1 0
4523	1 0 0
4524	0 0 1
4525	1 0 0
4526	0 0 1
4527	1 0 0
4528	1 0 0
4529	1 0 0
4530	0 0 1
4531	0 0 1
4532	1 0 0
4533	0 1 0
4534	0 1 0
4535	1 0 0
4536	1 0 0
4537	0 0 1
4538	1 0 0
4539	0 1 0
4540	0 0 1
4541	0 0 1
4542	1 0 0
4543	1 0 0
4544	0 0 1
4545	0 0 1
4546	0 1 0
4547	0 0 1
4548	1 0 0
4549	0 1 0
4550	1 0 0
4551	1 0 0
4552	0 0 1
4553	1 0 0
4554	0 0 1
4555	1 0 0
4556	0 1 0
4557	0 1 0
4558	1 0 0
4559	0 1 0
4560	0 1 0
4561	1 0 0
4562	0 1 0
4563	1 0 0
4564	0 0 1
4565	1 0 0
4566	1 0 0
4567	0 0 1
4568	1 0 0
4569	0 1 0
4570	0 0 1
4571	1 0 0
4572	0 0 1
4573	1 0 0
4574	0 1 0
4575	0 0 1
4576	0 1 0
4577	1 0 0
4578	1 0 0
4579	0 1 0
4580	0 1 0
4581	0 0 1
4582	1 0 0
4583	1 0 0
4584	0 1 0
4585	0 1 0
4586	1 0 0
4587	1 0 0
4588	0 0 1
4589	1 0 0
4590	0 1 0
4591	1 0 0
4592	0 1 0
4593	0 0 1
4594	0 0 1
4595	0 0 1
4596	1 0 0
4597	1 0 0
4598	0 0 1
4599	1 0 0
4600	0 1 0
4601	0 1 0
4602	1 0 0
4603	1 0 0
4604	1 0 0
4605	1 0 0
4606	1 0 0
4607	1 0 0
4608	0 0 1
4609	0 0 1
4610	0 1 0
4611	1 0 0
4612	0 0 1
4613	1 0 0
4614	0 0 1
4615	0 1 0
4616	0 0 1
4617	0 1 0
4618	1 0 0
4619	0 0 1
4620	0 0 1
4621	0 0 1
4622	0 1 0
4623	0 1 0
4624	0 0 1
4625	1 0 0
4626	1 0 0
4627	0 1 0
4628	1 0 0
4629	1 0 0
4630	1 0 0
4631	1 0 0
4632	0 0 1
4633	0 1 0
4634	1 0 0
4635	0 1 0
4636	0 1 0
4637	0 1 0
4638	0 0 1
4639	0 0 1
4640	0 1 0
4641	1 0 0
4642	1 0 0
4643	1 0 0
4644	0 1 0
4645	0 0 1
4646	1 0 0
4647	0 1 0
4648	1 0 0
4649	0 0 1
4650	1 0 0
4651	0 0 1
4652	1 0 0
4653	1 0 0
4654	1 0 0
4655	0 0 1
4656	0 1 0
4657	1 0 0
4658	1 0 0
4659	0 0 1
4660	0 1 0
4661	0 1 0
4662	1 0 0
4663	0 0 1
4664	0 0 1
4665	0 1 0
4666	0 1 0
4667	0 1 0
4668	0 0 1
4669	1 0 0
4670	0 1 0
4671	0 1 0
4672	1 0 0
4673	1 0 0
4674	0 0 1
4675	0 0 1
4676	1 0 0
4677	0 0 1
4678	0 1 0
4679	0 0 1
4680	0 0 1
4681	0 1 0
4682	0 1 0
4683	0 0 1
4684	1 0 0
4685	0 0 1
4686	0 0 1
4687	0 1 0
4688	1 0 0
4689	0 1 0
4690	0 1 0
4691	0 0 1
4692	0 1 0
4693	1 0 0
4694	0 1 0
4695	0 0 1
4696	1 0 0
4697	0 0 1
4698	1 0 0
4699	1 0 0
4700	1 0 0
4701	1 0 0
4702	0 1 0
4703	0 0 1
4704	1 0 0
4705	1 0 0
4706	0 0 1
4707	0 1 0
4708	0 0 1
4709	0 0 1
4710	0 1 0
4711	1 0 0
4712	1 0 0
4713	1 0 0
4714	0 1 0
4715	1 0 0
4716	1 0 0
4717	1 0 0
4718	0 0 1
4719	1 0 0
4720	0 1 0
4721	0 0 1
4722	1 0 0
4723	0 0 1
4724	1 0 0
4725	0 1 0
4726	0 1 0
4727	0 1 0
4728	0 1 0
4729	1 0 0
4730	1 0 0
4731	0 0 1
4732	0 0 1
4733	1 0 0
4734	1 0 0
4735	0 1 0
4736	0 1 0
4737	0 0 1
4738	0 0 1
4739	1 0 0
4740	0 1 0
4741	1 0 0
4742	0 1 0
4743	0 1 0
4744	1 0 0
4745	0 1 0
4746	0 1 0
4747	0 1 0
4748	1 0 0
4749	0 1 0
4750	1 0 0
4751	0 1 0
4752	0 1 0
4753	1 0 0
4754	1 0 0
4755	0 1 0
4756	0 1 0
4757	1 0 0
4758	0 0 1
4759	0 1 0
4760	1 0 0
4761	0 1 0
4762	0 1 0
4763	0 0 1
4764	0 1 0
4765	0 1 0
4766	1 0 0
4767	1 0 0
4768	1 0 0
4769	1 0 0
4770	0 0 1
4771	0 1 0
4772	0 1 0
4773	1 0 0
4774	1 0 0
4775	1 0 0
4776	1 0 0
4777	0 0 1
4778	0 0 1
4779	0 0 1
4780	1 0 0
4781	0 1 0
4782	0 0 1
4783	1 0 0
4784	1 0 0
4785	0 1 0
4786	0 1 0
4787	0 1 0
4788	0 0 1
4789	1 0 0
4790	0 0 1
4791	0 1 0
4792	0 1 0
4793	0 1 0
4794	1 0 0
4795	0 1 0
4796	1 0 0
4797	0 0 1
4798	0 0 1
4799	0 0 1
4800	0 1 0
4801	0 1 0
4802	1 0 0
4803	0 0 1
4804	0 1 0
4805	0 1 0
4806	0 0 1
4807	0 1 0
4808	0 1 0
4809	1 0 0
4810	0 1 0
4811	0 1 0
4812	0 0 1
4813	0 0 1
4814	0 1 0
4815	0 1 0
4816	0 0 1
4817	0 0 1
4818	1 0 0
4819	0 0 1
4820	0 1 0
4821	0 0 1
4822	0 0 1
4823	0 1 0
4824	0 1 0
4825	1 0 0
4826	0 1 0
4827	0 1 0
4828	0 0 1
4829	1 0 0
4830	0 0 1
4831	0 0 1
4832	0 1 0
4833	0 1 0
4834	0 1 0
4835	1 0 0
4836	1 0 0
4837	0 1 0
4838	0 0 1
4839	0 0 1
4840	1 0 0
4841	0 0 1
4842	1 0 0
4843	0 1 0
4844	1 0 0
4845	0 0 1
4846	1 0 0
4847	0 0 1
4848	1 0 0
4849	0 0 1
4850	0 0 1
4851	0 1 0
4852	1 0 0
4853	1 0 0
4854	0 0 1
4855	0 0 1
4856	0 0 1
4857	0 0 1
4858	1 0 0
4859	1 0 0
4860	0 0 1
4861	0 0 1
4862	0 1 0
4863	0 1 0
4864	0 1 0
4865	1 0 0
4866	0 1 0
4867	0 0 1
4868	0 0 1
4869	0 0 1
4870	0 1 0
4871	0 1 0
4872	1 0 0
4873	1 0 0
4874	1 0 0
4875	0 0 1
4876	0 1 0
4877	0 0 1
4878	1 0 0
4879	1 0 0
4880	1 0 0
4881	1 0 0
4882	0 0 1
4883	0 0 1
4884	1 0 0
4885	1 0 0
4886	1 0 0
4887	1 0 0
4888	0 0 1
4889	0 1 0
4890	0 1 0
4891	0 1 0
4892	1 0 0
4893	0 1 0
4894	1 0 0
4895	1 0 0
4896	0 0 1
4897	0 1 0
4898	0 0 1
4899	0 0 1
4900	0 1 0
4901	0 1 0
4902	0 0 1
4903	1 0 0
4904	1 0 0
4905	1 0 0
4906	0 1 0
4907	0 1 0
4908	1 0 0
4909	0 0 1
4910	1 0 0
4911	0 1 0
4912	0 1 0
4913	1 0 0
4914	0 1 0
4915	1 0 0
4916	1 0 0
4917	0 0 1
4918	1 0 0
4919	1 0 0
4920	0 0 1
4921	1 0 0
4922	0 1 0
4923	0 0 1
4924	1 0 0
4925	0 1 0
4926	0 1 0
4927	1 0 0
4928	1 0 0
4929	1 0 0
4930	1 0 0
4931	0 0 1
4932	0 1 0
4933	0 0 1
4934	0 0 1
4935	0 1 0
4936	0 0 1
4937	1 0 0
4938	0 0 1
4939	0 0 1
4940	0 0 1
4941	0 1 0
4942	0 1 0
4943	0 1 0
4944	1 0 0
4945	0 1 0
4946	0 1 0
4947	0 1 0
4948	0 1 0
4949	0 0 1
4950	0 1 0
4951	0 1 0
4952	1 0 0
4953	0 0 1
4954	1 0 0
4955	1 0 0
4956	1 0 0
4957	0 0 1
4958	0 0 1
4959	1 0 0
4960	0 0 1
4961	1 0 0
4962	1 0 0
4963	1 0 0
4964	1 0 0
4965	0 1 0
4966	0 1 0
4967	0 1 0
4968	1 0 0
4969	0 1 0
4970	0 0 1
4971	1 0 0
4972	0 0 1
4973	1 0 0
4974	0 1 0
4975	1 0 0
4976	0 0 1
4977	0 1 0
4978	1 0 0
4979	1 0 0
4980	1 0 0
4981	1 0 0
4982	0 0 1
4983	0 0 1
4984	0 1 0
4985	1 0 0
4986	1 0 0
4987	0 0 1
4988	0 0 1
4989	1 0 0
4990	1 0 0
4991	0 0 1
4992	0 0 1
4993	0 1 0
4994	0 0 1
4995	1 0 0
4996	1 0 0
4997	1 0 0
4998	1 0 0
4999	0 0 1
