0	0 0 1
1	0 0 1
2	0 0 1
3	1 0 0
4	0 0 1
5	1 0 0
6	0 1 0
7	0 1 0
8	0 1 0
9	0 0 1
10	0 0 1
11	1 0 0
12	0 1 0
13	0 0 1
14	0 0 1
15	0 0 1
16	0 0 1
17	0 0 1
18	1 0 0
19	0 0 1
20	0 0 1
21	0 0 1
22	0 0 1
23	0 0 1
24	1 0 0
25	1 0 0
26	0 0 1
27	0 1 0
28	0 0 1
29	1 0 0
30	0 1 0
31	0 0 1
32	1 0 0
33	0 0 1
34	1 0 0
35	0 0 1
36	1 0 0
37	1 0 0
38	0 1 0
39	1 0 0
40	0 0 1
41	0 1 0
42	1 0 0
43	0 0 1
44	0 0 1
45	0 0 1
46	0 0 1
47	0 1 0
48	1 0 0
49	0 1 0
50	1 0 0
51	0 0 1
52	0 0 1
53	1 0 0
54	0 1 0
55	0 0 1
56	1 0 0
57	0 1 0
58	0 0 1
59	1 0 0
60	1 0 0
61	1 0 0
62	0 1 0
63	1 0 0
64	0 0 1
65	0 0 1
66	1 0 0
67	1 0 0
68	1 0 0
69	0 0 1
70	0 0 1
71	0 0 1
72	0 0 1
73	1 0 0
74	1 0 0
75	0 0 1
76	0 0 1
77	0 1 0
78	0 0 1
79	0 1 0
80	1 0 0
81	0 1 0
82	0 0 1
83	0 0 1
84	0 0 1
85	1 0 0
86	0 0 1
87	0 1 0
88	1 0 0
89	0 0 1
90	0 0 1
91	1 0 0
92	0 1 0
93	0 1 0
94	1 0 0
95	0 1 0
96	0 1 0
97	0 1 0
98	0 1 0
99	0 1 0
100	1 0 0
101	1 0 0
102	0 1 0
103	0 0 1
104	0 1 0
105	0 1 0
106	0 0 1
107	0 1 0
108	0 1 0
109	1 0 0
110	0 0 1
111	0 0 1
112	1 0 0
113	1 0 0
114	0 1 0
115	1 0 0
116	1 0 0
117	0 1 0
118	0 0 1
119	1 0 0
120	0 0 1
121	0 0 1
122	0 0 1
123	0 0 1
124	1 0 0
125	0 0 1
126	1 0 0
127	0 1 0
128	0 0 1
129	1 0 0
130	0 0 1
131	0 0 1
132	0 0 1
133	0 1 0
134	1 0 0
135	0 0 1
136	1 0 0
137	0 0 1
138	0 0 1
139	0 0 1
140	1 0 0
141	0 0 1
142	1 0 0
143	1 0 0
144	0 1 0
145	0 0 1
146	0 1 0
147	1 0 0
148	1 0 0
149	0 0 1
150	0 1 0
151	0 0 1
152	0 1 0
153	0 0 1
154	0 0 1
155	0 1 0
156	0 1 0
157	0 1 0
158	0 0 1
159	1 0 0
160	0 0 1
161	0 0 1
162	0 0 1
163	0 1 0
164	0 1 0
165	0 0 1
166	1 0 0
167	0 0 1
168	0 0 1
169	0 1 0
170	0 1 0
171	0 0 1
172	0 0 1
173	0 1 0
174	1 0 0
175	0 0 1
176	0 1 0
177	0 0 1
178	1 0 0
179	1 0 0
180	0 1 0
181	1 0 0
182	0 0 1
183	1 0 0
184	1 0 0
185	1 0 0
186	0 0 1
187	0 0 1
188	0 0 1
189	0 0 1
190	0 1 0
191	1 0 0
192	0 0 1
193	0 1 0
194	0 1 0
195	0 0 1
196	0 0 1
197	1 0 0
198	1 0 0
199	1 0 0
200	0 0 1
201	1 0 0
202	0 1 0
203	1 0 0
204	1 0 0
205	0 1 0
206	0 1 0
207	0 0 1
208	1 0 0
209	0 0 1
210	0 0 1
211	1 0 0
212	0 1 0
213	0 0 1
214	0 0 1
215	1 0 0
216	1 0 0
217	0 1 0
218	0 0 1
219	1 0 0
220	0 0 1
221	0 0 1
222	0 1 0
223	1 0 0
224	0 0 1
225	1 0 0
226	0 0 1
227	0 0 1
228	0 1 0
229	0 0 1
230	1 0 0
231	1 0 0
232	1 0 0
233	0 0 1
234	0 0 1
235	0 1 0
236	0 1 0
237	0 0 1
238	1 0 0
239	0 0 1
240	1 0 0
241	0 1 0
242	0 0 1
243	0 1 0
244	0 0 1
245	0 0 1
246	1 0 0
247	0 0 1
248	0 1 0
249	0 0 1
250	1 0 0
251	0 0 1
252	0 1 0
253	0 1 0
254	0 0 1
255	0 0 1
256	0 1 0
257	1 0 0
258	1 0 0
259	0 1 0
260	0 1 0
261	0 0 1
262	1 0 0
263	0 0 1
264	0 0 1
265	1 0 0
266	1 0 0
267	1 0 0
268	0 0 1
269	1 0 0
270	0 0 1
271	0 1 0
272	0 0 1
273	0 1 0
274	0 0 1
275	0 1 0
276	1 0 0
277	0 0 1
278	0 0 1
279	0 0 1
280	0 1 0
281	0 0 1
282	0 0 1
283	0 0 1
284	0 0 1
285	0 0 1
286	0 0 1
287	1 0 0
288	0 0 1
289	1 0 0
290	0 1 0
291	0 0 1
292	0 0 1
293	0 1 0
294	1 0 0
295	1 0 0
296	1 0 0
297	1 0 0
298	0 1 0
299	1 0 0
300	0 1 0
301	0 1 0
302	1 0 0
303	1 0 0
304	0 0 1
305	0 1 0
306	0 0 1
307	0 1 0
308	0 1 0
309	0 1 0
310	0 0 1
311	1 0 0
312	1 0 0
313	0 1 0
314	0 1 0
315	0 1 0
316	1 0 0
317	0 1 0
318	0 0 1
319	0 1 0
320	0 0 1
321	0 1 0
322	1 0 0
323	1 0 0
324	0 1 0
325	0 0 1
326	1 0 0
327	0 0 1
328	0 0 1
329	0 1 0
330	0 0 1
331	1 0 0
332	1 0 0
333	0 0 1
334	1 0 0
335	1 0 0
336	0 1 0
337	0 1 0
338	0 0 1
339	1 0 0
340	1 0 0
341	1 0 0
342	0 0 1
343	0 0 1
344	1 0 0
345	0 1 0
346	0 0 1
347	0 1 0
348	0 0 1
349	0 1 0
350	0 1 0
351	0 0 1
352	0 0 1
353	1 0 0
354	0 0 1
355	0 1 0
356	1 0 0
357	0 1 0
358	0 0 1
359	1 0 0
360	1 0 0
361	1 0 0
362	0 0 1
363	1 0 0
364	0 0 1
365	1 0 0
366	0 1 0
367	1 0 0
368	1 0 0
369	0 1 0
370	0 1 0
371	0 1 0
372	0 0 1
373	1 0 0
374	0 0 1
375	0 1 0
376	1 0 0
377	0 0 1
378	1 0 0
379	0 0 1
380	0 1 0
381	1 0 0
382	1 0 0
383	0 1 0
384	1 0 0
385	1 0 0
386	0 1 0
387	0 0 1
388	0 1 0
389	0 0 1
390	0 0 1
391	1 0 0
392	1 0 0
393	0 0 1
394	0 1 0
395	1 0 0
396	0 1 0
397	0 1 0
398	0 1 0
399	0 0 1
400	0 0 1
401	0 1 0
402	1 0 0
403	1 0 0
404	0 1 0
405	0 0 1
406	1 0 0
407	1 0 0
408	0 1 0
409	0 1 0
410	1 0 0
411	1 0 0
412	0 0 1
413	0 0 1
414	0 0 1
415	1 0 0
416	0 0 1
417	0 0 1
418	1 0 0
419	0 1 0
420	1 0 0
421	0 0 1
422	0 0 1
423	0 0 1
424	0 0 1
425	0 1 0
426	0 1 0
427	0 0 1
428	0 1 0
429	0 0 1
430	0 1 0
431	1 0 0
432	0 0 1
433	0 1 0
434	0 1 0
435	0 1 0
436	0 1 0
437	0 0 1
438	0 1 0
439	0 0 1
440	0 1 0
441	0 0 1
442	1 0 0
443	1 0 0
444	0 1 0
445	0 0 1
446	0 1 0
447	1 0 0
448	0 0 1
449	0 1 0
450	1 0 0
451	0 0 1
452	0 0 1
453	0 1 0
454	1 0 0
455	1 0 0
456	0 1 0
457	0 1 0
458	0 0 1
459	1 0 0
460	1 0 0
461	1 0 0
462	0 0 1
463	1 0 0
464	0 1 0
465	0 1 0
466	1 0 0
467	1 0 0
468	1 0 0
469	1 0 0
470	0 0 1
471	1 0 0
472	0 1 0
473	0 1 0
474	0 1 0
475	1 0 0
476	0 0 1
477	1 0 0
478	1 0 0
479	1 0 0
480	1 0 0
481	0 1 0
482	1 0 0
483	0 0 1
484	0 1 0
485	0 1 0
486	0 0 1
487	1 0 0
488	0 0 1
489	0 1 0
490	0 1 0
491	0 1 0
492	0 0 1
493	0 1 0
494	1 0 0
495	1 0 0
496	0 0 1
497	0 0 1
498	1 0 0
499	0 1 0
500	1 0 0
501	0 0 1
502	0 0 1
503	0 0 1
504	1 0 0
505	0 0 1
506	1 0 0
507	0 0 1
508	1 0 0
509	1 0 0
510	0 1 0
511	0 1 0
512	0 0 1
513	1 0 0
514	0 1 0
515	1 0 0
516	1 0 0
517	0 1 0
518	0 1 0
519	0 0 1
520	0 1 0
521	0 1 0
522	0 1 0
523	1 0 0
524	0 1 0
525	0 0 1
526	0 1 0
527	0 1 0
528	0 0 1
529	0 0 1
530	1 0 0
531	0 1 0
532	0 0 1
533	0 0 1
534	0 0 1
535	1 0 0
536	1 0 0
537	0 1 0
538	0 0 1
539	1 0 0
540	0 1 0
541	1 0 0
542	0 1 0
543	0 0 1
544	0 0 1
545	0 1 0
546	1 0 0
547	0 0 1
548	0 1 0
549	0 0 1
550	1 0 0
551	1 0 0
552	0 1 0
553	1 0 0
554	1 0 0
555	0 1 0
556	0 0 1
557	1 0 0
558	0 0 1
559	1 0 0
560	1 0 0
561	0 0 1
562	0 1 0
563	0 1 0
564	0 0 1
565	0 0 1
566	1 0 0
567	0 0 1
568	1 0 0
569	1 0 0
570	0 1 0
571	0 0 1
572	0 0 1
573	0 0 1
574	0 0 1
575	0 0 1
576	0 0 1
577	0 0 1
578	0 0 1
579	1 0 0
580	0 1 0
581	1 0 0
582	0 1 0
583	0 1 0
584	1 0 0
585	0 0 1
586	0 0 1
587	0 1 0
588	1 0 0
589	0 1 0
590	0 0 1
591	1 0 0
592	0 1 0
593	0 0 1
594	0 1 0
595	0 0 1
596	0 0 1
597	0 0 1
598	0 1 0
599	1 0 0
600	1 0 0
601	1 0 0
602	0 1 0
603	0 0 1
604	0 0 1
605	0 1 0
606	0 1 0
607	0 1 0
608	1 0 0
609	0 0 1
610	0 1 0
611	0 1 0
612	0 0 1
613	0 1 0
614	0 1 0
615	0 0 1
616	0 0 1
617	0 0 1
618	0 1 0
619	1 0 0
620	0 0 1
621	0 0 1
622	0 1 0
623	0 1 0
624	0 0 1
625	0 0 1
626	0 0 1
627	0 0 1
628	0 0 1
629	0 1 0
630	0 1 0
631	1 0 0
632	0 1 0
633	1 0 0
634	0 1 0
635	0 0 1
636	1 0 0
637	0 1 0
638	1 0 0
639	0 0 1
640	0 0 1
641	0 1 0
642	1 0 0
643	0 0 1
644	1 0 0
645	0 0 1
646	0 1 0
647	1 0 0
648	1 0 0
649	0 1 0
650	0 1 0
651	1 0 0
652	1 0 0
653	0 1 0
654	0 1 0
655	0 0 1
656	0 0 1
657	0 1 0
658	0 1 0
659	0 0 1
660	0 1 0
661	0 0 1
662	0 0 1
663	1 0 0
664	1 0 0
665	1 0 0
666	0 1 0
667	0 0 1
668	1 0 0
669	0 1 0
670	0 0 1
671	0 1 0
672	0 1 0
673	0 1 0
674	0 0 1
675	0 1 0
676	0 0 1
677	0 0 1
678	1 0 0
679	0 1 0
680	0 1 0
681	0 0 1
682	0 0 1
683	1 0 0
684	0 0 1
685	0 0 1
686	1 0 0
687	0 0 1
688	0 0 1
689	0 1 0
690	1 0 0
691	0 0 1
692	0 1 0
693	0 1 0
694	0 1 0
695	0 1 0
696	0 0 1
697	1 0 0
698	0 1 0
699	0 0 1
700	1 0 0
701	0 1 0
702	0 1 0
703	1 0 0
704	1 0 0
705	0 0 1
706	1 0 0
707	0 0 1
708	0 0 1
709	1 0 0
710	0 1 0
711	1 0 0
712	0 1 0
713	1 0 0
714	0 0 1
715	0 1 0
716	0 0 1
717	0 0 1
718	1 0 0
719	0 1 0
720	0 1 0
721	1 0 0
722	0 1 0
723	0 1 0
724	1 0 0
725	0 0 1
726	1 0 0
727	0 1 0
728	1 0 0
729	1 0 0
730	0 1 0
731	0 0 1
732	1 0 0
733	0 0 1
734	0 0 1
735	0 1 0
736	0 0 1
737	0 0 1
738	1 0 0
739	0 1 0
740	0 1 0
741	0 0 1
742	0 0 1
743	0 0 1
744	0 1 0
745	0 0 1
746	0 0 1
747	0 1 0
748	0 0 1
749	1 0 0
750	1 0 0
751	0 0 1
752	1 0 0
753	1 0 0
754	1 0 0
755	0 1 0
756	0 1 0
757	1 0 0
758	0 0 1
759	0 0 1
760	1 0 0
761	1 0 0
762	0 0 1
763	0 0 1
764	0 1 0
765	1 0 0
766	0 1 0
767	0 0 1
768	1 0 0
769	1 0 0
770	0 0 1
771	0 0 1
772	1 0 0
773	0 1 0
774	0 1 0
775	1 0 0
776	0 1 0
777	0 0 1
778	0 1 0
779	0 1 0
780	0 0 1
781	1 0 0
782	0 1 0
783	0 1 0
784	1 0 0
785	0 0 1
786	0 0 1
787	0 0 1
788	0 1 0
789	0 0 1
790	1 0 0
791	0 0 1
792	0 1 0
793	0 1 0
794	0 1 0
795	0 0 1
796	0 0 1
797	0 0 1
798	0 0 1
799	0 0 1
800	1 0 0
801	0 1 0
802	1 0 0
803	0 0 1
804	0 0 1
805	0 0 1
806	0 1 0
807	0 0 1
808	0 0 1
809	0 1 0
810	1 0 0
811	0 0 1
812	1 0 0
813	0 1 0
814	0 1 0
815	1 0 0
816	0 1 0
817	1 0 0
818	0 0 1
819	0 1 0
820	1 0 0
821	0 0 1
822	1 0 0
823	1 0 0
824	0 1 0
825	0 0 1
826	1 0 0
827	0 1 0
828	0 0 1
829	0 1 0
830	0 0 1
831	0 0 1
832	1 0 0
833	1 0 0
834	1 0 0
835	0 0 1
836	1 0 0
837	0 0 1
838	0 1 0
839	0 0 1
840	1 0 0
841	0 0 1
842	1 0 0
843	1 0 0
844	0 1 0
845	1 0 0
846	1 0 0
847	0 0 1
848	0 0 1
849	1 0 0
850	0 0 1
851	0 1 0
852	1 0 0
853	1 0 0
854	0 1 0
855	0 1 0
856	0 0 1
857	0 1 0
858	0 1 0
859	0 1 0
860	0 1 0
861	0 0 1
862	1 0 0
863	0 1 0
864	0 0 1
865	1 0 0
866	0 1 0
867	0 1 0
868	0 0 1
869	1 0 0
870	0 1 0
871	0 0 1
872	0 0 1
873	0 1 0
874	0 1 0
875	0 0 1
876	1 0 0
877	0 0 1
878	1 0 0
879	0 1 0
880	0 0 1
881	0 0 1
882	0 0 1
883	0 0 1
884	0 1 0
885	0 1 0
886	1 0 0
887	0 0 1
888	0 1 0
889	1 0 0
890	0 1 0
891	1 0 0
892	1 0 0
893	0 0 1
894	0 0 1
895	0 0 1
896	1 0 0
897	0 0 1
898	0 0 1
899	0 1 0
900	1 0 0
901	1 0 0
902	0 0 1
903	0 0 1
904	0 1 0
905	0 1 0
906	0 0 1
907	0 1 0
908	0 1 0
909	0 1 0
910	0 0 1
911	0 1 0
912	0 0 1
913	1 0 0
914	0 0 1
915	1 0 0
916	0 1 0
917	0 1 0
918	0 1 0
919	0 1 0
920	0 0 1
921	0 1 0
922	0 0 1
923	0 0 1
924	0 0 1
925	0 0 1
926	0 1 0
927	1 0 0
928	0 0 1
929	0 0 1
930	0 0 1
931	0 0 1
932	1 0 0
933	1 0 0
934	1 0 0
935	1 0 0
936	0 1 0
937	0 1 0
938	1 0 0
939	0 1 0
940	0 0 1
941	0 1 0
942	1 0 0
943	0 0 1
944	0 0 1
945	0 1 0
946	0 1 0
947	1 0 0
948	0 0 1
949	0 1 0
950	0 1 0
951	1 0 0
952	0 0 1
953	1 0 0
954	0 1 0
955	1 0 0
956	1 0 0
957	1 0 0
958	0 0 1
959	0 0 1
960	0 0 1
961	0 1 0
962	0 1 0
963	0 0 1
964	1 0 0
965	1 0 0
966	1 0 0
967	0 0 1
968	1 0 0
969	0 1 0
970	0 1 0
971	1 0 0
972	1 0 0
973	0 1 0
974	0 0 1
975	0 0 1
976	0 1 0
977	1 0 0
978	1 0 0
979	0 1 0
980	0 0 1
981	1 0 0
982	1 0 0
983	0 1 0
984	1 0 0
985	0 1 0
986	1 0 0
987	1 0 0
988	0 1 0
989	1 0 0
990	1 0 0
991	0 1 0
992	1 0 0
993	0 0 1
994	0 0 1
995	1 0 0
996	1 0 0
997	0 0 1
998	0 1 0
999	0 0 1
1000	0 1 0
1001	0 0 1
1002	1 0 0
1003	1 0 0
1004	0 0 1
1005	1 0 0
1006	1 0 0
1007	1 0 0
1008	1 0 0
1009	0 0 1
1010	0 0 1
1011	0 0 1
1012	1 0 0
1013	1 0 0
1014	0 1 0
1015	0 0 1
1016	0 0 1
1017	0 0 1
1018	0 0 1
1019	1 0 0
1020	0 0 1
1021	0 0 1
1022	0 1 0
1023	0 0 1
1024	0 1 0
1025	1 0 0
1026	1 0 0
1027	0 0 1
1028	1 0 0
1029	1 0 0
1030	0 0 1
1031	0 1 0
1032	0 1 0
1033	1 0 0
1034	0 1 0
1035	0 1 0
1036	0 1 0
1037	0 1 0
1038	1 0 0
1039	0 1 0
1040	1 0 0
1041	1 0 0
1042	1 0 0
1043	0 1 0
1044	1 0 0
1045	0 1 0
1046	1 0 0
1047	1 0 0
1048	0 1 0
1049	0 0 1
1050	1 0 0
1051	1 0 0
1052	0 0 1
1053	0 0 1
1054	1 0 0
1055	0 1 0
1056	0 0 1
1057	0 1 0
1058	1 0 0
1059	0 0 1
1060	1 0 0
1061	1 0 0
1062	0 0 1
1063	0 0 1
1064	0 0 1
1065	1 0 0
1066	1 0 0
1067	0 0 1
1068	1 0 0
1069	0 0 1
1070	0 0 1
1071	0 0 1
1072	0 1 0
1073	0 0 1
1074	0 1 0
1075	0 0 1
1076	0 0 1
1077	1 0 0
1078	0 1 0
1079	0 0 1
1080	1 0 0
1081	1 0 0
1082	1 0 0
1083	0 1 0
1084	1 0 0
1085	1 0 0
1086	0 0 1
1087	0 1 0
1088	0 1 0
1089	1 0 0
1090	0 1 0
1091	0 1 0
1092	1 0 0
1093	0 1 0
1094	0 1 0
1095	1 0 0
1096	1 0 0
1097	0 1 0
1098	0 0 1
1099	0 0 1
1100	0 0 1
1101	0 0 1
1102	0 0 1
1103	0 0 1
1104	0 1 0
1105	0 0 1
1106	0 1 0
1107	0 0 1
1108	0 1 0
1109	1 0 0
1110	0 1 0
1111	0 0 1
1112	1 0 0
1113	0 1 0
1114	0 1 0
1115	0 1 0
1116	0 0 1
1117	0 1 0
1118	0 1 0
1119	1 0 0
1120	0 0 1
1121	1 0 0
1122	0 0 1
1123	0 0 1
1124	0 0 1
1125	0 0 1
1126	1 0 0
1127	0 1 0
1128	1 0 0
1129	0 0 1
1130	0 0 1
1131	0 0 1
1132	1 0 0
1133	0 0 1
1134	1 0 0
1135	0 1 0
1136	1 0 0
1137	0 1 0
1138	0 0 1
1139	0 0 1
1140	0 1 0
1141	0 1 0
1142	0 1 0
1143	0 0 1
1144	0 0 1
1145	0 0 1
1146	0 1 0
1147	1 0 0
1148	0 0 1
1149	1 0 0
1150	1 0 0
1151	1 0 0
1152	0 0 1
1153	0 0 1
1154	0 0 1
1155	0 0 1
1156	0 1 0
1157	0 0 1
1158	1 0 0
1159	1 0 0
1160	0 1 0
1161	1 0 0
1162	0 0 1
1163	0 1 0
1164	0 1 0
1165	1 0 0
1166	1 0 0
1167	0 1 0
1168	0 1 0
1169	1 0 0
1170	1 0 0
1171	1 0 0
1172	1 0 0
1173	0 1 0
1174	0 1 0
1175	0 1 0
1176	1 0 0
1177	0 1 0
1178	0 0 1
1179	0 0 1
1180	0 1 0
1181	0 1 0
1182	0 1 0
1183	0 1 0
1184	0 0 1
1185	1 0 0
1186	1 0 0
1187	1 0 0
1188	0 0 1
1189	1 0 0
1190	1 0 0
1191	0 0 1
1192	1 0 0
1193	0 1 0
1194	0 0 1
1195	1 0 0
1196	1 0 0
1197	1 0 0
1198	0 1 0
1199	0 1 0
1200	1 0 0
1201	0 1 0
1202	0 1 0
1203	0 1 0
1204	0 0 1
1205	0 1 0
1206	0 0 1
1207	0 0 1
1208	0 0 1
1209	1 0 0
1210	0 0 1
1211	0 0 1
1212	1 0 0
1213	0 0 1
1214	0 1 0
1215	0 0 1
1216	0 0 1
1217	0 0 1
1218	1 0 0
1219	0 0 1
1220	1 0 0
1221	1 0 0
1222	0 0 1
1223	1 0 0
1224	1 0 0
1225	1 0 0
1226	0 0 1
1227	0 1 0
1228	0 0 1
1229	0 0 1
1230	1 0 0
1231	0 1 0
1232	0 0 1
1233	1 0 0
1234	0 1 0
1235	0 0 1
1236	1 0 0
1237	0 0 1
1238	0 0 1
1239	0 1 0
1240	0 0 1
1241	0 0 1
1242	1 0 0
1243	0 0 1
1244	1 0 0
1245	1 0 0
1246	0 0 1
1247	0 1 0
1248	0 1 0
1249	0 1 0
1250	0 0 1
1251	0 0 1
1252	0 1 0
1253	0 0 1
1254	1 0 0
1255	0 1 0
1256	0 1 0
1257	0 0 1
1258	0 0 1
1259	1 0 0
1260	1 0 0
1261	1 0 0
1262	0 0 1
1263	0 0 1
1264	1 0 0
1265	1 0 0
1266	0 1 0
1267	0 0 1
1268	0 0 1
1269	0 0 1
1270	0 1 0
1271	1 0 0
1272	0 1 0
1273	1 0 0
1274	0 0 1
1275	0 0 1
1276	0 1 0
1277	0 0 1
1278	0 0 1
1279	1 0 0
1280	0 1 0
1281	1 0 0
1282	0 0 1
1283	0 1 0
1284	0 0 1
1285	0 0 1
1286	1 0 0
1287	0 0 1
1288	0 1 0
1289	0 0 1
1290	0 1 0
1291	0 1 0
1292	0 0 1
1293	0 1 0
1294	1 0 0
1295	0 0 1
1296	1 0 0
1297	0 1 0
1298	1 0 0
1299	0 0 1
1300	0 1 0
1301	1 0 0
1302	0 0 1
1303	0 1 0
1304	0 0 1
1305	0 0 1
1306	0 1 0
1307	1 0 0
1308	1 0 0
1309	0 0 1
1310	0 1 0
1311	1 0 0
1312	0 1 0
1313	1 0 0
1314	1 0 0
1315	0 1 0
1316	1 0 0
1317	1 0 0
1318	1 0 0
1319	0 0 1
1320	0 1 0
1321	0 1 0
1322	0 0 1
1323	0 0 1
1324	0 1 0
1325	0 0 1
1326	0 0 1
1327	1 0 0
1328	0 0 1
1329	0 1 0
1330	1 0 0
1331	0 0 1
1332	1 0 0
1333	0 1 0
1334	0 0 1
1335	0 1 0
1336	0 0 1
1337	0 0 1
1338	1 0 0
1339	1 0 0
1340	0 1 0
1341	1 0 0
1342	0 1 0
1343	1 0 0
1344	0 0 1
1345	0 0 1
1346	1 0 0
1347	0 1 0
1348	0 0 1
1349	0 0 1
1350	0 1 0
1351	0 0 1
1352	0 1 0
1353	1 0 0
1354	1 0 0
1355	1 0 0
1356	0 1 0
1357	1 0 0
1358	0 0 1
1359	0 1 0
1360	0 1 0
1361	0 0 1
1362	0 1 0
1363	0 1 0
1364	0 0 1
1365	0 1 0
1366	1 0 0
1367	1 0 0
1368	0 1 0
1369	1 0 0
1370	0 0 1
1371	0 1 0
1372	0 1 0
1373	0 1 0
1374	1 0 0
1375	1 0 0
1376	0 1 0
1377	1 0 0
1378	0 1 0
1379	1 0 0
1380	1 0 0
1381	0 0 1
1382	0 1 0
1383	1 0 0
1384	1 0 0
1385	0 1 0
1386	0 1 0
1387	0 1 0
1388	0 1 0
1389	0 0 1
1390	0 1 0
1391	1 0 0
1392	1 0 0
1393	0 1 0
1394	0 0 1
1395	0 1 0
1396	0 1 0
1397	0 1 0
1398	0 1 0
1399	1 0 0
1400	0 1 0
1401	0 0 1
1402	1 0 0
1403	1 0 0
1404	0 1 0
1405	1 0 0
1406	0 0 1
1407	1 0 0
1408	0 0 1
1409	0 1 0
1410	1 0 0
1411	0 0 1
1412	0 0 1
1413	1 0 0
1414	0 1 0
1415	0 0 1
1416	0 1 0
1417	0 1 0
1418	0 1 0
1419	0 0 1
1420	1 0 0
1421	1 0 0
1422	0 1 0
1423	1 0 0
1424	0 1 0
1425	0 1 0
1426	0 0 1
1427	0 1 0
1428	0 0 1
1429	0 1 0
1430	1 0 0
1431	1 0 0
1432	0 0 1
1433	0 1 0
1434	1 0 0
1435	0 0 1
1436	1 0 0
1437	1 0 0
1438	0 0 1
1439	1 0 0
1440	0 1 0
1441	0 1 0
1442	0 0 1
1443	1 0 0
1444	1 0 0
1445	0 1 0
1446	0 1 0
1447	0 1 0
1448	0 0 1
1449	0 1 0
1450	1 0 0
1451	1 0 0
1452	0 0 1
1453	1 0 0
1454	0 1 0
1455	0 0 1
1456	0 0 1
1457	1 0 0
1458	0 1 0
1459	0 0 1
1460	0 1 0
1461	1 0 0
1462	0 1 0
1463	1 0 0
1464	0 0 1
1465	0 0 1
1466	0 0 1
1467	1 0 0
1468	1 0 0
1469	0 0 1
1470	1 0 0
1471	1 0 0
1472	1 0 0
1473	0 0 1
1474	0 1 0
1475	1 0 0
1476	1 0 0
1477	0 0 1
1478	0 0 1
1479	0 0 1
1480	0 0 1
1481	0 0 1
1482	0 0 1
1483	1 0 0
1484	0 0 1
1485	1 0 0
1486	0 1 0
1487	0 0 1
1488	0 1 0
1489	1 0 0
1490	0 1 0
1491	0 1 0
1492	1 0 0
1493	1 0 0
1494	0 1 0
1495	0 1 0
1496	1 0 0
1497	0 0 1
1498	0 1 0
1499	1 0 0
1500	0 0 1
1501	0 1 0
1502	0 1 0
1503	0 1 0
1504	0 1 0
1505	0 0 1
1506	0 0 1
1507	0 0 1
1508	0 0 1
1509	0 1 0
1510	0 1 0
1511	0 0 1
1512	0 1 0
1513	0 1 0
1514	0 0 1
1515	0 1 0
1516	0 0 1
1517	0 1 0
1518	0 0 1
1519	1 0 0
1520	1 0 0
1521	0 1 0
1522	1 0 0
1523	1 0 0
1524	0 0 1
1525	0 1 0
1526	0 0 1
1527	1 0 0
1528	0 1 0
1529	0 1 0
1530	0 1 0
1531	0 0 1
1532	1 0 0
1533	0 0 1
1534	0 0 1
1535	0 1 0
1536	1 0 0
1537	0 0 1
1538	0 0 1
1539	0 0 1
1540	0 0 1
1541	1 0 0
1542	0 0 1
1543	1 0 0
1544	0 1 0
1545	0 0 1
1546	0 0 1
1547	1 0 0
1548	0 1 0
1549	0 1 0
1550	0 1 0
1551	0 0 1
1552	0 0 1
1553	0 0 1
1554	0 1 0
1555	1 0 0
1556	0 0 1
1557	0 0 1
1558	1 0 0
1559	0 1 0
1560	1 0 0
1561	0 1 0
1562	0 0 1
1563	0 1 0
1564	0 1 0
1565	0 1 0
1566	1 0 0
1567	1 0 0
1568	0 1 0
1569	1 0 0
1570	0 0 1
1571	0 1 0
1572	0 1 0
1573	0 1 0
1574	1 0 0
1575	0 1 0
1576	1 0 0
1577	0 1 0
1578	1 0 0
1579	0 0 1
1580	1 0 0
1581	1 0 0
1582	0 1 0
1583	0 0 1
1584	1 0 0
1585	1 0 0
1586	0 0 1
1587	0 1 0
1588	1 0 0
1589	0 1 0
1590	0 0 1
1591	0 1 0
1592	0 1 0
1593	0 0 1
1594	1 0 0
1595	0 1 0
1596	1 0 0
1597	1 0 0
1598	0 0 1
1599	0 0 1
1600	0 0 1
1601	0 0 1
1602	0 1 0
1603	0 1 0
1604	0 1 0
1605	1 0 0
1606	1 0 0
1607	1 0 0
1608	0 1 0
1609	1 0 0
1610	1 0 0
1611	0 0 1
1612	0 0 1
1613	1 0 0
1614	0 1 0
1615	0 1 0
1616	0 1 0
1617	1 0 0
1618	0 0 1
1619	0 1 0
1620	0 1 0
1621	0 1 0
1622	1 0 0
1623	0 0 1
1624	0 0 1
1625	0 0 1
1626	1 0 0
1627	0 1 0
1628	0 0 1
1629	0 0 1
1630	1 0 0
1631	0 0 1
1632	0 0 1
1633	0 0 1
1634	0 0 1
1635	0 1 0
1636	0 1 0
1637	1 0 0
1638	0 0 1
1639	0 1 0
1640	0 0 1
1641	0 1 0
1642	1 0 0
1643	0 1 0
1644	1 0 0
1645	1 0 0
1646	0 0 1
1647	1 0 0
1648	0 0 1
1649	1 0 0
1650	0 0 1
1651	1 0 0
1652	0 1 0
1653	0 1 0
1654	0 0 1
1655	0 0 1
1656	0 1 0
1657	0 0 1
1658	0 1 0
1659	1 0 0
1660	0 0 1
1661	1 0 0
1662	1 0 0
1663	1 0 0
1664	0 0 1
1665	1 0 0
1666	0 1 0
1667	1 0 0
1668	0 0 1
1669	0 1 0
1670	0 0 1
1671	0 1 0
1672	0 0 1
1673	0 0 1
1674	0 0 1
1675	1 0 0
1676	1 0 0
1677	0 0 1
1678	0 0 1
1679	0 0 1
1680	0 0 1
1681	0 1 0
1682	1 0 0
1683	0 1 0
1684	1 0 0
1685	1 0 0
1686	0 1 0
1687	0 1 0
1688	0 1 0
1689	0 0 1
1690	0 0 1
1691	0 0 1
1692	0 1 0
1693	0 0 1
1694	0 1 0
1695	0 1 0
1696	0 1 0
1697	0 0 1
1698	0 1 0
1699	0 1 0
1700	0 1 0
1701	1 0 0
1702	1 0 0
1703	0 0 1
1704	0 1 0
1705	1 0 0
1706	0 1 0
1707	0 1 0
1708	0 1 0
1709	0 0 1
1710	1 0 0
1711	0 0 1
1712	0 0 1
1713	1 0 0
1714	0 1 0
1715	0 1 0
1716	1 0 0
1717	0 1 0
1718	1 0 0
1719	0 1 0
1720	0 1 0
1721	1 0 0
1722	0 0 1
1723	0 0 1
1724	0 1 0
1725	0 0 1
1726	1 0 0
1727	0 0 1
1728	0 0 1
1729	0 0 1
1730	0 0 1
1731	0 1 0
1732	0 1 0
1733	0 1 0
1734	0 0 1
1735	0 0 1
1736	1 0 0
1737	0 1 0
1738	0 0 1
1739	0 1 0
1740	0 1 0
1741	0 0 1
1742	1 0 0
1743	0 1 0
1744	0 1 0
1745	0 1 0
1746	1 0 0
1747	0 0 1
1748	0 0 1
1749	1 0 0
1750	0 1 0
1751	0 0 1
1752	1 0 0
1753	1 0 0
1754	0 0 1
1755	0 1 0
1756	0 0 1
1757	1 0 0
1758	0 1 0
1759	1 0 0
1760	1 0 0
1761	0 0 1
1762	0 0 1
1763	0 1 0
1764	0 1 0
1765	0 0 1
1766	0 1 0
1767	0 0 1
1768	0 1 0
1769	1 0 0
1770	0 0 1
1771	0 0 1
1772	1 0 0
1773	0 0 1
1774	0 0 1
1775	1 0 0
1776	0 1 0
1777	0 1 0
1778	1 0 0
1779	0 0 1
1780	0 1 0
1781	0 0 1
1782	0 1 0
1783	0 1 0
1784	0 0 1
1785	1 0 0
1786	1 0 0
1787	0 0 1
1788	0 1 0
1789	1 0 0
1790	0 0 1
1791	1 0 0
1792	0 1 0
1793	0 1 0
1794	0 0 1
1795	0 0 1
1796	0 0 1
1797	0 0 1
1798	0 0 1
1799	0 1 0
1800	1 0 0
1801	1 0 0
1802	0 1 0
1803	1 0 0
1804	0 0 1
1805	0 0 1
1806	1 0 0
1807	0 1 0
1808	0 1 0
1809	0 0 1
1810	0 1 0
1811	0 0 1
1812	0 0 1
1813	0 0 1
1814	0 0 1
1815	0 1 0
1816	0 1 0
1817	0 1 0
1818	0 1 0
1819	1 0 0
1820	0 0 1
1821	1 0 0
1822	1 0 0
1823	0 0 1
1824	0 1 0
1825	1 0 0
1826	0 1 0
1827	0 0 1
1828	0 0 1
1829	0 1 0
1830	0 1 0
1831	1 0 0
1832	0 0 1
1833	1 0 0
1834	1 0 0
1835	0 0 1
1836	0 1 0
1837	1 0 0
1838	0 0 1
1839	0 1 0
1840	1 0 0
1841	1 0 0
1842	0 0 1
1843	0 1 0
1844	1 0 0
1845	0 0 1
1846	0 0 1
1847	1 0 0
1848	0 1 0
1849	0 0 1
1850	0 0 1
1851	1 0 0
1852	0 1 0
1853	1 0 0
1854	0 0 1
1855	0 1 0
1856	0 1 0
1857	1 0 0
1858	1 0 0
1859	0 0 1
1860	0 1 0
1861	1 0 0
1862	1 0 0
1863	1 0 0
1864	0 1 0
1865	0 0 1
1866	1 0 0
1867	1 0 0
1868	0 0 1
1869	0 1 0
1870	0 1 0
1871	0 1 0
1872	0 1 0
1873	0 1 0
1874	0 1 0
1875	0 1 0
1876	0 1 0
1877	1 0 0
1878	1 0 0
1879	0 0 1
1880	0 0 1
1881	0 1 0
1882	0 1 0
1883	0 0 1
1884	0 0 1
1885	0 0 1
1886	0 1 0
1887	0 1 0
1888	0 0 1
1889	0 1 0
1890	1 0 0
1891	1 0 0
1892	0 0 1
1893	0 0 1
1894	0 1 0
1895	0 1 0
1896	0 1 0
1897	0 0 1
1898	1 0 0
1899	0 0 1
1900	0 1 0
1901	1 0 0
1902	1 0 0
1903	0 0 1
1904	1 0 0
1905	0 0 1
1906	1 0 0
1907	1 0 0
1908	0 0 1
1909	1 0 0
1910	1 0 0
1911	1 0 0
1912	0 1 0
1913	0 0 1
1914	0 0 1
1915	0 1 0
1916	0 1 0
1917	0 0 1
1918	1 0 0
1919	0 1 0
1920	1 0 0
1921	0 0 1
1922	0 1 0
1923	0 0 1
1924	0 1 0
1925	0 1 0
1926	0 0 1
1927	1 0 0
1928	0 1 0
1929	0 0 1
1930	0 1 0
1931	1 0 0
1932	1 0 0
1933	0 0 1
1934	1 0 0
1935	0 0 1
1936	0 1 0
1937	0 1 0
1938	0 0 1
1939	0 1 0
1940	1 0 0
1941	0 0 1
1942	1 0 0
1943	0 1 0
1944	0 0 1
1945	1 0 0
1946	0 0 1
1947	0 1 0
1948	0 1 0
1949	1 0 0
1950	1 0 0
1951	0 1 0
1952	1 0 0
1953	1 0 0
1954	1 0 0
1955	1 0 0
1956	0 0 1
1957	0 1 0
1958	0 1 0
1959	1 0 0
1960	0 1 0
1961	1 0 0
1962	1 0 0
1963	0 1 0
1964	1 0 0
1965	0 0 1
1966	1 0 0
1967	0 0 1
1968	1 0 0
1969	0 1 0
1970	1 0 0
1971	0 1 0
1972	0 0 1
1973	1 0 0
1974	0 0 1
1975	0 0 1
1976	0 0 1
1977	0 0 1
1978	1 0 0
1979	1 0 0
1980	0 1 0
1981	0 1 0
1982	0 0 1
1983	0 1 0
1984	0 0 1
1985	1 0 0
1986	0 0 1
1987	1 0 0
1988	0 0 1
1989	0 0 1
1990	0 1 0
1991	0 1 0
1992	1 0 0
1993	0 1 0
1994	1 0 0
1995	1 0 0
1996	0 1 0
1997	1 0 0
1998	0 1 0
1999	1 0 0
2000	0 1 0
2001	0 0 1
2002	0 0 1
2003	0 0 1
2004	0 1 0
2005	1 0 0
2006	1 0 0
2007	1 0 0
2008	0 1 0
2009	0 1 0
2010	0 0 1
2011	0 1 0
2012	1 0 0
2013	0 0 1
2014	0 0 1
2015	0 1 0
2016	1 0 0
2017	0 0 1
2018	0 0 1
2019	0 1 0
2020	0 1 0
2021	1 0 0
2022	1 0 0
2023	0 0 1
2024	1 0 0
2025	1 0 0
2026	0 0 1
2027	0 0 1
2028	0 0 1
2029	0 0 1
2030	0 0 1
2031	0 1 0
2032	1 0 0
2033	0 1 0
2034	0 0 1
2035	0 0 1
2036	1 0 0
2037	1 0 0
2038	1 0 0
2039	0 1 0
2040	1 0 0
2041	0 0 1
2042	0 1 0
2043	1 0 0
2044	0 1 0
2045	0 1 0
2046	1 0 0
2047	0 1 0
2048	0 0 1
2049	0 1 0
2050	0 1 0
2051	0 0 1
2052	0 0 1
2053	0 1 0
2054	0 1 0
2055	0 0 1
2056	1 0 0
2057	0 0 1
2058	1 0 0
2059	0 1 0
2060	0 0 1
2061	0 1 0
2062	1 0 0
2063	0 1 0
2064	0 0 1
2065	1 0 0
2066	0 0 1
2067	0 0 1
2068	1 0 0
2069	0 0 1
2070	0 1 0
2071	0 1 0
2072	0 0 1
2073	1 0 0
2074	0 0 1
2075	1 0 0
2076	0 0 1
2077	0 0 1
2078	1 0 0
2079	0 0 1
2080	0 1 0
2081	0 0 1
2082	0 0 1
2083	0 0 1
2084	1 0 0
2085	1 0 0
2086	1 0 0
2087	1 0 0
2088	0 1 0
2089	0 0 1
2090	0 0 1
2091	1 0 0
2092	0 0 1
2093	1 0 0
2094	0 1 0
2095	0 1 0
2096	0 0 1
2097	0 0 1
2098	0 0 1
2099	1 0 0
2100	0 1 0
2101	0 0 1
2102	1 0 0
2103	1 0 0
2104	0 0 1
2105	0 1 0
2106	1 0 0
2107	0 0 1
2108	0 0 1
2109	0 0 1
2110	1 0 0
2111	0 1 0
2112	1 0 0
2113	1 0 0
2114	0 0 1
2115	0 1 0
2116	0 0 1
2117	0 1 0
2118	0 1 0
2119	1 0 0
2120	0 1 0
2121	1 0 0
2122	1 0 0
2123	0 1 0
2124	0 0 1
2125	1 0 0
2126	0 0 1
2127	0 0 1
2128	0 1 0
2129	0 0 1
2130	0 1 0
2131	1 0 0
2132	0 0 1
2133	0 0 1
2134	0 1 0
2135	0 0 1
2136	0 1 0
2137	0 0 1
2138	0 1 0
2139	0 1 0
2140	1 0 0
2141	0 1 0
2142	0 0 1
2143	0 1 0
2144	0 0 1
2145	1 0 0
2146	1 0 0
2147	1 0 0
2148	1 0 0
2149	0 0 1
2150	0 1 0
2151	0 1 0
2152	0 1 0
2153	0 0 1
2154	0 1 0
2155	0 0 1
2156	1 0 0
2157	0 1 0
2158	0 1 0
2159	1 0 0
2160	0 0 1
2161	0 0 1
2162	0 0 1
2163	0 0 1
2164	1 0 0
2165	1 0 0
2166	0 1 0
2167	1 0 0
2168	0 0 1
2169	0 0 1
2170	0 1 0
2171	0 0 1
2172	0 1 0
2173	1 0 0
2174	1 0 0
2175	0 1 0
2176	1 0 0
2177	0 1 0
2178	1 0 0
2179	0 1 0
2180	1 0 0
2181	0 0 1
2182	0 1 0
2183	1 0 0
2184	0 0 1
2185	0 0 1
2186	0 1 0
2187	1 0 0
2188	0 1 0
2189	0 0 1
2190	1 0 0
2191	1 0 0
2192	0 1 0
2193	0 1 0
2194	0 0 1
2195	0 0 1
2196	1 0 0
2197	0 0 1
2198	1 0 0
2199	1 0 0
2200	1 0 0
2201	1 0 0
2202	0 0 1
2203	0 0 1
2204	0 0 1
2205	0 1 0
2206	1 0 0
2207	0 0 1
2208	0 1 0
2209	1 0 0
2210	0 0 1
2211	1 0 0
2212	0 0 1
2213	0 1 0
2214	1 0 0
2215	0 0 1
2216	0 1 0
2217	0 0 1
2218	0 0 1
2219	0 0 1
2220	1 0 0
2221	0 0 1
2222	0 1 0
2223	0 1 0
2224	1 0 0
2225	0 0 1
2226	0 1 0
2227	0 1 0
2228	0 0 1
2229	0 0 1
2230	0 1 0
2231	1 0 0
2232	0 0 1
2233	0 0 1
2234	0 1 0
2235	0 1 0
2236	0 1 0
2237	0 0 1
2238	1 0 0
2239	1 0 0
2240	0 1 0
2241	1 0 0
2242	0 1 0
2243	1 0 0
2244	0 1 0
2245	0 0 1
2246	1 0 0
2247	1 0 0
2248	0 0 1
2249	0 1 0
2250	0 1 0
2251	0 0 1
2252	1 0 0
2253	0 1 0
2254	1 0 0
2255	1 0 0
2256	0 1 0
2257	0 1 0
2258	1 0 0
2259	0 1 0
2260	0 0 1
2261	0 1 0
2262	1 0 0
2263	1 0 0
2264	0 1 0
2265	0 0 1
2266	0 1 0
2267	1 0 0
2268	1 0 0
2269	0 1 0
2270	0 0 1
2271	0 1 0
2272	0 1 0
2273	1 0 0
2274	0 1 0
2275	0 0 1
2276	1 0 0
2277	1 0 0
2278	1 0 0
2279	1 0 0
2280	0 0 1
2281	0 0 1
2282	0 0 1
2283	0 0 1
2284	0 0 1
2285	0 0 1
2286	1 0 0
2287	1 0 0
2288	0 1 0
2289	0 0 1
2290	0 0 1
2291	0 1 0
2292	0 0 1
2293	0 0 1
2294	0 0 1
2295	0 1 0
2296	1 0 0
2297	1 0 0
2298	1 0 0
2299	0 0 1
2300	0 0 1
2301	0 1 0
2302	1 0 0
2303	0 0 1
2304	0 1 0
2305	1 0 0
2306	1 0 0
2307	0 1 0
2308	0 1 0
2309	0 0 1
2310	0 0 1
2311	1 0 0
2312	0 0 1
2313	0 1 0
2314	0 1 0
2315	0 1 0
2316	0 0 1
2317	1 0 0
2318	1 0 0
2319	0 0 1
2320	0 1 0
2321	0 0 1
2322	1 0 0
2323	0 0 1
2324	1 0 0
2325	1 0 0
2326	1 0 0
2327	0 1 0
2328	1 0 0
2329	0 0 1
2330	0 0 1
2331	0 0 1
2332	0 0 1
2333	0 0 1
2334	1 0 0
2335	0 1 0
2336	0 1 0
2337	1 0 0
2338	1 0 0
2339	0 0 1
2340	0 0 1
2341	0 0 1
2342	1 0 0
2343	0 0 1
2344	0 1 0
2345	1 0 0
2346	1 0 0
2347	1 0 0
2348	0 1 0
2349	0 0 1
2350	0 0 1
2351	0 0 1
2352	0 0 1
2353	0 0 1
2354	0 1 0
2355	1 0 0
2356	0 0 1
2357	0 1 0
2358	0 0 1
2359	1 0 0
2360	1 0 0
2361	0 1 0
2362	0 1 0
2363	0 0 1
2364	0 1 0
2365	0 0 1
2366	0 0 1
2367	0 1 0
2368	0 1 0
2369	0 1 0
2370	0 1 0
2371	0 0 1
2372	0 1 0
2373	1 0 0
2374	1 0 0
2375	0 1 0
2376	1 0 0
2377	0 1 0
2378	1 0 0
2379	0 1 0
2380	0 0 1
2381	1 0 0
2382	1 0 0
2383	0 0 1
2384	0 0 1
2385	1 0 0
2386	0 1 0
2387	0 1 0
2388	0 1 0
2389	0 0 1
2390	1 0 0
2391	1 0 0
2392	0 1 0
2393	0 1 0
2394	0 0 1
2395	0 0 1
2396	0 0 1
2397	0 1 0
2398	0 1 0
2399	1 0 0
2400	0 1 0
2401	0 0 1
2402	0 1 0
2403	0 0 1
2404	0 1 0
2405	0 0 1
2406	0 1 0
2407	0 1 0
2408	0 0 1
2409	0 1 0
2410	1 0 0
2411	1 0 0
2412	0 0 1
2413	0 0 1
2414	0 0 1
2415	0 1 0
2416	0 0 1
2417	0 1 0
2418	0 1 0
2419	0 0 1
2420	0 1 0
2421	1 0 0
2422	0 1 0
2423	0 0 1
2424	0 1 0
2425	0 1 0
2426	1 0 0
2427	1 0 0
2428	0 1 0
2429	1 0 0
2430	0 1 0
2431	1 0 0
2432	0 0 1
2433	0 1 0
2434	0 1 0
2435	1 0 0
2436	0 0 1
2437	0 1 0
2438	0 0 1
2439	0 0 1
2440	0 0 1
2441	0 0 1
2442	0 1 0
2443	1 0 0
2444	1 0 0
2445	1 0 0
2446	1 0 0
2447	1 0 0
2448	0 1 0
2449	0 0 1
2450	1 0 0
2451	1 0 0
2452	0 1 0
2453	0 0 1
2454	0 1 0
2455	1 0 0
2456	0 1 0
2457	1 0 0
2458	0 1 0
2459	0 1 0
2460	0 0 1
2461	0 0 1
2462	0 0 1
2463	0 1 0
2464	0 1 0
2465	1 0 0
2466	0 0 1
2467	1 0 0
2468	0 1 0
2469	1 0 0
2470	1 0 0
2471	0 0 1
2472	1 0 0
2473	0 1 0
2474	0 1 0
2475	0 1 0
2476	0 1 0
2477	1 0 0
2478	0 1 0
2479	1 0 0
2480	0 0 1
2481	0 0 1
2482	0 0 1
2483	0 1 0
2484	0 1 0
2485	0 0 1
2486	0 1 0
2487	0 0 1
2488	0 0 1
2489	0 0 1
2490	1 0 0
2491	0 1 0
2492	1 0 0
2493	0 0 1
2494	1 0 0
2495	0 0 1
2496	0 0 1
2497	1 0 0
2498	1 0 0
2499	0 0 1
2500	1 0 0
2501	1 0 0
2502	0 1 0
2503	1 0 0
2504	0 0 1
2505	0 1 0
2506	0 0 1
2507	1 0 0
2508	0 1 0
2509	1 0 0
2510	0 0 1
2511	0 1 0
2512	0 1 0
2513	0 1 0
2514	0 0 1
2515	1 0 0
2516	0 0 1
2517	0 0 1
2518	1 0 0
2519	1 0 0
2520	1 0 0
2521	0 0 1
2522	0 1 0
2523	0 1 0
2524	0 1 0
2525	0 0 1
2526	0 0 1
2527	0 1 0
2528	1 0 0
2529	1 0 0
2530	0 0 1
2531	0 0 1
2532	0 1 0
2533	1 0 0
2534	0 1 0
2535	1 0 0
2536	0 1 0
2537	0 1 0
2538	0 0 1
2539	0 1 0
2540	0 1 0
2541	0 1 0
2542	0 0 1
2543	1 0 0
2544	0 1 0
2545	1 0 0
2546	0 1 0
2547	0 1 0
2548	0 1 0
2549	0 0 1
2550	1 0 0
2551	0 0 1
2552	0 1 0
2553	1 0 0
2554	0 1 0
2555	1 0 0
2556	0 1 0
2557	1 0 0
2558	1 0 0
2559	0 1 0
2560	1 0 0
2561	1 0 0
2562	0 1 0
2563	0 1 0
2564	0 0 1
2565	0 1 0
2566	0 1 0
2567	1 0 0
2568	0 0 1
2569	0 1 0
2570	1 0 0
2571	0 0 1
2572	1 0 0
2573	1 0 0
2574	1 0 0
2575	0 0 1
2576	0 1 0
2577	1 0 0
2578	0 0 1
2579	0 0 1
2580	0 0 1
2581	0 1 0
2582	0 1 0
2583	0 0 1
2584	0 0 1
2585	0 0 1
2586	0 1 0
2587	0 0 1
2588	0 1 0
2589	1 0 0
2590	0 1 0
2591	0 1 0
2592	1 0 0
2593	0 1 0
2594	0 0 1
2595	0 1 0
2596	1 0 0
2597	0 1 0
2598	0 0 1
2599	0 1 0
2600	0 1 0
2601	1 0 0
2602	0 1 0
2603	0 1 0
2604	0 1 0
2605	0 1 0
2606	1 0 0
2607	0 0 1
2608	0 0 1
2609	0 0 1
2610	1 0 0
2611	1 0 0
2612	0 0 1
2613	0 0 1
2614	0 1 0
2615	1 0 0
2616	0 1 0
2617	0 1 0
2618	0 1 0
2619	1 0 0
2620	1 0 0
2621	0 0 1
2622	0 1 0
2623	0 1 0
2624	0 0 1
2625	0 1 0
2626	0 0 1
2627	0 1 0
2628	0 0 1
2629	0 0 1
2630	1 0 0
2631	0 0 1
2632	1 0 0
2633	0 0 1
2634	0 0 1
2635	0 0 1
2636	1 0 0
2637	1 0 0
2638	0 0 1
2639	0 0 1
2640	0 1 0
2641	0 0 1
2642	0 0 1
2643	0 0 1
2644	0 1 0
2645	0 1 0
2646	0 1 0
2647	0 0 1
2648	1 0 0
2649	0 0 1
2650	0 1 0
2651	0 1 0
2652	0 0 1
2653	0 0 1
2654	1 0 0
2655	0 0 1
2656	1 0 0
2657	0 0 1
2658	1 0 0
2659	0 1 0
2660	0 0 1
2661	0 1 0
2662	0 0 1
2663	1 0 0
2664	0 1 0
2665	0 0 1
2666	0 0 1
2667	1 0 0
2668	0 0 1
2669	1 0 0
2670	0 0 1
2671	0 1 0
2672	0 0 1
2673	0 0 1
2674	0 0 1
2675	1 0 0
2676	0 1 0
2677	0 0 1
2678	1 0 0
2679	1 0 0
2680	0 0 1
2681	0 0 1
2682	1 0 0
2683	0 1 0
2684	1 0 0
2685	1 0 0
2686	0 0 1
2687	0 0 1
2688	0 0 1
2689	1 0 0
2690	0 1 0
2691	0 0 1
2692	0 1 0
2693	0 1 0
2694	0 1 0
2695	1 0 0
2696	0 0 1
2697	0 1 0
2698	0 0 1
2699	1 0 0
2700	0 1 0
2701	0 0 1
2702	0 1 0
2703	1 0 0
2704	0 1 0
2705	0 1 0
2706	0 0 1
2707	1 0 0
2708	0 1 0
2709	1 0 0
2710	1 0 0
2711	0 0 1
2712	1 0 0
2713	0 0 1
2714	0 1 0
2715	1 0 0
2716	0 1 0
2717	0 0 1
2718	0 1 0
2719	0 1 0
2720	0 0 1
2721	1 0 0
2722	0 0 1
2723	0 1 0
2724	0 1 0
2725	0 1 0
2726	0 0 1
2727	1 0 0
2728	0 0 1
2729	1 0 0
2730	1 0 0
2731	0 1 0
2732	0 0 1
2733	0 0 1
2734	0 1 0
2735	1 0 0
2736	0 0 1
2737	0 0 1
2738	1 0 0
2739	0 0 1
2740	0 1 0
2741	1 0 0
2742	0 0 1
2743	1 0 0
2744	1 0 0
2745	1 0 0
2746	0 0 1
2747	0 0 1
2748	0 0 1
2749	0 0 1
2750	0 1 0
2751	1 0 0
2752	0 0 1
2753	0 0 1
2754	1 0 0
2755	0 1 0
2756	1 0 0
2757	1 0 0
2758	0 1 0
2759	1 0 0
2760	0 0 1
2761	0 1 0
2762	0 1 0
2763	1 0 0
2764	0 1 0
2765	0 0 1
2766	1 0 0
2767	0 0 1
2768	1 0 0
2769	0 1 0
2770	0 0 1
2771	1 0 0
2772	0 0 1
2773	1 0 0
2774	0 0 1
2775	1 0 0
2776	1 0 0
2777	0 1 0
2778	0 0 1
2779	1 0 0
2780	1 0 0
2781	0 1 0
2782	0 0 1
2783	1 0 0
2784	0 0 1
2785	1 0 0
2786	1 0 0
2787	1 0 0
2788	0 0 1
2789	1 0 0
2790	1 0 0
2791	1 0 0
2792	0 0 1
2793	0 1 0
2794	0 1 0
2795	0 1 0
2796	1 0 0
2797	0 1 0
2798	0 0 1
2799	0 0 1
2800	0 1 0
2801	0 1 0
2802	0 0 1
2803	1 0 0
2804	0 0 1
2805	1 0 0
2806	1 0 0
2807	0 0 1
2808	0 1 0
2809	0 1 0
2810	1 0 0
2811	1 0 0
2812	0 1 0
2813	1 0 0
2814	0 0 1
2815	0 0 1
2816	1 0 0
2817	0 0 1
2818	0 0 1
2819	0 0 1
2820	1 0 0
2821	0 1 0
2822	0 1 0
2823	1 0 0
2824	0 0 1
2825	0 0 1
2826	1 0 0
2827	1 0 0
2828	0 0 1
2829	0 1 0
2830	0 1 0
2831	1 0 0
2832	0 0 1
2833	0 0 1
2834	0 0 1
2835	0 1 0
2836	0 0 1
2837	1 0 0
2838	0 0 1
2839	0 1 0
2840	0 1 0
2841	0 1 0
2842	0 0 1
2843	0 1 0
2844	0 1 0
2845	0 0 1
2846	0 0 1
2847	0 1 0
2848	0 0 1
2849	0 1 0
2850	0 0 1
2851	0 0 1
2852	0 0 1
2853	1 0 0
2854	0 1 0
2855	1 0 0
2856	0 1 0
2857	0 1 0
2858	0 0 1
2859	1 0 0
2860	0 0 1
2861	1 0 0
2862	0 1 0
2863	0 1 0
2864	0 0 1
2865	0 0 1
2866	0 1 0
2867	1 0 0
2868	0 0 1
2869	1 0 0
2870	0 1 0
2871	0 0 1
2872	1 0 0
2873	0 1 0
2874	0 0 1
2875	1 0 0
2876	0 1 0
2877	0 0 1
2878	1 0 0
2879	1 0 0
2880	0 0 1
2881	0 0 1
2882	1 0 0
2883	1 0 0
2884	1 0 0
2885	0 0 1
2886	0 0 1
2887	0 0 1
2888	0 1 0
2889	0 1 0
2890	0 1 0
2891	0 0 1
2892	0 1 0
2893	0 0 1
2894	0 0 1
2895	0 1 0
2896	0 0 1
2897	0 0 1
2898	0 0 1
2899	0 0 1
2900	0 1 0
2901	0 0 1
2902	1 0 0
2903	1 0 0
2904	0 0 1
2905	0 1 0
2906	0 1 0
2907	1 0 0
2908	0 1 0
2909	0 0 1
2910	0 0 1
2911	0 1 0
2912	0 1 0
2913	1 0 0
2914	0 0 1
2915	1 0 0
2916	0 1 0
2917	0 1 0
2918	0 1 0
2919	0 0 1
2920	1 0 0
2921	0 1 0
2922	1 0 0
2923	1 0 0
2924	0 1 0
2925	0 1 0
2926	0 1 0
2927	0 1 0
2928	0 0 1
2929	0 1 0
2930	1 0 0
2931	1 0 0
2932	0 0 1
2933	0 1 0
2934	0 0 1
2935	1 0 0
2936	1 0 0
2937	0 0 1
2938	0 0 1
2939	1 0 0
2940	0 0 1
2941	0 1 0
2942	0 1 0
2943	0 1 0
2944	0 1 0
2945	1 0 0
2946	1 0 0
2947	0 1 0
2948	0 0 1
2949	0 0 1
2950	0 0 1
2951	0 0 1
2952	0 0 1
2953	0 1 0
2954	0 1 0
2955	0 0 1
2956	0 0 1
2957	1 0 0
2958	0 0 1
2959	0 0 1
2960	0 1 0
2961	0 0 1
2962	1 0 0
2963	0 0 1
2964	0 0 1
2965	0 1 0
2966	0 0 1
2967	0 1 0
2968	1 0 0
2969	0 0 1
2970	1 0 0
2971	1 0 0
2972	0 1 0
2973	1 0 0
2974	0 0 1
2975	1 0 0
2976	0 0 1
2977	1 0 0
2978	1 0 0
2979	0 1 0
2980	1 0 0
2981	1 0 0
2982	0 1 0
2983	1 0 0
2984	1 0 0
2985	0 0 1
2986	1 0 0
2987	1 0 0
2988	1 0 0
2989	0 1 0
2990	0 0 1
2991	0 1 0
2992	0 0 1
2993	1 0 0
2994	0 0 1
2995	0 0 1
2996	0 1 0
2997	0 1 0
2998	0 0 1
2999	0 1 0
3000	0 1 0
3001	0 0 1
3002	0 1 0
3003	0 1 0
3004	0 1 0
3005	0 1 0
3006	0 0 1
3007	0 1 0
3008	0 1 0
3009	0 1 0
3010	1 0 0
3011	0 1 0
3012	1 0 0
3013	0 1 0
3014	0 0 1
3015	1 0 0
3016	1 0 0
3017	0 1 0
3018	0 1 0
3019	0 0 1
3020	0 1 0
3021	1 0 0
3022	0 1 0
3023	0 1 0
3024	0 0 1
3025	0 1 0
3026	0 0 1
3027	0 0 1
3028	0 1 0
3029	1 0 0
3030	0 0 1
3031	0 1 0
3032	1 0 0
3033	1 0 0
3034	0 1 0
3035	0 1 0
3036	0 1 0
3037	1 0 0
3038	1 0 0
3039	0 0 1
3040	0 0 1
3041	1 0 0
3042	0 0 1
3043	0 1 0
3044	1 0 0
3045	1 0 0
3046	0 1 0
3047	0 1 0
3048	1 0 0
3049	0 1 0
3050	1 0 0
3051	1 0 0
3052	0 1 0
3053	0 1 0
3054	1 0 0
3055	1 0 0
3056	0 0 1
3057	0 0 1
3058	0 0 1
3059	0 0 1
3060	1 0 0
3061	0 0 1
3062	1 0 0
3063	0 1 0
3064	0 0 1
3065	0 0 1
3066	1 0 0
3067	1 0 0
3068	0 1 0
3069	1 0 0
3070	0 0 1
3071	0 1 0
3072	0 1 0
3073	1 0 0
3074	0 0 1
3075	1 0 0
3076	0 1 0
3077	0 1 0
3078	1 0 0
3079	1 0 0
3080	1 0 0
3081	0 1 0
3082	0 1 0
3083	0 1 0
3084	0 1 0
3085	1 0 0
3086	1 0 0
3087	0 1 0
3088	0 1 0
3089	1 0 0
3090	0 1 0
3091	0 0 1
3092	0 1 0
3093	0 1 0
3094	0 1 0
3095	0 0 1
3096	1 0 0
3097	1 0 0
3098	0 1 0
3099	1 0 0
3100	0 1 0
3101	1 0 0
3102	1 0 0
3103	1 0 0
3104	0 0 1
3105	0 1 0
3106	0 1 0
3107	1 0 0
3108	1 0 0
3109	1 0 0
3110	0 1 0
3111	1 0 0
3112	0 0 1
3113	0 0 1
3114	0 0 1
3115	0 0 1
3116	1 0 0
3117	0 1 0
3118	1 0 0
3119	1 0 0
3120	0 0 1
3121	1 0 0
3122	1 0 0
3123	0 0 1
3124	1 0 0
3125	0 0 1
3126	1 0 0
3127	0 0 1
3128	1 0 0
3129	1 0 0
3130	0 0 1
3131	0 0 1
3132	0 1 0
3133	1 0 0
3134	0 1 0
3135	1 0 0
3136	0 0 1
3137	0 1 0
3138	1 0 0
3139	0 1 0
3140	0 0 1
3141	0 1 0
3142	0 0 1
3143	0 1 0
3144	0 1 0
3145	0 1 0
3146	0 0 1
3147	0 0 1
3148	0 0 1
3149	0 1 0
3150	0 1 0
3151	0 1 0
3152	0 0 1
3153	0 1 0
3154	0 1 0
3155	0 0 1
3156	0 1 0
3157	0 1 0
3158	0 1 0
3159	0 1 0
3160	0 1 0
3161	0 1 0
3162	0 0 1
3163	0 0 1
3164	0 0 1
3165	0 1 0
3166	0 0 1
3167	0 0 1
3168	1 0 0
3169	0 0 1
3170	0 0 1
3171	1 0 0
3172	1 0 0
3173	0 1 0
3174	0 0 1
3175	1 0 0
3176	0 1 0
3177	0 0 1
3178	0 1 0
3179	1 0 0
3180	0 1 0
3181	0 0 1
3182	0 1 0
3183	0 0 1
3184	0 0 1
3185	0 1 0
3186	0 0 1
3187	0 1 0
3188	1 0 0
3189	0 0 1
3190	0 0 1
3191	1 0 0
3192	1 0 0
3193	0 0 1
3194	0 1 0
3195	0 0 1
3196	0 1 0
3197	0 1 0
3198	0 1 0
3199	0 0 1
3200	1 0 0
3201	0 0 1
3202	1 0 0
3203	0 1 0
3204	1 0 0
3205	0 1 0
3206	1 0 0
3207	0 0 1
3208	0 0 1
3209	0 0 1
3210	0 1 0
3211	1 0 0
3212	0 1 0
3213	0 1 0
3214	0 1 0
3215	1 0 0
3216	0 1 0
3217	0 1 0
3218	0 1 0
3219	0 1 0
3220	0 1 0
3221	0 1 0
3222	1 0 0
3223	1 0 0
3224	0 0 1
3225	1 0 0
3226	0 0 1
3227	0 0 1
3228	0 1 0
3229	0 1 0
3230	0 0 1
3231	1 0 0
3232	1 0 0
3233	0 1 0
3234	0 0 1
3235	0 0 1
3236	1 0 0
3237	0 1 0
3238	1 0 0
3239	1 0 0
3240	1 0 0
3241	0 1 0
3242	0 1 0
3243	1 0 0
3244	0 0 1
3245	0 1 0
3246	0 0 1
3247	0 0 1
3248	0 0 1
3249	1 0 0
3250	1 0 0
3251	1 0 0
3252	0 0 1
3253	0 0 1
3254	1 0 0
3255	0 0 1
3256	0 0 1
3257	0 0 1
3258	0 1 0
3259	0 0 1
3260	1 0 0
3261	0 1 0
3262	1 0 0
3263	0 0 1
3264	0 0 1
3265	0 0 1
3266	0 1 0
3267	0 0 1
3268	0 0 1
3269	0 1 0
3270	1 0 0
3271	0 1 0
3272	0 1 0
3273	0 0 1
3274	1 0 0
3275	0 1 0
3276	0 1 0
3277	0 0 1
3278	0 0 1
3279	1 0 0
3280	1 0 0
3281	0 0 1
3282	0 0 1
3283	1 0 0
3284	1 0 0
3285	0 0 1
3286	1 0 0
3287	0 0 1
3288	0 0 1
3289	1 0 0
3290	0 0 1
3291	0 1 0
3292	1 0 0
3293	0 1 0
3294	0 1 0
3295	1 0 0
3296	0 0 1
3297	0 1 0
3298	0 0 1
3299	1 0 0
3300	0 0 1
3301	0 1 0
3302	1 0 0
3303	0 1 0
3304	0 1 0
3305	1 0 0
3306	0 0 1
3307	0 1 0
3308	0 0 1
3309	0 0 1
3310	1 0 0
3311	1 0 0
3312	0 1 0
3313	0 0 1
3314	0 0 1
3315	0 0 1
3316	0 1 0
3317	0 0 1
3318	0 0 1
3319	0 0 1
3320	1 0 0
3321	1 0 0
3322	1 0 0
3323	0 0 1
3324	0 1 0
3325	0 0 1
3326	1 0 0
3327	0 1 0
3328	0 0 1
3329	1 0 0
3330	0 0 1
3331	0 0 1
3332	1 0 0
3333	1 0 0
3334	1 0 0
3335	0 0 1
3336	0 0 1
3337	0 0 1
3338	0 1 0
3339	0 1 0
3340	0 0 1
3341	1 0 0
3342	0 0 1
3343	0 0 1
3344	0 1 0
3345	0 0 1
3346	0 0 1
3347	0 0 1
3348	0 1 0
3349	0 0 1
3350	0 1 0
3351	0 1 0
3352	0 0 1
3353	1 0 0
3354	0 1 0
3355	1 0 0
3356	0 1 0
3357	1 0 0
3358	0 0 1
3359	0 0 1
3360	0 1 0
3361	0 0 1
3362	0 0 1
3363	0 0 1
3364	0 1 0
3365	0 0 1
3366	1 0 0
3367	0 0 1
3368	1 0 0
3369	1 0 0
3370	0 1 0
3371	0 1 0
3372	0 0 1
3373	0 0 1
3374	0 1 0
3375	1 0 0
3376	0 1 0
3377	0 0 1
3378	0 0 1
3379	0 0 1
3380	0 0 1
3381	0 0 1
3382	0 1 0
3383	1 0 0
3384	0 1 0
3385	0 0 1
3386	0 0 1
3387	0 0 1
3388	0 0 1
3389	0 1 0
3390	0 0 1
3391	0 0 1
3392	0 1 0
3393	0 0 1
3394	1 0 0
3395	0 0 1
3396	0 0 1
3397	0 1 0
3398	0 1 0
3399	0 0 1
3400	0 1 0
3401	0 1 0
3402	1 0 0
3403	1 0 0
3404	0 0 1
3405	0 1 0
3406	0 1 0
3407	1 0 0
3408	1 0 0
3409	0 0 1
3410	1 0 0
3411	0 1 0
3412	0 1 0
3413	0 0 1
3414	1 0 0
3415	0 0 1
3416	0 0 1
3417	0 1 0
3418	1 0 0
3419	1 0 0
3420	0 1 0
3421	0 1 0
3422	1 0 0
3423	0 1 0
3424	0 0 1
3425	0 1 0
3426	0 0 1
3427	0 0 1
3428	0 1 0
3429	0 0 1
3430	0 0 1
3431	0 0 1
3432	1 0 0
3433	0 0 1
3434	1 0 0
3435	0 1 0
3436	0 0 1
3437	0 1 0
3438	0 1 0
3439	1 0 0
3440	1 0 0
3441	0 0 1
3442	0 0 1
3443	1 0 0
3444	0 0 1
3445	1 0 0
3446	0 1 0
3447	0 0 1
3448	1 0 0
3449	1 0 0
3450	0 0 1
3451	1 0 0
3452	0 1 0
3453	1 0 0
3454	0 1 0
3455	0 1 0
3456	1 0 0
3457	1 0 0
3458	1 0 0
3459	0 0 1
3460	1 0 0
3461	0 0 1
3462	0 0 1
3463	1 0 0
3464	1 0 0
3465	0 1 0
3466	1 0 0
3467	0 0 1
3468	0 1 0
3469	1 0 0
3470	1 0 0
3471	0 1 0
3472	0 0 1
3473	0 0 1
3474	0 1 0
3475	0 1 0
3476	0 0 1
3477	1 0 0
3478	0 0 1
3479	0 1 0
3480	0 1 0
3481	1 0 0
3482	0 1 0
3483	1 0 0
3484	0 1 0
3485	0 1 0
3486	0 1 0
3487	0 1 0
3488	0 1 0
3489	0 1 0
3490	0 0 1
3491	0 0 1
3492	1 0 0
3493	0 1 0
3494	0 1 0
3495	0 0 1
3496	0 0 1
3497	0 0 1
3498	0 0 1
3499	0 1 0
3500	1 0 0
3501	0 0 1
3502	1 0 0
3503	0 0 1
3504	1 0 0
3505	0 1 0
3506	1 0 0
3507	1 0 0
3508	1 0 0
3509	0 0 1
3510	0 1 0
3511	1 0 0
3512	0 0 1
3513	0 0 1
3514	1 0 0
3515	0 0 1
3516	1 0 0
3517	1 0 0
3518	0 0 1
3519	1 0 0
3520	0 1 0
3521	1 0 0
3522	0 1 0
3523	1 0 0
3524	0 1 0
3525	0 1 0
3526	0 1 0
3527	0 0 1
3528	0 1 0
3529	0 1 0
3530	1 0 0
3531	0 1 0
3532	0 0 1
3533	0 0 1
3534	0 1 0
3535	1 0 0
3536	1 0 0
3537	0 0 1
3538	0 1 0
3539	0 0 1
3540	1 0 0
3541	1 0 0
3542	1 0 0
3543	0 0 1
3544	0 1 0
3545	1 0 0
3546	0 0 1
3547	0 1 0
3548	0 0 1
3549	0 1 0
3550	1 0 0
3551	0 0 1
3552	0 1 0
3553	0 0 1
3554	0 0 1
3555	1 0 0
3556	0 1 0
3557	0 0 1
3558	1 0 0
3559	0 1 0
3560	0 1 0
3561	0 1 0
3562	1 0 0
3563	0 1 0
3564	0 1 0
3565	0 0 1
3566	1 0 0
3567	0 0 1
3568	0 0 1
3569	0 1 0
3570	1 0 0
3571	0 1 0
3572	1 0 0
3573	0 0 1
3574	0 1 0
3575	1 0 0
3576	0 1 0
3577	0 0 1
3578	0 0 1
3579	1 0 0
3580	1 0 0
3581	0 0 1
3582	0 0 1
3583	0 0 1
3584	1 0 0
3585	0 1 0
3586	0 1 0
3587	1 0 0
3588	0 0 1
3589	0 0 1
3590	1 0 0
3591	0 0 1
3592	1 0 0
3593	0 0 1
3594	1 0 0
3595	0 1 0
3596	0 1 0
3597	1 0 0
3598	1 0 0
3599	0 1 0
3600	0 1 0
3601	0 0 1
3602	0 1 0
3603	0 0 1
3604	0 1 0
3605	0 0 1
3606	0 1 0
3607	1 0 0
3608	0 1 0
3609	1 0 0
3610	1 0 0
3611	0 1 0
3612	1 0 0
3613	1 0 0
3614	0 0 1
3615	0 1 0
3616	1 0 0
3617	0 1 0
3618	1 0 0
3619	0 0 1
3620	0 1 0
3621	0 0 1
3622	0 1 0
3623	1 0 0
3624	0 0 1
3625	0 0 1
3626	1 0 0
3627	0 0 1
3628	0 0 1
3629	0 1 0
3630	1 0 0
3631	0 0 1
3632	1 0 0
3633	0 0 1
3634	1 0 0
3635	0 0 1
3636	0 1 0
3637	0 1 0
3638	0 1 0
3639	0 1 0
3640	0 1 0
3641	1 0 0
3642	0 1 0
3643	0 1 0
3644	1 0 0
3645	1 0 0
3646	0 1 0
3647	0 1 0
3648	0 0 1
3649	1 0 0
3650	0 0 1
3651	0 1 0
3652	0 1 0
3653	1 0 0
3654	1 0 0
3655	0 1 0
3656	1 0 0
3657	0 0 1
3658	0 0 1
3659	1 0 0
3660	1 0 0
3661	0 1 0
3662	0 1 0
3663	1 0 0
3664	0 0 1
3665	1 0 0
3666	0 0 1
3667	1 0 0
3668	0 0 1
3669	1 0 0
3670	1 0 0
3671	0 0 1
3672	1 0 0
3673	0 0 1
3674	0 1 0
3675	1 0 0
3676	0 0 1
3677	0 1 0
3678	0 1 0
3679	1 0 0
3680	0 1 0
3681	1 0 0
3682	1 0 0
3683	0 1 0
3684	0 0 1
3685	1 0 0
3686	0 1 0
3687	0 0 1
3688	0 1 0
3689	1 0 0
3690	0 1 0
3691	0 1 0
3692	1 0 0
3693	0 0 1
3694	0 1 0
3695	0 1 0
3696	0 1 0
3697	1 0 0
3698	1 0 0
3699	0 0 1
3700	0 0 1
3701	0 0 1
3702	1 0 0
3703	0 0 1
3704	0 1 0
3705	1 0 0
3706	1 0 0
3707	0 1 0
3708	1 0 0
3709	1 0 0
3710	1 0 0
3711	0 1 0
3712	1 0 0
3713	0 1 0
3714	1 0 0
3715	1 0 0
3716	1 0 0
3717	1 0 0
3718	0 1 0
3719	0 0 1
3720	1 0 0
3721	1 0 0
3722	1 0 0
3723	0 1 0
3724	0 0 1
3725	0 0 1
3726	0 1 0
3727	0 0 1
3728	0 0 1
3729	0 1 0
3730	0 0 1
3731	0 0 1
3732	0 0 1
3733	0 0 1
3734	0 1 0
3735	0 1 0
3736	0 0 1
3737	1 0 0
3738	0 1 0
3739	1 0 0
3740	1 0 0
3741	0 1 0
3742	1 0 0
3743	0 1 0
3744	0 0 1
3745	0 0 1
3746	0 0 1
3747	1 0 0
3748	0 0 1
3749	0 1 0
3750	1 0 0
3751	1 0 0
3752	0 0 1
3753	0 1 0
3754	1 0 0
3755	1 0 0
3756	0 0 1
3757	0 1 0
3758	0 0 1
3759	1 0 0
3760	1 0 0
3761	1 0 0
3762	1 0 0
3763	1 0 0
3764	0 0 1
3765	0 0 1
3766	1 0 0
3767	1 0 0
3768	0 0 1
3769	0 1 0
3770	0 0 1
3771	0 1 0
3772	1 0 0
3773	1 0 0
3774	0 0 1
3775	0 0 1
3776	1 0 0
3777	0 0 1
3778	0 0 1
3779	1 0 0
3780	0 0 1
3781	0 1 0
3782	0 1 0
3783	0 1 0
3784	0 1 0
3785	1 0 0
3786	1 0 0
3787	0 0 1
3788	0 0 1
3789	0 1 0
3790	0 0 1
3791	0 1 0
3792	0 0 1
3793	1 0 0
3794	1 0 0
3795	0 0 1
3796	0 0 1
3797	1 0 0
3798	0 0 1
3799	0 1 0
3800	0 0 1
3801	0 1 0
3802	1 0 0
3803	0 1 0
3804	0 1 0
3805	1 0 0
3806	1 0 0
3807	0 0 1
3808	0 0 1
3809	1 0 0
3810	0 1 0
3811	0 0 1
3812	1 0 0
3813	0 0 1
3814	0 1 0
3815	0 0 1
3816	0 1 0
3817	0 1 0
3818	0 0 1
3819	1 0 0
3820	0 0 1
3821	1 0 0
3822	0 0 1
3823	1 0 0
3824	0 1 0
3825	1 0 0
3826	0 1 0
3827	0 1 0
3828	0 0 1
3829	1 0 0
3830	0 1 0
3831	0 0 1
3832	1 0 0
3833	1 0 0
3834	0 1 0
3835	0 0 1
3836	0 1 0
3837	0 0 1
3838	0 0 1
3839	0 1 0
3840	1 0 0
3841	0 0 1
3842	0 1 0
3843	0 1 0
3844	0 1 0
3845	0 1 0
3846	0 0 1
3847	0 0 1
3848	0 0 1
3849	1 0 0
3850	0 1 0
3851	1 0 0
3852	0 0 1
3853	0 0 1
3854	1 0 0
3855	0 0 1
3856	0 0 1
3857	1 0 0
3858	1 0 0
3859	0 1 0
3860	0 0 1
3861	0 0 1
3862	0 1 0
3863	0 1 0
3864	0 0 1
3865	0 0 1
3866	1 0 0
3867	0 1 0
3868	0 1 0
3869	1 0 0
3870	0 1 0
3871	0 1 0
3872	0 0 1
3873	0 1 0
3874	0 0 1
3875	0 0 1
3876	1 0 0
3877	0 0 1
3878	1 0 0
3879	1 0 0
3880	1 0 0
3881	0 0 1
3882	1 0 0
3883	1 0 0
3884	0 0 1
3885	0 0 1
3886	1 0 0
3887	0 0 1
3888	0 0 1
3889	0 0 1
3890	1 0 0
3891	0 0 1
3892	0 0 1
3893	0 0 1
3894	0 0 1
3895	0 1 0
3896	0 1 0
3897	1 0 0
3898	0 0 1
3899	0 1 0
3900	0 0 1
3901	0 1 0
3902	0 0 1
3903	0 1 0
3904	0 0 1
3905	0 0 1
3906	0 0 1
3907	0 0 1
3908	1 0 0
3909	0 0 1
3910	0 0 1
3911	1 0 0
3912	0 1 0
3913	0 0 1
3914	0 0 1
3915	0 1 0
3916	1 0 0
3917	1 0 0
3918	1 0 0
3919	0 1 0
3920	0 0 1
3921	1 0 0
3922	0 1 0
3923	0 0 1
3924	0 0 1
3925	1 0 0
3926	0 0 1
3927	0 0 1
3928	0 1 0
3929	0 1 0
3930	0 1 0
3931	0 1 0
3932	0 0 1
3933	0 0 1
3934	0 0 1
3935	0 1 0
3936	0 0 1
3937	0 1 0
3938	1 0 0
3939	0 1 0
3940	1 0 0
3941	1 0 0
3942	0 1 0
3943	1 0 0
3944	0 1 0
3945	0 0 1
3946	0 1 0
3947	1 0 0
3948	0 0 1
3949	0 1 0
3950	1 0 0
3951	0 1 0
3952	0 0 1
3953	1 0 0
3954	1 0 0
3955	1 0 0
3956	0 1 0
3957	0 1 0
3958	1 0 0
3959	0 0 1
3960	1 0 0
3961	0 1 0
3962	0 1 0
3963	0 0 1
3964	1 0 0
3965	1 0 0
3966	0 1 0
3967	0 0 1
3968	0 0 1
3969	0 0 1
3970	1 0 0
3971	1 0 0
3972	1 0 0
3973	0 0 1
3974	1 0 0
3975	1 0 0
3976	0 0 1
3977	0 1 0
3978	1 0 0
3979	0 1 0
3980	0 1 0
3981	0 0 1
3982	0 1 0
3983	0 0 1
3984	1 0 0
3985	0 0 1
3986	1 0 0
3987	0 1 0
3988	0 1 0
3989	0 1 0
3990	0 0 1
3991	1 0 0
3992	0 1 0
3993	0 1 0
3994	0 1 0
3995	0 0 1
3996	1 0 0
3997	0 1 0
3998	1 0 0
3999	0 0 1
4000	1 0 0
4001	1 0 0
4002	0 1 0
4003	0 0 1
4004	1 0 0
4005	0 0 1
4006	1 0 0
4007	0 1 0
4008	0 1 0
4009	0 0 1
4010	1 0 0
4011	0 0 1
4012	1 0 0
4013	0 1 0
4014	0 0 1
4015	0 1 0
4016	0 1 0
4017	1 0 0
4018	0 1 0
4019	0 1 0
4020	1 0 0
4021	0 1 0
4022	1 0 0
4023	0 0 1
4024	0 1 0
4025	0 1 0
4026	0 0 1
4027	0 0 1
4028	1 0 0
4029	0 1 0
4030	1 0 0
4031	0 1 0
4032	0 0 1
4033	1 0 0
4034	1 0 0
4035	1 0 0
4036	0 0 1
4037	1 0 0
4038	0 0 1
4039	0 0 1
4040	1 0 0
4041	0 1 0
4042	1 0 0
4043	0 1 0
4044	0 0 1
4045	0 0 1
4046	0 0 1
4047	0 1 0
4048	0 0 1
4049	1 0 0
4050	0 1 0
4051	0 1 0
4052	1 0 0
4053	0 1 0
4054	0 1 0
4055	0 0 1
4056	1 0 0
4057	0 0 1
4058	0 0 1
4059	0 0 1
4060	1 0 0
4061	0 0 1
4062	1 0 0
4063	0 0 1
4064	0 1 0
4065	0 0 1
4066	1 0 0
4067	0 0 1
4068	1 0 0
4069	1 0 0
4070	0 0 1
4071	1 0 0
4072	0 1 0
4073	0 1 0
4074	0 1 0
4075	0 0 1
4076	0 1 0
4077	0 0 1
4078	1 0 0
4079	0 1 0
4080	1 0 0
4081	1 0 0
4082	0 0 1
4083	0 1 0
4084	0 1 0
4085	0 1 0
4086	1 0 0
4087	0 0 1
4088	0 1 0
4089	0 0 1
4090	0 0 1
4091	0 1 0
4092	0 0 1
4093	0 1 0
4094	0 1 0
4095	0 0 1
4096	0 0 1
4097	0 1 0
4098	1 0 0
4099	0 0 1
4100	1 0 0
4101	1 0 0
4102	1 0 0
4103	1 0 0
4104	1 0 0
4105	0 1 0
4106	0 0 1
4107	0 0 1
4108	0 1 0
4109	0 0 1
4110	0 0 1
4111	1 0 0
4112	1 0 0
4113	0 1 0
4114	1 0 0
4115	1 0 0
4116	1 0 0
4117	1 0 0
4118	0 0 1
4119	1 0 0
4120	0 0 1
4121	0 1 0
4122	1 0 0
4123	0 1 0
4124	0 1 0
4125	0 0 1
4126	1 0 0
4127	0 1 0
4128	1 0 0
4129	0 1 0
4130	0 0 1
4131	1 0 0
4132	1 0 0
4133	0 1 0
4134	1 0 0
4135	0 0 1
4136	0 1 0
4137	1 0 0
4138	0 1 0
4139	0 0 1
4140	1 0 0
4141	1 0 0
4142	1 0 0
4143	1 0 0
4144	1 0 0
4145	0 0 1
4146	0 0 1
4147	0 0 1
4148	0 0 1
4149	0 1 0
4150	0 1 0
4151	0 1 0
4152	0 0 1
4153	0 1 0
4154	0 1 0
4155	0 1 0
4156	0 1 0
4157	1 0 0
4158	0 1 0
4159	0 0 1
4160	0 1 0
4161	1 0 0
4162	0 1 0
4163	0 1 0
4164	0 0 1
4165	0 0 1
4166	1 0 0
4167	0 0 1
4168	0 1 0
4169	1 0 0
4170	0 1 0
4171	0 1 0
4172	1 0 0
4173	1 0 0
4174	0 0 1
4175	1 0 0
4176	0 0 1
4177	0 0 1
4178	1 0 0
4179	1 0 0
4180	1 0 0
4181	0 0 1
4182	0 1 0
4183	1 0 0
4184	1 0 0
4185	0 1 0
4186	0 0 1
4187	0 0 1
4188	0 0 1
4189	0 0 1
4190	0 1 0
4191	0 1 0
4192	0 0 1
4193	0 0 1
4194	0 0 1
4195	0 0 1
4196	0 1 0
4197	1 0 0
4198	0 1 0
4199	1 0 0
4200	1 0 0
4201	1 0 0
4202	0 1 0
4203	0 1 0
4204	0 0 1
4205	0 1 0
4206	0 0 1
4207	0 1 0
4208	0 1 0
4209	1 0 0
4210	0 0 1
4211	1 0 0
4212	0 0 1
4213	0 1 0
4214	0 1 0
4215	0 0 1
4216	1 0 0
4217	1 0 0
4218	1 0 0
4219	0 1 0
4220	0 1 0
4221	0 1 0
4222	1 0 0
4223	1 0 0
4224	1 0 0
4225	0 1 0
4226	0 0 1
4227	1 0 0
4228	1 0 0
4229	0 1 0
4230	0 0 1
4231	0 0 1
4232	1 0 0
4233	0 0 1
4234	0 1 0
4235	0 1 0
4236	0 1 0
4237	1 0 0
4238	1 0 0
4239	1 0 0
4240	0 1 0
4241	0 0 1
4242	0 0 1
4243	1 0 0
4244	0 1 0
4245	0 1 0
4246	1 0 0
4247	1 0 0
4248	0 1 0
4249	0 1 0
4250	0 1 0
4251	0 0 1
4252	1 0 0
4253	0 0 1
4254	0 1 0
4255	0 0 1
4256	0 1 0
4257	0 1 0
4258	0 0 1
4259	1 0 0
4260	0 1 0
4261	0 0 1
4262	1 0 0
4263	0 0 1
4264	1 0 0
4265	1 0 0
4266	1 0 0
4267	0 0 1
4268	0 1 0
4269	1 0 0
4270	0 1 0
4271	0 1 0
4272	1 0 0
4273	1 0 0
4274	0 0 1
4275	1 0 0
4276	0 1 0
4277	1 0 0
4278	0 1 0
4279	0 0 1
4280	0 1 0
4281	1 0 0
4282	0 0 1
4283	0 0 1
4284	0 1 0
4285	0 0 1
4286	0 1 0
4287	0 1 0
4288	0 0 1
4289	0 0 1
4290	0 1 0
4291	0 1 0
4292	0 0 1
4293	0 1 0
4294	0 1 0
4295	0 0 1
4296	1 0 0
4297	0 1 0
4298	0 1 0
4299	0 1 0
4300	0 1 0
4301	1 0 0
4302	1 0 0
4303	0 1 0
4304	1 0 0
4305	1 0 0
4306	1 0 0
4307	0 1 0
4308	0 0 1
4309	1 0 0
4310	0 1 0
4311	0 1 0
4312	0 1 0
4313	0 0 1
4314	0 1 0
4315	0 1 0
4316	0 1 0
4317	0 1 0
4318	1 0 0
4319	0 0 1
4320	0 0 1
4321	0 1 0
4322	1 0 0
4323	1 0 0
4324	0 0 1
4325	1 0 0
4326	0 1 0
4327	1 0 0
4328	0 1 0
4329	1 0 0
4330	0 1 0
4331	0 0 1
4332	0 1 0
4333	0 1 0
4334	1 0 0
4335	0 1 0
4336	0 0 1
4337	0 0 1
4338	0 0 1
4339	1 0 0
4340	1 0 0
4341	0 1 0
4342	0 0 1
4343	1 0 0
4344	0 1 0
4345	0 0 1
4346	1 0 0
4347	1 0 0
4348	0 1 0
4349	0 1 0
4350	0 0 1
4351	1 0 0
4352	0 0 1
4353	1 0 0
4354	0 0 1
4355	0 1 0
4356	0 0 1
4357	0 0 1
4358	0 0 1
4359	0 1 0
4360	1 0 0
4361	0 1 0
4362	0 0 1
4363	0 1 0
4364	0 0 1
4365	0 1 0
4366	0 1 0
4367	0 1 0
4368	0 1 0
4369	0 1 0
4370	0 1 0
4371	0 0 1
4372	0 1 0
4373	1 0 0
4374	0 1 0
4375	1 0 0
4376	0 0 1
4377	1 0 0
4378	1 0 0
4379	0 0 1
4380	0 0 1
4381	0 1 0
4382	0 0 1
4383	0 1 0
4384	0 0 1
4385	0 0 1
4386	0 0 1
4387	0 0 1
4388	1 0 0
4389	1 0 0
4390	0 1 0
4391	0 1 0
4392	1 0 0
4393	0 0 1
4394	1 0 0
4395	0 1 0
4396	0 1 0
4397	0 0 1
4398	0 1 0
4399	0 0 1
4400	1 0 0
4401	0 1 0
4402	0 1 0
4403	0 0 1
4404	0 1 0
4405	1 0 0
4406	0 0 1
4407	1 0 0
4408	0 0 1
4409	1 0 0
4410	1 0 0
4411	1 0 0
4412	0 0 1
4413	0 0 1
4414	1 0 0
4415	0 0 1
4416	1 0 0
4417	0 0 1
4418	1 0 0
4419	1 0 0
4420	0 0 1
4421	0 0 1
4422	0 1 0
4423	0 1 0
4424	0 0 1
4425	0 0 1
4426	0 1 0
4427	0 1 0
4428	0 1 0
4429	0 0 1
4430	1 0 0
4431	0 0 1
4432	1 0 0
4433	0 0 1
4434	0 1 0
4435	0 1 0
4436	0 1 0
4437	1 0 0
4438	1 0 0
4439	0 1 0
4440	1 0 0
4441	0 0 1
4442	0 1 0
4443	1 0 0
4444	0 0 1
4445	0 0 1
4446	1 0 0
4447	1 0 0
4448	1 0 0
4449	0 1 0
4450	0 0 1
4451	0 0 1
4452	0 0 1
4453	0 1 0
4454	0 1 0
4455	1 0 0
4456	1 0 0
4457	0 0 1
4458	0 0 1
4459	0 1 0
4460	0 0 1
4461	0 1 0
4462	0 1 0
4463	0 1 0
4464	0 1 0
4465	0 1 0
4466	0 1 0
4467	0 0 1
4468	0 1 0
4469	1 0 0
4470	0 1 0
4471	0 1 0
4472	0 0 1
4473	0 1 0
4474	0 0 1
4475	0 1 0
4476	1 0 0
4477	1 0 0
4478	0 0 1
4479	0 1 0
4480	1 0 0
4481	1 0 0
4482	1 0 0
4483	1 0 0
4484	0 1 0
4485	0 1 0
4486	1 0 0
4487	0 0 1
4488	1 0 0
4489	0 0 1
4490	0 0 1
4491	0 1 0
4492	0 0 1
4493	1 0 0
4494	1 0 0
4495	0 0 1
4496	1 0 0
4497	1 0 0
4498	1 0 0
4499	0 0 1
4500	1 0 0
4501	1 0 0
4502	0 0 1
4503	0 1 0
4504	0 1 0
4505	0 1 0
4506	0 0 1
4507	0 1 0
4508	0 0 1
4509	1 0 0
4510	0 1 0
4511	0 0 1
4512	1 0 0
4513	0 1 0
4514	0 1 0
4515	0 1 0
4516	1 0 0
4517	0 0 1
4518	1 0 0
4519	0 1 0
4520	1 0 0
4521	1 0 0
4522	0 0 1
4523	0 1 0
4524	0 0 1
4525	1 0 0
4526	0 1 0
4527	0 0 1
4528	0 0 1
4529	0 1 0
4530	1 0 0
4531	0 0 1
4532	0 0 1
4533	0 1 0
4534	0 0 1
4535	1 0 0
4536	0 1 0
4537	0 1 0
4538	1 0 0
4539	0 1 0
4540	1 0 0
4541	0 0 1
4542	0 1 0
4543	1 0 0
4544	1 0 0
4545	1 0 0
4546	0 0 1
4547	0 1 0
4548	1 0 0
4549	0 0 1
4550	0 1 0
4551	1 0 0
4552	0 0 1
4553	0 1 0
4554	0 0 1
4555	0 0 1
4556	0 0 1
4557	0 0 1
4558	1 0 0
4559	1 0 0
4560	0 1 0
4561	0 0 1
4562	0 1 0
4563	0 0 1
4564	1 0 0
4565	0 1 0
4566	0 0 1
4567	0 1 0
4568	1 0 0
4569	0 1 0
4570	1 0 0
4571	0 1 0
4572	0 0 1
4573	0 1 0
4574	1 0 0
4575	0 0 1
4576	0 1 0
4577	0 1 0
4578	0 1 0
4579	0 1 0
4580	0 0 1
4581	0 1 0
4582	0 0 1
4583	0 1 0
4584	1 0 0
4585	1 0 0
4586	0 0 1
4587	0 0 1
4588	1 0 0
4589	1 0 0
4590	0 1 0
4591	0 1 0
4592	1 0 0
4593	0 0 1
4594	0 1 0
4595	0 0 1
4596	0 1 0
4597	0 0 1
4598	0 1 0
4599	0 0 1
4600	1 0 0
4601	0 1 0
4602	0 1 0
4603	0 1 0
4604	0 0 1
4605	0 1 0
4606	0 0 1
4607	0 1 0
4608	0 1 0
4609	1 0 0
4610	0 0 1
4611	0 1 0
4612	0 1 0
4613	0 1 0
4614	0 1 0
4615	1 0 0
4616	1 0 0
4617	0 0 1
4618	0 1 0
4619	1 0 0
4620	1 0 0
4621	1 0 0
4622	0 0 1
4623	0 0 1
4624	1 0 0
4625	0 1 0
4626	0 1 0
4627	1 0 0
4628	1 0 0
4629	0 1 0
4630	0 1 0
4631	0 1 0
4632	0 0 1
4633	0 0 1
4634	0 0 1
4635	1 0 0
4636	1 0 0
4637	0 1 0
4638	0 1 0
4639	0 1 0
4640	1 0 0
4641	0 1 0
4642	1 0 0
4643	0 1 0
4644	0 1 0
4645	0 0 1
4646	0 1 0
4647	0 0 1
4648	0 0 1
4649	0 1 0
4650	0 1 0
4651	0 1 0
4652	0 0 1
4653	1 0 0
4654	1 0 0
4655	0 1 0
4656	0 0 1
4657	0 1 0
4658	0 1 0
4659	0 1 0
4660	1 0 0
4661	0 0 1
4662	0 1 0
4663	0 1 0
4664	1 0 0
4665	0 0 1
4666	0 1 0
4667	0 0 1
4668	1 0 0
4669	1 0 0
4670	1 0 0
4671	0 1 0
4672	0 1 0
4673	1 0 0
4674	0 1 0
4675	0 0 1
4676	1 0 0
4677	1 0 0
4678	0 1 0
4679	0 0 1
4680	0 0 1
4681	0 0 1
4682	1 0 0
4683	0 0 1
4684	0 1 0
4685	1 0 0
4686	1 0 0
4687	0 1 0
4688	1 0 0
4689	1 0 0
4690	1 0 0
4691	0 0 1
4692	1 0 0
4693	0 1 0
4694	0 0 1
4695	0 1 0
4696	0 0 1
4697	1 0 0
4698	1 0 0
4699	1 0 0
4700	0 0 1
4701	0 1 0
4702	0 1 0
4703	0 1 0
4704	0 1 0
4705	0 0 1
4706	1 0 0
4707	1 0 0
4708	0 0 1
4709	0 0 1
4710	0 0 1
4711	0 1 0
4712	0 0 1
4713	0 1 0
4714	1 0 0
4715	0 1 0
4716	0 0 1
4717	1 0 0
4718	0 0 1
4719	0 0 1
4720	0 0 1
4721	0 0 1
4722	1 0 0
4723	0 1 0
4724	0 0 1
4725	0 0 1
4726	0 1 0
4727	0 0 1
4728	0 1 0
4729	1 0 0
4730	0 0 1
4731	0 1 0
4732	0 1 0
4733	1 0 0
4734	0 1 0
4735	0 1 0
4736	1 0 0
4737	1 0 0
4738	0 1 0
4739	0 0 1
4740	1 0 0
4741	0 1 0
4742	1 0 0
4743	1 0 0
4744	1 0 0
4745	0 0 1
4746	0 0 1
4747	0 0 1
4748	1 0 0
4749	0 1 0
4750	0 1 0
4751	0 0 1
4752	0 1 0
4753	0 1 0
4754	1 0 0
4755	1 0 0
4756	0 0 1
4757	0 1 0
4758	1 0 0
4759	1 0 0
4760	0 0 1
4761	0 0 1
4762	1 0 0
4763	0 1 0
4764	0 0 1
4765	1 0 0
4766	0 1 0
4767	0 0 1
4768	0 1 0
4769	0 0 1
4770	0 0 1
4771	0 0 1
4772	0 0 1
4773	1 0 0
4774	0 0 1
4775	0 1 0
4776	0 1 0
4777	0 1 0
4778	0 1 0
4779	0 0 1
4780	1 0 0
4781	1 0 0
4782	0 1 0
4783	0 0 1
4784	1 0 0
4785	0 0 1
4786	1 0 0
4787	1 0 0
4788	1 0 0
4789	0 1 0
4790	0 1 0
4791	0 1 0
4792	1 0 0
4793	0 0 1
4794	1 0 0
4795	0 1 0
4796	1 0 0
4797	0 0 1
4798	1 0 0
4799	0 1 0
4800	0 0 1
4801	1 0 0
4802	0 1 0
4803	0 1 0
4804	0 0 1
4805	0 0 1
4806	0 1 0
4807	1 0 0
4808	0 1 0
4809	1 0 0
4810	0 0 1
4811	0 0 1
4812	0 1 0
4813	0 1 0
4814	0 0 1
4815	1 0 0
4816	0 1 0
4817	0 0 1
4818	0 1 0
4819	0 0 1
4820	0 0 1
4821	1 0 0
4822	0 0 1
4823	1 0 0
4824	1 0 0
4825	1 0 0
4826	0 0 1
4827	0 1 0
4828	1 0 0
4829	1 0 0
4830	0 0 1
4831	1 0 0
4832	0 0 1
4833	1 0 0
4834	0 1 0
4835	0 0 1
4836	0 0 1
4837	0 1 0
4838	0 1 0
4839	0 1 0
4840	0 1 0
4841	1 0 0
4842	0 0 1
4843	0 1 0
4844	0 0 1
4845	0 1 0
4846	1 0 0
4847	0 1 0
4848	1 0 0
4849	0 0 1
4850	1 0 0
4851	0 1 0
4852	0 1 0
4853	0 1 0
4854	0 1 0
4855	0 1 0
4856	1 0 0
4857	0 1 0
4858	0 0 1
4859	0 0 1
4860	0 1 0
4861	1 0 0
4862	0 0 1
4863	0 1 0
4864	0 0 1
4865	0 1 0
4866	0 1 0
4867	0 1 0
4868	0 0 1
4869	1 0 0
4870	0 1 0
4871	0 1 0
4872	1 0 0
4873	0 0 1
4874	1 0 0
4875	0 0 1
4876	0 1 0
4877	0 0 1
4878	0 0 1
4879	1 0 0
4880	0 0 1
4881	0 0 1
4882	1 0 0
4883	0 1 0
4884	0 0 1
4885	0 1 0
4886	0 1 0
4887	0 0 1
4888	1 0 0
4889	1 0 0
4890	1 0 0
4891	0 1 0
4892	1 0 0
4893	1 0 0
4894	0 1 0
4895	0 0 1
4896	1 0 0
4897	0 0 1
4898	0 1 0
4899	1 0 0
4900	0 1 0
4901	1 0 0
4902	1 0 0
4903	0 0 1
4904	0 1 0
4905	0 0 1
4906	0 0 1
4907	1 0 0
4908	0 1 0
4909	1 0 0
4910	0 0 1
4911	0 0 1
4912	0 0 1
4913	0 1 0
4914	1 0 0
4915	1 0 0
4916	1 0 0
4917	1 0 0
4918	0 1 0
4919	0 1 0
4920	0 1 0
4921	0 0 1
4922	0 1 0
4923	1 0 0
4924	1 0 0
4925	1 0 0
4926	0 0 1
4927	0 1 0
4928	1 0 0
4929	0 1 0
4930	1 0 0
4931	0 1 0
4932	1 0 0
4933	0 1 0
4934	1 0 0
4935	0 1 0
4936	0 1 0
4937	0 0 1
4938	0 0 1
4939	0 0 1
4940	0 0 1
4941	0 1 0
4942	1 0 0
4943	1 0 0
4944	0 0 1
4945	0 0 1
4946	0 1 0
4947	1 0 0
4948	1 0 0
4949	0 1 0
4950	0 1 0
4951	1 0 0
4952	0 1 0
4953	0 1 0
4954	1 0 0
4955	0 0 1
4956	0 1 0
4957	1 0 0
4958	0 1 0
4959	0 1 0
4960	0 1 0
4961	1 0 0
4962	1 0 0
4963	0 1 0
4964	0 0 1
4965	0 0 1
4966	0 0 1
4967	1 0 0
4968	0 1 0
4969	1 0 0
4970	0 0 1
4971	0 0 1
4972	1 0 0
4973	1 0 0
4974	1 0 0
4975	1 0 0
4976	0 1 0
4977	1 0 0
4978	0 0 1
4979	1 0 0
4980	0 1 0
4981	1 0 0
4982	1 0 0
4983	0 0 1
4984	1 0 0
4985	1 0 0
4986	0 1 0
4987	1 0 0
4988	0 1 0
4989	1 0 0
4990	0 1 0
4991	1 0 0
4992	1 0 0
4993	0 1 0
4994	0 0 1
4995	0 1 0
4996	1 0 0
4997	0 0 1
4998	0 1 0
4999	0 0 1
