0	0 1 0
1	0 1 0
2	0 0 1
3	0 0 1
4	1 0 0
5	0 0 1
6	0 1 0
7	0 1 0
8	1 0 0
9	1 0 0
10	0 1 0
11	0 0 1
12	0 1 0
13	1 0 0
14	0 0 1
15	0 1 0
16	1 0 0
17	0 1 0
18	0 1 0
19	0 0 1
20	0 0 1
21	0 0 1
22	0 0 1
23	0 0 1
24	1 0 0
25	0 0 1
26	0 1 0
27	1 0 0
28	1 0 0
29	0 1 0
30	0 0 1
31	0 0 1
32	0 0 1
33	0 0 1
34	0 0 1
35	0 0 1
36	0 1 0
37	0 1 0
38	1 0 0
39	1 0 0
40	0 0 1
41	0 1 0
42	1 0 0
43	0 0 1
44	0 0 1
45	0 1 0
46	0 1 0
47	1 0 0
48	1 0 0
49	0 0 1
50	0 1 0
51	1 0 0
52	1 0 0
53	1 0 0
54	1 0 0
55	0 0 1
56	0 0 1
57	1 0 0
58	1 0 0
59	0 1 0
60	1 0 0
61	0 1 0
62	0 1 0
63	0 1 0
64	0 1 0
65	1 0 0
66	0 0 1
67	0 1 0
68	1 0 0
69	0 0 1
70	1 0 0
71	0 1 0
72	0 0 1
73	1 0 0
74	0 0 1
75	0 0 1
76	0 1 0
77	1 0 0
78	0 0 1
79	0 1 0
80	0 1 0
81	0 0 1
82	0 1 0
83	1 0 0
84	0 0 1
85	0 1 0
86	0 0 1
87	0 1 0
88	0 1 0
89	0 1 0
90	1 0 0
91	0 0 1
92	0 1 0
93	1 0 0
94	0 1 0
95	0 1 0
96	0 1 0
97	1 0 0
98	0 0 1
99	1 0 0
100	0 1 0
101	0 0 1
102	1 0 0
103	0 0 1
104	0 0 1
105	1 0 0
106	0 0 1
107	1 0 0
108	0 0 1
109	0 1 0
110	0 1 0
111	0 0 1
112	1 0 0
113	1 0 0
114	0 1 0
115	1 0 0
116	0 1 0
117	0 0 1
118	1 0 0
119	0 0 1
120	0 0 1
121	1 0 0
122	0 1 0
123	0 1 0
124	0 0 1
125	1 0 0
126	0 0 1
127	0 0 1
128	0 0 1
129	1 0 0
130	1 0 0
131	0 0 1
132	0 1 0
133	0 1 0
134	0 0 1
135	0 0 1
136	0 1 0
137	0 0 1
138	1 0 0
139	1 0 0
140	1 0 0
141	0 0 1
142	1 0 0
143	0 1 0
144	0 1 0
145	0 1 0
146	1 0 0
147	1 0 0
148	1 0 0
149	1 0 0
150	0 0 1
151	1 0 0
152	0 1 0
153	0 0 1
154	0 0 1
155	1 0 0
156	0 1 0
157	1 0 0
158	0 0 1
159	1 0 0
160	0 0 1
161	1 0 0
162	0 1 0
163	1 0 0
164	1 0 0
165	1 0 0
166	0 0 1
167	0 1 0
168	0 1 0
169	0 1 0
170	0 0 1
171	1 0 0
172	1 0 0
173	1 0 0
174	1 0 0
175	0 1 0
176	1 0 0
177	1 0 0
178	0 1 0
179	0 1 0
180	0 1 0
181	0 0 1
182	1 0 0
183	0 0 1
184	0 0 1
185	1 0 0
186	0 0 1
187	0 1 0
188	1 0 0
189	0 1 0
190	0 1 0
191	0 1 0
192	0 0 1
193	0 1 0
194	0 1 0
195	1 0 0
196	1 0 0
197	0 1 0
198	0 0 1
199	0 0 1
200	0 0 1
201	1 0 0
202	1 0 0
203	0 0 1
204	0 0 1
205	0 0 1
206	1 0 0
207	0 1 0
208	0 1 0
209	0 1 0
210	0 1 0
211	0 0 1
212	0 1 0
213	0 1 0
214	1 0 0
215	0 1 0
216	1 0 0
217	1 0 0
218	1 0 0
219	0 0 1
220	0 1 0
221	1 0 0
222	0 0 1
223	1 0 0
224	0 0 1
225	0 0 1
226	1 0 0
227	0 0 1
228	0 0 1
229	0 1 0
230	0 0 1
231	0 0 1
232	0 1 0
233	1 0 0
234	0 0 1
235	0 1 0
236	0 1 0
237	0 1 0
238	1 0 0
239	1 0 0
240	0 0 1
241	0 1 0
242	0 1 0
243	0 0 1
244	0 1 0
245	1 0 0
246	1 0 0
247	0 0 1
248	0 0 1
249	0 0 1
250	1 0 0
251	0 0 1
252	1 0 0
253	0 0 1
254	0 0 1
255	0 0 1
256	0 1 0
257	0 0 1
258	0 0 1
259	0 1 0
260	0 0 1
261	0 0 1
262	0 0 1
263	1 0 0
264	0 1 0
265	0 0 1
266	1 0 0
267	1 0 0
268	1 0 0
269	0 0 1
270	0 0 1
271	0 1 0
272	0 0 1
273	0 1 0
274	0 0 1
275	0 1 0
276	0 0 1
277	1 0 0
278	0 0 1
279	1 0 0
280	1 0 0
281	0 0 1
282	0 1 0
283	1 0 0
284	0 0 1
285	0 0 1
286	0 0 1
287	0 1 0
288	0 0 1
289	1 0 0
290	0 0 1
291	1 0 0
292	0 0 1
293	0 0 1
294	1 0 0
295	0 1 0
296	0 0 1
297	0 0 1
298	0 1 0
299	1 0 0
300	1 0 0
301	0 1 0
302	1 0 0
303	0 0 1
304	0 0 1
305	1 0 0
306	1 0 0
307	0 1 0
308	0 1 0
309	0 1 0
310	0 0 1
311	0 1 0
312	0 1 0
313	1 0 0
314	0 0 1
315	0 0 1
316	1 0 0
317	1 0 0
318	1 0 0
319	0 0 1
320	0 1 0
321	1 0 0
322	0 0 1
323	0 0 1
324	0 0 1
325	1 0 0
326	0 1 0
327	0 1 0
328	0 0 1
329	1 0 0
330	1 0 0
331	0 1 0
332	1 0 0
333	0 0 1
334	1 0 0
335	0 0 1
336	0 0 1
337	1 0 0
338	1 0 0
339	0 0 1
340	1 0 0
341	0 1 0
342	1 0 0
343	1 0 0
344	0 0 1
345	0 0 1
346	0 1 0
347	0 1 0
348	1 0 0
349	1 0 0
350	1 0 0
351	0 1 0
352	1 0 0
353	0 0 1
354	1 0 0
355	0 0 1
356	0 0 1
357	0 0 1
358	0 1 0
359	0 1 0
360	0 1 0
361	0 0 1
362	0 1 0
363	1 0 0
364	0 1 0
365	0 1 0
366	0 0 1
367	1 0 0
368	1 0 0
369	0 1 0
370	0 0 1
371	0 1 0
372	1 0 0
373	1 0 0
374	0 1 0
375	0 1 0
376	1 0 0
377	1 0 0
378	0 0 1
379	0 1 0
380	1 0 0
381	0 0 1
382	0 1 0
383	0 1 0
384	0 0 1
385	0 0 1
386	0 1 0
387	0 0 1
388	0 0 1
389	1 0 0
390	1 0 0
391	0 0 1
392	0 1 0
393	1 0 0
394	0 1 0
395	0 0 1
396	0 0 1
397	0 1 0
398	1 0 0
399	0 1 0
400	0 0 1
401	0 1 0
402	0 1 0
403	0 1 0
404	0 0 1
405	1 0 0
406	0 1 0
407	0 1 0
408	0 0 1
409	0 0 1
410	1 0 0
411	0 0 1
412	1 0 0
413	0 0 1
414	0 1 0
415	0 1 0
416	1 0 0
417	0 0 1
418	0 1 0
419	0 1 0
420	0 0 1
421	1 0 0
422	0 0 1
423	0 1 0
424	0 1 0
425	0 1 0
426	0 1 0
427	0 1 0
428	0 1 0
429	1 0 0
430	0 0 1
431	0 1 0
432	0 1 0
433	0 0 1
434	0 0 1
435	1 0 0
436	0 0 1
437	0 0 1
438	0 0 1
439	0 0 1
440	0 0 1
441	1 0 0
442	0 1 0
443	1 0 0
444	0 1 0
445	0 1 0
446	0 0 1
447	1 0 0
448	1 0 0
449	0 0 1
450	1 0 0
451	1 0 0
452	1 0 0
453	0 0 1
454	0 1 0
455	0 1 0
456	0 0 1
457	1 0 0
458	0 0 1
459	1 0 0
460	0 1 0
461	0 0 1
462	0 1 0
463	0 1 0
464	0 0 1
465	0 0 1
466	1 0 0
467	0 0 1
468	0 1 0
469	1 0 0
470	0 0 1
471	0 0 1
472	1 0 0
473	1 0 0
474	0 0 1
475	0 0 1
476	0 0 1
477	1 0 0
478	1 0 0
479	0 1 0
480	0 1 0
481	1 0 0
482	1 0 0
483	1 0 0
484	1 0 0
485	1 0 0
486	0 0 1
487	1 0 0
488	1 0 0
489	0 1 0
490	0 0 1
491	0 0 1
492	0 1 0
493	0 0 1
494	1 0 0
495	0 1 0
496	1 0 0
497	0 1 0
498	0 0 1
499	0 0 1
500	1 0 0
501	0 0 1
502	1 0 0
503	0 1 0
504	0 0 1
505	0 0 1
506	0 1 0
507	0 0 1
508	0 0 1
509	0 0 1
510	1 0 0
511	0 0 1
512	1 0 0
513	0 1 0
514	0 0 1
515	1 0 0
516	0 1 0
517	1 0 0
518	1 0 0
519	1 0 0
520	0 1 0
521	0 1 0
522	0 0 1
523	0 0 1
524	1 0 0
525	0 0 1
526	1 0 0
527	0 0 1
528	0 0 1
529	1 0 0
530	1 0 0
531	0 0 1
532	0 0 1
533	0 1 0
534	0 1 0
535	0 1 0
536	0 1 0
537	0 0 1
538	1 0 0
539	1 0 0
540	1 0 0
541	0 0 1
542	1 0 0
543	1 0 0
544	0 1 0
545	1 0 0
546	1 0 0
547	0 1 0
548	0 1 0
549	0 1 0
550	0 1 0
551	0 1 0
552	1 0 0
553	1 0 0
554	1 0 0
555	0 0 1
556	0 1 0
557	0 1 0
558	0 1 0
559	1 0 0
560	1 0 0
561	0 0 1
562	0 0 1
563	0 1 0
564	1 0 0
565	0 0 1
566	1 0 0
567	0 1 0
568	0 1 0
569	1 0 0
570	0 0 1
571	0 0 1
572	0 0 1
573	0 1 0
574	0 1 0
575	1 0 0
576	1 0 0
577	1 0 0
578	0 0 1
579	1 0 0
580	0 0 1
581	1 0 0
582	0 0 1
583	0 0 1
584	0 0 1
585	0 0 1
586	0 0 1
587	1 0 0
588	0 0 1
589	0 1 0
590	0 0 1
591	1 0 0
592	1 0 0
593	0 0 1
594	0 1 0
595	0 0 1
596	0 0 1
597	0 0 1
598	1 0 0
599	0 0 1
600	0 1 0
601	0 0 1
602	1 0 0
603	0 0 1
604	1 0 0
605	0 1 0
606	1 0 0
607	0 1 0
608	0 0 1
609	1 0 0
610	1 0 0
611	0 1 0
612	1 0 0
613	1 0 0
614	0 1 0
615	0 1 0
616	0 1 0
617	0 1 0
618	1 0 0
619	0 1 0
620	1 0 0
621	1 0 0
622	0 1 0
623	0 1 0
624	1 0 0
625	0 1 0
626	0 0 1
627	0 0 1
628	1 0 0
629	0 1 0
630	1 0 0
631	1 0 0
632	0 0 1
633	0 0 1
634	1 0 0
635	0 1 0
636	0 0 1
637	0 0 1
638	0 0 1
639	1 0 0
640	1 0 0
641	0 1 0
642	0 1 0
643	1 0 0
644	0 0 1
645	0 0 1
646	1 0 0
647	0 0 1
648	0 1 0
649	1 0 0
650	1 0 0
651	1 0 0
652	1 0 0
653	0 0 1
654	0 0 1
655	0 0 1
656	0 1 0
657	1 0 0
658	0 0 1
659	1 0 0
660	0 1 0
661	0 0 1
662	0 0 1
663	0 0 1
664	0 0 1
665	1 0 0
666	0 1 0
667	1 0 0
668	0 1 0
669	0 1 0
670	1 0 0
671	1 0 0
672	0 0 1
673	1 0 0
674	0 1 0
675	0 1 0
676	0 0 1
677	0 1 0
678	0 1 0
679	0 0 1
680	0 0 1
681	0 1 0
682	0 0 1
683	0 0 1
684	0 0 1
685	0 1 0
686	0 0 1
687	0 1 0
688	0 1 0
689	0 0 1
690	0 0 1
691	0 1 0
692	0 1 0
693	1 0 0
694	1 0 0
695	0 0 1
696	0 1 0
697	1 0 0
698	0 1 0
699	1 0 0
700	0 1 0
701	0 1 0
702	1 0 0
703	1 0 0
704	1 0 0
705	0 1 0
706	1 0 0
707	0 0 1
708	0 1 0
709	0 0 1
710	0 0 1
711	1 0 0
712	1 0 0
713	0 0 1
714	0 1 0
715	0 1 0
716	1 0 0
717	0 0 1
718	0 1 0
719	1 0 0
720	1 0 0
721	0 1 0
722	0 0 1
723	1 0 0
724	1 0 0
725	0 0 1
726	1 0 0
727	1 0 0
728	1 0 0
729	1 0 0
730	0 0 1
731	0 0 1
732	1 0 0
733	0 1 0
734	1 0 0
735	0 0 1
736	1 0 0
737	0 0 1
738	0 1 0
739	0 0 1
740	1 0 0
741	1 0 0
742	0 0 1
743	1 0 0
744	0 1 0
745	0 0 1
746	0 0 1
747	0 0 1
748	0 1 0
749	0 1 0
750	0 0 1
751	1 0 0
752	1 0 0
753	0 0 1
754	0 1 0
755	0 0 1
756	0 0 1
757	0 0 1
758	1 0 0
759	1 0 0
760	1 0 0
761	1 0 0
762	0 0 1
763	0 0 1
764	0 0 1
765	0 0 1
766	0 0 1
767	0 1 0
768	0 1 0
769	0 0 1
770	0 0 1
771	1 0 0
772	0 1 0
773	0 0 1
774	0 1 0
775	0 1 0
776	0 0 1
777	0 1 0
778	1 0 0
779	0 1 0
780	0 0 1
781	0 1 0
782	1 0 0
783	0 1 0
784	0 1 0
785	1 0 0
786	0 1 0
787	0 0 1
788	0 0 1
789	1 0 0
790	0 1 0
791	0 0 1
792	1 0 0
793	1 0 0
794	0 0 1
795	1 0 0
796	0 1 0
797	0 0 1
798	1 0 0
799	1 0 0
800	1 0 0
801	0 0 1
802	0 0 1
803	1 0 0
804	0 0 1
805	0 1 0
806	0 0 1
807	1 0 0
808	0 1 0
809	0 0 1
810	1 0 0
811	0 0 1
812	1 0 0
813	0 0 1
814	1 0 0
815	0 1 0
816	1 0 0
817	1 0 0
818	1 0 0
819	0 0 1
820	0 0 1
821	0 0 1
822	1 0 0
823	1 0 0
824	0 0 1
825	1 0 0
826	0 0 1
827	0 1 0
828	0 1 0
829	0 0 1
830	0 1 0
831	1 0 0
832	1 0 0
833	1 0 0
834	1 0 0
835	0 1 0
836	1 0 0
837	0 1 0
838	0 0 1
839	1 0 0
840	1 0 0
841	0 1 0
842	0 1 0
843	1 0 0
844	0 0 1
845	0 0 1
846	1 0 0
847	1 0 0
848	0 0 1
849	0 1 0
850	1 0 0
851	0 0 1
852	1 0 0
853	1 0 0
854	0 1 0
855	0 0 1
856	0 0 1
857	1 0 0
858	1 0 0
859	0 0 1
860	0 1 0
861	0 1 0
862	1 0 0
863	1 0 0
864	0 1 0
865	1 0 0
866	1 0 0
867	0 1 0
868	1 0 0
869	1 0 0
870	0 0 1
871	0 0 1
872	1 0 0
873	1 0 0
874	0 0 1
875	0 0 1
876	0 0 1
877	0 1 0
878	0 1 0
879	0 1 0
880	0 1 0
881	0 1 0
882	0 1 0
883	0 1 0
884	0 0 1
885	1 0 0
886	0 1 0
887	1 0 0
888	0 0 1
889	0 1 0
890	0 1 0
891	0 1 0
892	0 1 0
893	0 0 1
894	0 1 0
895	1 0 0
896	0 0 1
897	0 1 0
898	0 1 0
899	1 0 0
900	1 0 0
901	0 0 1
902	0 1 0
903	0 1 0
904	1 0 0
905	1 0 0
906	1 0 0
907	0 1 0
908	1 0 0
909	0 1 0
910	0 1 0
911	0 1 0
912	0 1 0
913	1 0 0
914	0 0 1
915	0 0 1
916	1 0 0
917	0 0 1
918	0 0 1
919	1 0 0
920	0 0 1
921	0 1 0
922	0 1 0
923	0 1 0
924	0 0 1
925	0 0 1
926	1 0 0
927	0 0 1
928	0 0 1
929	1 0 0
930	1 0 0
931	1 0 0
932	0 0 1
933	0 1 0
934	0 1 0
935	0 0 1
936	0 0 1
937	0 0 1
938	0 1 0
939	1 0 0
940	0 1 0
941	0 1 0
942	0 0 1
943	0 1 0
944	1 0 0
945	1 0 0
946	1 0 0
947	0 0 1
948	0 0 1
949	0 0 1
950	0 0 1
951	1 0 0
952	0 0 1
953	1 0 0
954	0 0 1
955	0 0 1
956	1 0 0
957	0 0 1
958	0 1 0
959	0 1 0
960	0 1 0
961	0 0 1
962	1 0 0
963	0 0 1
964	0 1 0
965	0 0 1
966	1 0 0
967	0 0 1
968	1 0 0
969	1 0 0
970	0 1 0
971	0 1 0
972	0 0 1
973	0 0 1
974	0 1 0
975	0 1 0
976	0 0 1
977	0 0 1
978	0 0 1
979	1 0 0
980	0 0 1
981	1 0 0
982	0 1 0
983	0 1 0
984	0 0 1
985	1 0 0
986	0 1 0
987	0 1 0
988	0 0 1
989	1 0 0
990	0 1 0
991	0 0 1
992	1 0 0
993	0 1 0
994	1 0 0
995	0 1 0
996	1 0 0
997	0 1 0
998	0 0 1
999	0 1 0
1000	0 0 1
1001	0 1 0
1002	0 0 1
1003	0 0 1
1004	1 0 0
1005	1 0 0
1006	0 1 0
1007	0 0 1
1008	0 0 1
1009	0 0 1
1010	0 1 0
1011	0 0 1
1012	1 0 0
1013	1 0 0
1014	1 0 0
1015	0 0 1
1016	0 0 1
1017	1 0 0
1018	0 0 1
1019	0 0 1
1020	0 0 1
1021	0 0 1
1022	0 0 1
1023	1 0 0
1024	0 0 1
1025	1 0 0
1026	0 1 0
1027	0 0 1
1028	0 1 0
1029	0 0 1
1030	0 1 0
1031	0 1 0
1032	1 0 0
1033	0 0 1
1034	0 1 0
1035	0 1 0
1036	0 1 0
1037	0 0 1
1038	0 1 0
1039	0 0 1
1040	1 0 0
1041	0 0 1
1042	0 1 0
1043	0 1 0
1044	0 0 1
1045	0 1 0
1046	1 0 0
1047	0 1 0
1048	0 0 1
1049	1 0 0
1050	1 0 0
1051	0 0 1
1052	0 0 1
1053	0 1 0
1054	0 1 0
1055	0 0 1
1056	1 0 0
1057	0 0 1
1058	0 1 0
1059	0 0 1
1060	0 0 1
1061	0 0 1
1062	0 1 0
1063	0 0 1
1064	0 1 0
1065	0 0 1
1066	0 0 1
1067	1 0 0
1068	1 0 0
1069	0 1 0
1070	1 0 0
1071	1 0 0
1072	1 0 0
1073	0 1 0
1074	1 0 0
1075	1 0 0
1076	0 1 0
1077	0 0 1
1078	0 1 0
1079	1 0 0
1080	0 0 1
1081	0 1 0
1082	0 1 0
1083	0 1 0
1084	1 0 0
1085	0 1 0
1086	1 0 0
1087	0 0 1
1088	0 0 1
1089	1 0 0
1090	1 0 0
1091	0 0 1
1092	1 0 0
1093	1 0 0
1094	1 0 0
1095	0 1 0
1096	1 0 0
1097	0 0 1
1098	0 0 1
1099	1 0 0
1100	1 0 0
1101	0 0 1
1102	0 0 1
1103	0 1 0
1104	0 1 0
1105	0 0 1
1106	0 0 1
1107	1 0 0
1108	0 0 1
1109	1 0 0
1110	1 0 0
1111	1 0 0
1112	1 0 0
1113	1 0 0
1114	0 0 1
1115	1 0 0
1116	0 0 1
1117	0 0 1
1118	0 1 0
1119	0 1 0
1120	0 1 0
1121	1 0 0
1122	0 1 0
1123	0 0 1
1124	0 1 0
1125	1 0 0
1126	1 0 0
1127	1 0 0
1128	0 1 0
1129	0 0 1
1130	0 0 1
1131	0 0 1
1132	0 1 0
1133	0 1 0
1134	0 1 0
1135	0 1 0
1136	1 0 0
1137	1 0 0
1138	0 0 1
1139	0 1 0
1140	1 0 0
1141	0 0 1
1142	1 0 0
1143	0 1 0
1144	0 0 1
1145	1 0 0
1146	0 0 1
1147	0 1 0
1148	1 0 0
1149	0 1 0
1150	0 1 0
1151	0 1 0
1152	0 1 0
1153	0 0 1
1154	1 0 0
1155	1 0 0
1156	1 0 0
1157	0 0 1
1158	0 1 0
1159	0 0 1
1160	1 0 0
1161	1 0 0
1162	1 0 0
1163	0 0 1
1164	0 1 0
1165	0 0 1
1166	0 0 1
1167	1 0 0
1168	0 1 0
1169	1 0 0
1170	0 0 1
1171	1 0 0
1172	0 1 0
1173	0 1 0
1174	0 0 1
1175	0 1 0
1176	1 0 0
1177	1 0 0
1178	1 0 0
1179	1 0 0
1180	0 1 0
1181	0 0 1
1182	0 1 0
1183	0 0 1
1184	1 0 0
1185	0 0 1
1186	1 0 0
1187	0 1 0
1188	1 0 0
1189	1 0 0
1190	1 0 0
1191	1 0 0
1192	0 0 1
1193	1 0 0
1194	0 1 0
1195	0 0 1
1196	0 1 0
1197	0 1 0
1198	0 0 1
1199	1 0 0
1200	0 0 1
1201	1 0 0
1202	1 0 0
1203	0 0 1
1204	1 0 0
1205	0 0 1
1206	0 1 0
1207	0 0 1
1208	0 0 1
1209	1 0 0
1210	0 1 0
1211	0 1 0
1212	0 0 1
1213	0 0 1
1214	1 0 0
1215	1 0 0
1216	0 1 0
1217	0 0 1
1218	1 0 0
1219	0 0 1
1220	0 0 1
1221	0 0 1
1222	0 0 1
1223	0 0 1
1224	0 1 0
1225	0 1 0
1226	0 1 0
1227	0 0 1
1228	0 0 1
1229	0 1 0
1230	0 1 0
1231	1 0 0
1232	0 0 1
1233	0 0 1
1234	0 1 0
1235	0 0 1
1236	0 0 1
1237	0 1 0
1238	0 1 0
1239	1 0 0
1240	1 0 0
1241	1 0 0
1242	0 1 0
1243	1 0 0
1244	0 0 1
1245	0 0 1
1246	0 0 1
1247	0 1 0
1248	0 1 0
1249	1 0 0
1250	0 1 0
1251	0 1 0
1252	1 0 0
1253	0 0 1
1254	1 0 0
1255	1 0 0
1256	1 0 0
1257	0 0 1
1258	1 0 0
1259	0 1 0
1260	0 0 1
1261	1 0 0
1262	1 0 0
1263	0 1 0
1264	0 1 0
1265	1 0 0
1266	1 0 0
1267	0 1 0
1268	0 0 1
1269	0 1 0
1270	1 0 0
1271	0 0 1
1272	0 0 1
1273	0 1 0
1274	0 1 0
1275	0 0 1
1276	0 0 1
1277	1 0 0
1278	1 0 0
1279	0 0 1
1280	0 0 1
1281	0 0 1
1282	0 0 1
1283	0 1 0
1284	0 0 1
1285	0 0 1
1286	0 1 0
1287	0 0 1
1288	0 0 1
1289	1 0 0
1290	1 0 0
1291	0 1 0
1292	1 0 0
1293	0 0 1
1294	0 0 1
1295	0 0 1
1296	0 0 1
1297	0 0 1
1298	0 1 0
1299	0 0 1
1300	0 0 1
1301	0 1 0
1302	0 0 1
1303	1 0 0
1304	0 1 0
1305	0 0 1
1306	0 0 1
1307	0 0 1
1308	0 1 0
1309	1 0 0
1310	0 0 1
1311	0 0 1
1312	0 1 0
1313	1 0 0
1314	0 1 0
1315	0 0 1
1316	1 0 0
1317	1 0 0
1318	0 1 0
1319	0 1 0
1320	1 0 0
1321	0 1 0
1322	0 1 0
1323	0 1 0
1324	1 0 0
1325	0 0 1
1326	0 1 0
1327	0 0 1
1328	0 0 1
1329	0 1 0
1330	0 0 1
1331	0 0 1
1332	1 0 0
1333	1 0 0
1334	0 0 1
1335	0 1 0
1336	0 0 1
1337	0 1 0
1338	0 1 0
1339	0 0 1
1340	1 0 0
1341	1 0 0
1342	0 1 0
1343	1 0 0
1344	0 0 1
1345	0 1 0
1346	0 1 0
1347	0 0 1
1348	0 0 1
1349	1 0 0
1350	0 0 1
1351	0 0 1
1352	0 0 1
1353	0 0 1
1354	0 1 0
1355	0 1 0
1356	0 0 1
1357	1 0 0
1358	0 0 1
1359	1 0 0
1360	0 0 1
1361	0 0 1
1362	0 0 1
1363	0 0 1
1364	1 0 0
1365	0 1 0
1366	0 0 1
1367	1 0 0
1368	0 0 1
1369	0 1 0
1370	0 0 1
1371	1 0 0
1372	0 0 1
1373	0 0 1
1374	0 1 0
1375	0 1 0
1376	0 0 1
1377	0 0 1
1378	0 0 1
1379	0 1 0
1380	0 1 0
1381	1 0 0
1382	1 0 0
1383	1 0 0
1384	0 1 0
1385	0 0 1
1386	0 1 0
1387	0 0 1
1388	0 1 0
1389	0 0 1
1390	1 0 0
1391	1 0 0
1392	0 0 1
1393	1 0 0
1394	0 1 0
1395	1 0 0
1396	1 0 0
1397	0 0 1
1398	0 0 1
1399	0 1 0
1400	0 1 0
1401	0 0 1
1402	0 1 0
1403	0 0 1
1404	1 0 0
1405	0 1 0
1406	0 1 0
1407	0 1 0
1408	1 0 0
1409	1 0 0
1410	0 1 0
1411	1 0 0
1412	1 0 0
1413	0 1 0
1414	0 1 0
1415	0 0 1
1416	1 0 0
1417	1 0 0
1418	0 0 1
1419	1 0 0
1420	1 0 0
1421	0 0 1
1422	1 0 0
1423	1 0 0
1424	0 1 0
1425	0 1 0
1426	0 1 0
1427	1 0 0
1428	1 0 0
1429	0 1 0
1430	0 1 0
1431	1 0 0
1432	1 0 0
1433	0 1 0
1434	0 1 0
1435	1 0 0
1436	1 0 0
1437	0 1 0
1438	1 0 0
1439	0 1 0
1440	1 0 0
1441	0 1 0
1442	0 1 0
1443	0 1 0
1444	0 0 1
1445	0 0 1
1446	0 0 1
1447	0 1 0
1448	1 0 0
1449	1 0 0
1450	1 0 0
1451	1 0 0
1452	1 0 0
1453	0 1 0
1454	0 1 0
1455	0 1 0
1456	1 0 0
1457	0 0 1
1458	1 0 0
1459	1 0 0
1460	1 0 0
1461	0 1 0
1462	0 0 1
1463	1 0 0
1464	1 0 0
1465	0 1 0
1466	0 1 0
1467	0 1 0
1468	0 0 1
1469	0 0 1
1470	1 0 0
1471	0 1 0
1472	0 1 0
1473	0 1 0
1474	0 0 1
1475	0 1 0
1476	0 0 1
1477	0 1 0
1478	1 0 0
1479	0 1 0
1480	1 0 0
1481	0 0 1
1482	1 0 0
1483	0 1 0
1484	0 1 0
1485	0 1 0
1486	0 0 1
1487	0 1 0
1488	0 1 0
1489	1 0 0
1490	1 0 0
1491	0 1 0
1492	0 0 1
1493	1 0 0
1494	1 0 0
1495	0 0 1
1496	1 0 0
1497	0 1 0
1498	0 0 1
1499	1 0 0
1500	1 0 0
1501	0 0 1
1502	0 1 0
1503	0 1 0
1504	0 0 1
1505	0 1 0
1506	1 0 0
1507	0 0 1
1508	1 0 0
1509	1 0 0
1510	0 0 1
1511	0 0 1
1512	0 0 1
1513	0 1 0
1514	1 0 0
1515	0 0 1
1516	1 0 0
1517	1 0 0
1518	0 1 0
1519	0 1 0
1520	0 0 1
1521	0 0 1
1522	0 0 1
1523	1 0 0
1524	0 0 1
1525	0 1 0
1526	1 0 0
1527	1 0 0
1528	0 0 1
1529	0 0 1
1530	1 0 0
1531	1 0 0
1532	0 1 0
1533	0 0 1
1534	1 0 0
1535	0 1 0
1536	0 0 1
1537	0 1 0
1538	0 0 1
1539	0 1 0
1540	0 1 0
1541	0 0 1
1542	0 0 1
1543	1 0 0
1544	1 0 0
1545	1 0 0
1546	0 0 1
1547	0 0 1
1548	0 0 1
1549	0 0 1
1550	0 1 0
1551	1 0 0
1552	1 0 0
1553	0 1 0
1554	0 0 1
1555	0 0 1
1556	0 1 0
1557	1 0 0
1558	1 0 0
1559	0 1 0
1560	0 0 1
1561	0 0 1
1562	0 0 1
1563	1 0 0
1564	1 0 0
1565	0 1 0
1566	0 1 0
1567	1 0 0
1568	0 0 1
1569	0 0 1
1570	1 0 0
1571	0 0 1
1572	0 1 0
1573	0 1 0
1574	0 1 0
1575	1 0 0
1576	1 0 0
1577	1 0 0
1578	0 0 1
1579	0 1 0
1580	0 1 0
1581	0 1 0
1582	1 0 0
1583	0 0 1
1584	0 1 0
1585	1 0 0
1586	1 0 0
1587	0 0 1
1588	0 0 1
1589	0 1 0
1590	0 1 0
1591	1 0 0
1592	1 0 0
1593	0 1 0
1594	0 0 1
1595	1 0 0
1596	1 0 0
1597	0 1 0
1598	0 1 0
1599	0 1 0
1600	1 0 0
1601	1 0 0
1602	0 0 1
1603	1 0 0
1604	1 0 0
1605	0 0 1
1606	0 1 0
1607	0 1 0
1608	0 1 0
1609	1 0 0
1610	0 1 0
1611	0 1 0
1612	1 0 0
1613	1 0 0
1614	0 1 0
1615	0 0 1
1616	1 0 0
1617	0 1 0
1618	0 1 0
1619	1 0 0
1620	1 0 0
1621	0 1 0
1622	1 0 0
1623	1 0 0
1624	0 1 0
1625	0 0 1
1626	0 0 1
1627	1 0 0
1628	1 0 0
1629	0 0 1
1630	0 1 0
1631	0 0 1
1632	1 0 0
1633	0 0 1
1634	0 1 0
1635	1 0 0
1636	1 0 0
1637	1 0 0
1638	0 0 1
1639	0 1 0
1640	0 1 0
1641	0 1 0
1642	0 0 1
1643	0 0 1
1644	1 0 0
1645	1 0 0
1646	1 0 0
1647	0 0 1
1648	1 0 0
1649	0 0 1
1650	0 1 0
1651	0 1 0
1652	1 0 0
1653	0 1 0
1654	1 0 0
1655	1 0 0
1656	0 1 0
1657	0 1 0
1658	0 0 1
1659	1 0 0
1660	0 1 0
1661	0 0 1
1662	1 0 0
1663	1 0 0
1664	0 0 1
1665	1 0 0
1666	0 1 0
1667	0 1 0
1668	0 0 1
1669	0 0 1
1670	0 0 1
1671	1 0 0
1672	0 0 1
1673	0 1 0
1674	0 1 0
1675	0 1 0
1676	0 0 1
1677	1 0 0
1678	1 0 0
1679	1 0 0
1680	0 1 0
1681	0 0 1
1682	0 0 1
1683	0 0 1
1684	1 0 0
1685	0 1 0
1686	1 0 0
1687	0 1 0
1688	1 0 0
1689	1 0 0
1690	1 0 0
1691	0 0 1
1692	1 0 0
1693	1 0 0
1694	0 0 1
1695	0 1 0
1696	1 0 0
1697	0 1 0
1698	0 1 0
1699	0 0 1
1700	0 1 0
1701	0 1 0
1702	1 0 0
1703	0 1 0
1704	0 1 0
1705	0 0 1
1706	1 0 0
1707	0 0 1
1708	0 1 0
1709	0 0 1
1710	1 0 0
1711	0 0 1
1712	0 0 1
1713	1 0 0
1714	0 0 1
1715	1 0 0
1716	0 0 1
1717	0 0 1
1718	0 1 0
1719	1 0 0
1720	0 1 0
1721	0 0 1
1722	1 0 0
1723	0 1 0
1724	1 0 0
1725	1 0 0
1726	0 1 0
1727	0 1 0
1728	0 0 1
1729	1 0 0
1730	0 0 1
1731	1 0 0
1732	0 1 0
1733	0 0 1
1734	0 1 0
1735	1 0 0
1736	1 0 0
1737	0 0 1
1738	0 0 1
1739	1 0 0
1740	1 0 0
1741	0 1 0
1742	0 1 0
1743	0 1 0
1744	0 0 1
1745	1 0 0
1746	0 1 0
1747	0 1 0
1748	0 1 0
1749	1 0 0
1750	0 1 0
1751	1 0 0
1752	0 1 0
1753	0 1 0
1754	1 0 0
1755	1 0 0
1756	1 0 0
1757	0 0 1
1758	0 0 1
1759	1 0 0
1760	0 1 0
1761	1 0 0
1762	0 1 0
1763	1 0 0
1764	1 0 0
1765	0 0 1
1766	0 0 1
1767	0 1 0
1768	0 1 0
1769	0 1 0
1770	1 0 0
1771	1 0 0
1772	1 0 0
1773	0 0 1
1774	1 0 0
1775	1 0 0
1776	0 1 0
1777	0 1 0
1778	0 1 0
1779	1 0 0
1780	0 1 0
1781	1 0 0
1782	0 0 1
1783	0 1 0
1784	0 0 1
1785	0 1 0
1786	0 1 0
1787	0 0 1
1788	0 0 1
1789	0 1 0
1790	0 1 0
1791	1 0 0
1792	0 0 1
1793	1 0 0
1794	0 0 1
1795	1 0 0
1796	0 0 1
1797	1 0 0
1798	1 0 0
1799	1 0 0
1800	0 0 1
1801	0 1 0
1802	0 1 0
1803	1 0 0
1804	1 0 0
1805	0 0 1
1806	0 0 1
1807	0 0 1
1808	0 0 1
1809	0 1 0
1810	0 1 0
1811	1 0 0
1812	0 0 1
1813	1 0 0
1814	0 0 1
1815	0 1 0
1816	0 0 1
1817	0 0 1
1818	0 0 1
1819	1 0 0
1820	0 1 0
1821	0 0 1
1822	1 0 0
1823	0 0 1
1824	0 0 1
1825	0 0 1
1826	0 0 1
1827	0 0 1
1828	0 0 1
1829	0 0 1
1830	1 0 0
1831	0 1 0
1832	0 1 0
1833	0 1 0
1834	0 1 0
1835	1 0 0
1836	1 0 0
1837	0 0 1
1838	0 0 1
1839	1 0 0
1840	1 0 0
1841	1 0 0
1842	0 0 1
1843	0 0 1
1844	0 0 1
1845	0 1 0
1846	1 0 0
1847	0 0 1
1848	1 0 0
1849	1 0 0
1850	1 0 0
1851	1 0 0
1852	1 0 0
1853	0 0 1
1854	1 0 0
1855	0 0 1
1856	0 0 1
1857	0 0 1
1858	0 1 0
1859	1 0 0
1860	1 0 0
1861	0 1 0
1862	0 1 0
1863	1 0 0
1864	0 1 0
1865	0 0 1
1866	1 0 0
1867	0 0 1
1868	0 0 1
1869	1 0 0
1870	0 1 0
1871	0 0 1
1872	1 0 0
1873	0 1 0
1874	1 0 0
1875	1 0 0
1876	1 0 0
1877	0 1 0
1878	0 0 1
1879	0 1 0
1880	0 0 1
1881	1 0 0
1882	1 0 0
1883	0 1 0
1884	0 1 0
1885	0 1 0
1886	1 0 0
1887	0 0 1
1888	0 1 0
1889	0 0 1
1890	0 1 0
1891	1 0 0
1892	0 0 1
1893	1 0 0
1894	0 0 1
1895	0 0 1
1896	1 0 0
1897	1 0 0
1898	1 0 0
1899	0 0 1
1900	0 0 1
1901	0 0 1
1902	0 0 1
1903	0 0 1
1904	1 0 0
1905	0 1 0
1906	1 0 0
1907	0 1 0
1908	0 0 1
1909	0 0 1
1910	1 0 0
1911	0 1 0
1912	0 1 0
1913	1 0 0
1914	0 0 1
1915	1 0 0
1916	0 1 0
1917	1 0 0
1918	1 0 0
1919	1 0 0
1920	0 0 1
1921	0 1 0
1922	0 0 1
1923	1 0 0
1924	0 0 1
1925	0 1 0
1926	1 0 0
1927	1 0 0
1928	1 0 0
1929	1 0 0
1930	0 0 1
1931	1 0 0
1932	0 0 1
1933	1 0 0
1934	0 1 0
1935	0 0 1
1936	0 1 0
1937	0 1 0
1938	0 1 0
1939	1 0 0
1940	0 1 0
1941	0 1 0
1942	0 1 0
1943	0 0 1
1944	0 1 0
1945	0 0 1
1946	0 0 1
1947	0 0 1
1948	1 0 0
1949	1 0 0
1950	0 1 0
1951	1 0 0
1952	0 0 1
1953	1 0 0
1954	0 0 1
1955	1 0 0
1956	1 0 0
1957	1 0 0
1958	0 1 0
1959	1 0 0
1960	1 0 0
1961	1 0 0
1962	0 0 1
1963	1 0 0
1964	0 0 1
1965	0 0 1
1966	1 0 0
1967	1 0 0
1968	0 1 0
1969	1 0 0
1970	0 1 0
1971	1 0 0
1972	0 0 1
1973	1 0 0
1974	0 1 0
1975	0 1 0
1976	0 1 0
1977	0 1 0
1978	0 0 1
1979	1 0 0
1980	0 1 0
1981	0 1 0
1982	0 0 1
1983	0 0 1
1984	0 0 1
1985	1 0 0
1986	0 0 1
1987	0 0 1
1988	0 0 1
1989	0 1 0
1990	0 0 1
1991	0 1 0
1992	1 0 0
1993	1 0 0
1994	0 0 1
1995	1 0 0
1996	0 0 1
1997	1 0 0
1998	0 1 0
1999	1 0 0
2000	0 0 1
2001	0 0 1
2002	1 0 0
2003	0 1 0
2004	1 0 0
2005	1 0 0
2006	0 0 1
2007	1 0 0
2008	0 1 0
2009	1 0 0
2010	0 1 0
2011	0 1 0
2012	0 1 0
2013	0 1 0
2014	0 1 0
2015	0 0 1
2016	1 0 0
2017	1 0 0
2018	0 0 1
2019	1 0 0
2020	0 1 0
2021	0 0 1
2022	0 1 0
2023	0 0 1
2024	0 1 0
2025	1 0 0
2026	0 1 0
2027	0 1 0
2028	0 0 1
2029	0 1 0
2030	0 1 0
2031	0 0 1
2032	1 0 0
2033	1 0 0
2034	1 0 0
2035	0 0 1
2036	1 0 0
2037	0 0 1
2038	0 0 1
2039	0 1 0
2040	1 0 0
2041	0 1 0
2042	0 1 0
2043	0 1 0
2044	0 1 0
2045	0 1 0
2046	0 0 1
2047	1 0 0
2048	0 0 1
2049	0 0 1
2050	0 1 0
2051	0 0 1
2052	0 1 0
2053	1 0 0
2054	0 1 0
2055	0 0 1
2056	0 1 0
2057	1 0 0
2058	0 1 0
2059	1 0 0
2060	0 1 0
2061	0 1 0
2062	0 0 1
2063	0 0 1
2064	0 0 1
2065	0 0 1
2066	0 0 1
2067	1 0 0
2068	0 0 1
2069	0 1 0
2070	0 1 0
2071	0 0 1
2072	0 1 0
2073	1 0 0
2074	1 0 0
2075	1 0 0
2076	0 1 0
2077	0 1 0
2078	0 1 0
2079	0 0 1
2080	0 1 0
2081	1 0 0
2082	1 0 0
2083	1 0 0
2084	0 0 1
2085	0 1 0
2086	0 0 1
2087	1 0 0
2088	0 1 0
2089	1 0 0
2090	1 0 0
2091	1 0 0
2092	0 0 1
2093	0 0 1
2094	0 0 1
2095	1 0 0
2096	1 0 0
2097	1 0 0
2098	0 0 1
2099	0 0 1
2100	0 1 0
2101	0 0 1
2102	1 0 0
2103	1 0 0
2104	0 1 0
2105	0 0 1
2106	0 0 1
2107	1 0 0
2108	1 0 0
2109	0 0 1
2110	0 0 1
2111	1 0 0
2112	1 0 0
2113	0 0 1
2114	0 1 0
2115	0 1 0
2116	1 0 0
2117	1 0 0
2118	0 0 1
2119	0 1 0
2120	0 0 1
2121	1 0 0
2122	0 1 0
2123	0 1 0
2124	1 0 0
2125	1 0 0
2126	0 1 0
2127	1 0 0
2128	0 1 0
2129	1 0 0
2130	0 0 1
2131	0 0 1
2132	0 0 1
2133	1 0 0
2134	1 0 0
2135	1 0 0
2136	0 0 1
2137	0 0 1
2138	0 1 0
2139	0 1 0
2140	1 0 0
2141	0 0 1
2142	0 0 1
2143	0 1 0
2144	1 0 0
2145	0 1 0
2146	1 0 0
2147	1 0 0
2148	1 0 0
2149	0 0 1
2150	1 0 0
2151	0 0 1
2152	1 0 0
2153	1 0 0
2154	0 1 0
2155	0 1 0
2156	1 0 0
2157	0 0 1
2158	1 0 0
2159	1 0 0
2160	0 1 0
2161	0 1 0
2162	0 1 0
2163	0 0 1
2164	1 0 0
2165	0 1 0
2166	1 0 0
2167	0 0 1
2168	0 0 1
2169	0 1 0
2170	0 1 0
2171	0 1 0
2172	0 1 0
2173	1 0 0
2174	1 0 0
2175	1 0 0
2176	0 0 1
2177	0 0 1
2178	0 1 0
2179	0 0 1
2180	1 0 0
2181	0 1 0
2182	0 1 0
2183	1 0 0
2184	0 1 0
2185	0 1 0
2186	1 0 0
2187	0 1 0
2188	0 0 1
2189	0 1 0
2190	0 1 0
2191	1 0 0
2192	0 1 0
2193	0 0 1
2194	0 1 0
2195	1 0 0
2196	1 0 0
2197	0 1 0
2198	1 0 0
2199	0 0 1
2200	0 1 0
2201	1 0 0
2202	0 0 1
2203	0 1 0
2204	0 0 1
2205	0 1 0
2206	0 1 0
2207	0 1 0
2208	1 0 0
2209	0 0 1
2210	1 0 0
2211	0 1 0
2212	0 1 0
2213	0 0 1
2214	1 0 0
2215	1 0 0
2216	0 1 0
2217	0 0 1
2218	1 0 0
2219	0 1 0
2220	1 0 0
2221	0 0 1
2222	0 0 1
2223	0 0 1
2224	0 1 0
2225	0 1 0
2226	1 0 0
2227	1 0 0
2228	1 0 0
2229	1 0 0
2230	0 0 1
2231	1 0 0
2232	0 0 1
2233	0 0 1
2234	1 0 0
2235	0 0 1
2236	1 0 0
2237	0 0 1
2238	0 0 1
2239	1 0 0
2240	0 1 0
2241	0 0 1
2242	0 0 1
2243	0 0 1
2244	0 0 1
2245	0 1 0
2246	0 0 1
2247	0 0 1
2248	0 1 0
2249	0 0 1
2250	1 0 0
2251	1 0 0
2252	1 0 0
2253	0 0 1
2254	0 0 1
2255	0 0 1
2256	1 0 0
2257	0 0 1
2258	0 1 0
2259	1 0 0
2260	1 0 0
2261	0 0 1
2262	0 1 0
2263	0 1 0
2264	0 0 1
2265	0 0 1
2266	0 0 1
2267	0 0 1
2268	0 1 0
2269	0 1 0
2270	0 1 0
2271	0 1 0
2272	0 0 1
2273	0 0 1
2274	0 1 0
2275	1 0 0
2276	0 1 0
2277	0 0 1
2278	0 1 0
2279	0 1 0
2280	0 0 1
2281	1 0 0
2282	0 0 1
2283	0 1 0
2284	1 0 0
2285	0 1 0
2286	0 0 1
2287	0 1 0
2288	0 0 1
2289	0 0 1
2290	0 0 1
2291	0 0 1
2292	1 0 0
2293	0 0 1
2294	0 0 1
2295	1 0 0
2296	0 1 0
2297	0 0 1
2298	1 0 0
2299	0 1 0
2300	0 0 1
2301	0 0 1
2302	0 0 1
2303	1 0 0
2304	0 1 0
2305	0 0 1
2306	0 1 0
2307	0 1 0
2308	0 1 0
2309	0 0 1
2310	0 0 1
2311	0 0 1
2312	1 0 0
2313	0 0 1
2314	0 0 1
2315	0 1 0
2316	0 1 0
2317	0 1 0
2318	0 0 1
2319	0 0 1
2320	0 1 0
2321	0 1 0
2322	0 1 0
2323	0 0 1
2324	0 0 1
2325	0 1 0
2326	0 0 1
2327	1 0 0
2328	0 1 0
2329	0 0 1
2330	0 1 0
2331	0 0 1
2332	0 1 0
2333	0 1 0
2334	1 0 0
2335	0 0 1
2336	0 1 0
2337	0 1 0
2338	1 0 0
2339	0 1 0
2340	1 0 0
2341	1 0 0
2342	0 1 0
2343	0 0 1
2344	0 0 1
2345	1 0 0
2346	1 0 0
2347	1 0 0
2348	1 0 0
2349	0 1 0
2350	0 1 0
2351	0 1 0
2352	0 0 1
2353	0 0 1
2354	0 1 0
2355	0 1 0
2356	0 1 0
2357	0 0 1
2358	0 0 1
2359	0 1 0
2360	0 0 1
2361	1 0 0
2362	0 0 1
2363	1 0 0
2364	0 0 1
2365	1 0 0
2366	1 0 0
2367	1 0 0
2368	0 0 1
2369	1 0 0
2370	0 0 1
2371	0 0 1
2372	0 1 0
2373	1 0 0
2374	0 0 1
2375	0 0 1
2376	0 1 0
2377	0 1 0
2378	0 1 0
2379	0 1 0
2380	0 1 0
2381	0 1 0
2382	1 0 0
2383	1 0 0
2384	0 1 0
2385	1 0 0
2386	0 0 1
2387	0 1 0
2388	0 1 0
2389	1 0 0
2390	0 1 0
2391	0 1 0
2392	0 0 1
2393	0 1 0
2394	0 1 0
2395	0 1 0
2396	0 1 0
2397	0 1 0
2398	1 0 0
2399	1 0 0
2400	0 0 1
2401	1 0 0
2402	0 0 1
2403	1 0 0
2404	0 1 0
2405	0 0 1
2406	1 0 0
2407	1 0 0
2408	0 0 1
2409	0 0 1
2410	1 0 0
2411	0 1 0
2412	0 0 1
2413	0 0 1
2414	0 0 1
2415	0 1 0
2416	1 0 0
2417	0 1 0
2418	0 1 0
2419	0 0 1
2420	1 0 0
2421	0 0 1
2422	1 0 0
2423	1 0 0
2424	1 0 0
2425	0 1 0
2426	1 0 0
2427	0 0 1
2428	0 0 1
2429	0 1 0
2430	0 1 0
2431	1 0 0
2432	1 0 0
2433	1 0 0
2434	0 0 1
2435	1 0 0
2436	1 0 0
2437	1 0 0
2438	1 0 0
2439	0 1 0
2440	0 1 0
2441	0 0 1
2442	0 0 1
2443	0 0 1
2444	0 0 1
2445	0 0 1
2446	1 0 0
2447	1 0 0
2448	1 0 0
2449	0 0 1
2450	0 1 0
2451	0 1 0
2452	1 0 0
2453	1 0 0
2454	1 0 0
2455	0 0 1
2456	0 0 1
2457	1 0 0
2458	0 1 0
2459	0 0 1
2460	0 1 0
2461	0 1 0
2462	0 1 0
2463	1 0 0
2464	1 0 0
2465	1 0 0
2466	0 1 0
2467	0 0 1
2468	0 1 0
2469	0 0 1
2470	0 1 0
2471	1 0 0
2472	1 0 0
2473	0 1 0
2474	0 1 0
2475	0 1 0
2476	0 0 1
2477	0 1 0
2478	0 0 1
2479	0 0 1
2480	0 0 1
2481	1 0 0
2482	0 1 0
2483	1 0 0
2484	0 0 1
2485	0 1 0
2486	0 0 1
2487	0 1 0
2488	1 0 0
2489	0 0 1
2490	0 1 0
2491	0 0 1
2492	0 0 1
2493	0 1 0
2494	0 0 1
2495	1 0 0
2496	1 0 0
2497	0 1 0
2498	1 0 0
2499	0 0 1
2500	0 1 0
2501	0 0 1
2502	1 0 0
2503	0 1 0
2504	0 0 1
2505	1 0 0
2506	1 0 0
2507	0 1 0
2508	0 0 1
2509	0 0 1
2510	0 0 1
2511	1 0 0
2512	0 1 0
2513	1 0 0
2514	0 1 0
2515	0 1 0
2516	0 1 0
2517	0 1 0
2518	0 1 0
2519	0 0 1
2520	1 0 0
2521	1 0 0
2522	0 0 1
2523	0 1 0
2524	0 1 0
2525	0 1 0
2526	1 0 0
2527	1 0 0
2528	0 1 0
2529	1 0 0
2530	0 1 0
2531	0 1 0
2532	0 1 0
2533	0 0 1
2534	0 0 1
2535	0 1 0
2536	1 0 0
2537	0 0 1
2538	1 0 0
2539	0 0 1
2540	0 1 0
2541	0 1 0
2542	0 0 1
2543	0 0 1
2544	0 0 1
2545	1 0 0
2546	0 0 1
2547	0 0 1
2548	0 1 0
2549	0 0 1
2550	0 1 0
2551	0 0 1
2552	1 0 0
2553	0 0 1
2554	1 0 0
2555	0 1 0
2556	1 0 0
2557	1 0 0
2558	1 0 0
2559	1 0 0
2560	1 0 0
2561	0 0 1
2562	1 0 0
2563	1 0 0
2564	0 1 0
2565	0 1 0
2566	0 1 0
2567	0 0 1
2568	0 0 1
2569	0 1 0
2570	0 1 0
2571	0 0 1
2572	1 0 0
2573	1 0 0
2574	0 0 1
2575	0 1 0
2576	0 0 1
2577	1 0 0
2578	1 0 0
2579	1 0 0
2580	0 1 0
2581	0 0 1
2582	0 0 1
2583	0 1 0
2584	0 1 0
2585	0 0 1
2586	0 1 0
2587	1 0 0
2588	0 1 0
2589	1 0 0
2590	0 0 1
2591	0 0 1
2592	0 1 0
2593	0 1 0
2594	0 0 1
2595	1 0 0
2596	0 0 1
2597	0 1 0
2598	0 0 1
2599	0 1 0
2600	0 0 1
2601	1 0 0
2602	0 1 0
2603	0 0 1
2604	1 0 0
2605	0 1 0
2606	0 1 0
2607	1 0 0
2608	1 0 0
2609	0 0 1
2610	1 0 0
2611	1 0 0
2612	0 0 1
2613	0 1 0
2614	0 0 1
2615	0 0 1
2616	0 0 1
2617	0 0 1
2618	0 1 0
2619	0 0 1
2620	0 1 0
2621	0 0 1
2622	1 0 0
2623	1 0 0
2624	1 0 0
2625	0 0 1
2626	0 1 0
2627	0 1 0
2628	0 1 0
2629	0 0 1
2630	0 0 1
2631	1 0 0
2632	1 0 0
2633	1 0 0
2634	0 1 0
2635	1 0 0
2636	1 0 0
2637	1 0 0
2638	0 0 1
2639	1 0 0
2640	1 0 0
2641	0 1 0
2642	0 1 0
2643	1 0 0
2644	0 0 1
2645	0 1 0
2646	1 0 0
2647	0 1 0
2648	1 0 0
2649	0 1 0
2650	1 0 0
2651	0 0 1
2652	1 0 0
2653	0 0 1
2654	0 1 0
2655	0 1 0
2656	1 0 0
2657	0 0 1
2658	1 0 0
2659	1 0 0
2660	0 1 0
2661	0 0 1
2662	0 0 1
2663	0 1 0
2664	0 0 1
2665	0 1 0
2666	0 0 1
2667	1 0 0
2668	1 0 0
2669	0 0 1
2670	0 0 1
2671	0 1 0
2672	1 0 0
2673	0 1 0
2674	1 0 0
2675	1 0 0
2676	0 1 0
2677	0 0 1
2678	0 1 0
2679	0 1 0
2680	0 1 0
2681	0 0 1
2682	1 0 0
2683	0 0 1
2684	1 0 0
2685	1 0 0
2686	0 1 0
2687	0 1 0
2688	0 1 0
2689	0 0 1
2690	0 1 0
2691	0 1 0
2692	1 0 0
2693	0 0 1
2694	0 1 0
2695	0 0 1
2696	0 0 1
2697	0 1 0
2698	0 0 1
2699	1 0 0
2700	1 0 0
2701	0 1 0
2702	1 0 0
2703	0 1 0
2704	0 0 1
2705	0 0 1
2706	0 0 1
2707	0 0 1
2708	1 0 0
2709	0 1 0
2710	0 0 1
2711	0 0 1
2712	0 0 1
2713	1 0 0
2714	1 0 0
2715	1 0 0
2716	0 1 0
2717	0 0 1
2718	0 0 1
2719	0 0 1
2720	1 0 0
2721	0 1 0
2722	0 1 0
2723	0 0 1
2724	0 1 0
2725	1 0 0
2726	1 0 0
2727	1 0 0
2728	0 1 0
2729	0 0 1
2730	1 0 0
2731	1 0 0
2732	1 0 0
2733	0 1 0
2734	0 0 1
2735	0 1 0
2736	0 0 1
2737	0 1 0
2738	0 0 1
2739	1 0 0
2740	1 0 0
2741	0 0 1
2742	1 0 0
2743	0 0 1
2744	0 1 0
2745	0 1 0
2746	0 0 1
2747	1 0 0
2748	1 0 0
2749	0 1 0
2750	1 0 0
2751	1 0 0
2752	0 1 0
2753	0 0 1
2754	1 0 0
2755	0 0 1
2756	1 0 0
2757	1 0 0
2758	0 1 0
2759	0 1 0
2760	0 0 1
2761	0 0 1
2762	1 0 0
2763	0 1 0
2764	0 0 1
2765	0 1 0
2766	0 0 1
2767	1 0 0
2768	0 1 0
2769	0 1 0
2770	1 0 0
2771	0 1 0
2772	0 1 0
2773	0 0 1
2774	0 1 0
2775	0 0 1
2776	0 0 1
2777	0 1 0
2778	1 0 0
2779	1 0 0
2780	1 0 0
2781	0 0 1
2782	0 1 0
2783	0 0 1
2784	0 0 1
2785	1 0 0
2786	0 1 0
2787	1 0 0
2788	0 1 0
2789	0 0 1
2790	0 0 1
2791	0 1 0
2792	0 1 0
2793	1 0 0
2794	1 0 0
2795	0 0 1
2796	1 0 0
2797	1 0 0
2798	1 0 0
2799	1 0 0
2800	0 1 0
2801	0 1 0
2802	1 0 0
2803	0 1 0
2804	0 0 1
2805	1 0 0
2806	0 1 0
2807	0 0 1
2808	0 0 1
2809	0 0 1
2810	0 1 0
2811	0 0 1
2812	1 0 0
2813	1 0 0
2814	0 1 0
2815	0 0 1
2816	1 0 0
2817	0 0 1
2818	0 0 1
2819	0 0 1
2820	0 1 0
2821	1 0 0
2822	0 1 0
2823	1 0 0
2824	0 0 1
2825	0 0 1
2826	0 1 0
2827	0 0 1
2828	0 1 0
2829	1 0 0
2830	0 1 0
2831	0 1 0
2832	0 0 1
2833	0 1 0
2834	0 0 1
2835	0 1 0
2836	0 0 1
2837	0 1 0
2838	1 0 0
2839	1 0 0
2840	0 1 0
2841	0 1 0
2842	0 0 1
2843	1 0 0
2844	0 0 1
2845	1 0 0
2846	1 0 0
2847	0 0 1
2848	1 0 0
2849	0 0 1
2850	0 0 1
2851	1 0 0
2852	0 1 0
2853	1 0 0
2854	1 0 0
2855	0 0 1
2856	0 0 1
2857	1 0 0
2858	1 0 0
2859	0 1 0
2860	1 0 0
2861	0 1 0
2862	0 1 0
2863	1 0 0
2864	1 0 0
2865	1 0 0
2866	0 0 1
2867	0 1 0
2868	1 0 0
2869	0 1 0
2870	0 0 1
2871	0 0 1
2872	1 0 0
2873	0 1 0
2874	0 0 1
2875	0 0 1
2876	1 0 0
2877	0 1 0
2878	1 0 0
2879	0 1 0
2880	0 1 0
2881	0 1 0
2882	1 0 0
2883	0 1 0
2884	1 0 0
2885	0 0 1
2886	1 0 0
2887	0 1 0
2888	0 0 1
2889	0 1 0
2890	0 0 1
2891	0 0 1
2892	0 0 1
2893	0 1 0
2894	0 1 0
2895	0 0 1
2896	1 0 0
2897	0 0 1
2898	0 1 0
2899	1 0 0
2900	0 1 0
2901	0 1 0
2902	0 1 0
2903	1 0 0
2904	1 0 0
2905	1 0 0
2906	0 1 0
2907	0 1 0
2908	0 1 0
2909	0 0 1
2910	0 1 0
2911	0 1 0
2912	0 0 1
2913	0 0 1
2914	0 1 0
2915	0 1 0
2916	0 0 1
2917	1 0 0
2918	1 0 0
2919	0 0 1
2920	0 0 1
2921	1 0 0
2922	0 0 1
2923	0 1 0
2924	0 1 0
2925	0 1 0
2926	1 0 0
2927	1 0 0
2928	0 0 1
2929	0 0 1
2930	0 1 0
2931	0 0 1
2932	0 1 0
2933	0 0 1
2934	0 0 1
2935	0 0 1
2936	0 1 0
2937	0 1 0
2938	0 1 0
2939	1 0 0
2940	0 1 0
2941	0 1 0
2942	0 0 1
2943	1 0 0
2944	0 1 0
2945	0 0 1
2946	0 1 0
2947	0 1 0
2948	0 1 0
2949	1 0 0
2950	1 0 0
2951	1 0 0
2952	0 0 1
2953	0 0 1
2954	1 0 0
2955	0 1 0
2956	0 1 0
2957	1 0 0
2958	0 1 0
2959	1 0 0
2960	0 0 1
2961	0 0 1
2962	0 1 0
2963	1 0 0
2964	0 1 0
2965	0 0 1
2966	0 0 1
2967	1 0 0
2968	0 1 0
2969	1 0 0
2970	0 1 0
2971	1 0 0
2972	1 0 0
2973	0 0 1
2974	0 1 0
2975	0 0 1
2976	0 1 0
2977	1 0 0
2978	1 0 0
2979	1 0 0
2980	0 1 0
2981	1 0 0
2982	0 1 0
2983	0 0 1
2984	1 0 0
2985	0 0 1
2986	1 0 0
2987	0 0 1
2988	1 0 0
2989	1 0 0
2990	0 1 0
2991	1 0 0
2992	0 0 1
2993	1 0 0
2994	0 1 0
2995	1 0 0
2996	0 0 1
2997	0 0 1
2998	0 0 1
2999	0 1 0
3000	0 0 1
3001	0 1 0
3002	0 0 1
3003	0 1 0
3004	0 1 0
3005	0 1 0
3006	0 1 0
3007	0 0 1
3008	0 1 0
3009	0 1 0
3010	1 0 0
3011	0 1 0
3012	0 0 1
3013	0 0 1
3014	0 0 1
3015	1 0 0
3016	0 1 0
3017	0 0 1
3018	0 0 1
3019	1 0 0
3020	0 1 0
3021	0 1 0
3022	0 1 0
3023	0 0 1
3024	0 0 1
3025	0 0 1
3026	0 1 0
3027	0 1 0
3028	1 0 0
3029	0 1 0
3030	1 0 0
3031	1 0 0
3032	0 1 0
3033	0 0 1
3034	0 0 1
3035	1 0 0
3036	0 1 0
3037	1 0 0
3038	0 0 1
3039	0 1 0
3040	0 1 0
3041	0 1 0
3042	1 0 0
3043	1 0 0
3044	0 0 1
3045	1 0 0
3046	0 1 0
3047	1 0 0
3048	0 1 0
3049	1 0 0
3050	0 1 0
3051	1 0 0
3052	0 0 1
3053	1 0 0
3054	0 1 0
3055	0 0 1
3056	0 1 0
3057	0 0 1
3058	1 0 0
3059	0 0 1
3060	0 0 1
3061	1 0 0
3062	1 0 0
3063	0 1 0
3064	0 0 1
3065	0 0 1
3066	0 1 0
3067	0 0 1
3068	0 0 1
3069	1 0 0
3070	1 0 0
3071	0 1 0
3072	0 0 1
3073	0 0 1
3074	0 0 1
3075	0 1 0
3076	0 1 0
3077	1 0 0
3078	1 0 0
3079	0 0 1
3080	0 0 1
3081	0 1 0
3082	0 0 1
3083	0 0 1
3084	0 0 1
3085	0 1 0
3086	0 0 1
3087	0 0 1
3088	0 0 1
3089	0 1 0
3090	0 0 1
3091	0 0 1
3092	0 0 1
3093	0 0 1
3094	0 1 0
3095	0 0 1
3096	0 0 1
3097	1 0 0
3098	0 0 1
3099	0 0 1
3100	0 0 1
3101	0 0 1
3102	1 0 0
3103	0 1 0
3104	1 0 0
3105	0 1 0
3106	1 0 0
3107	0 0 1
3108	0 0 1
3109	0 0 1
3110	1 0 0
3111	1 0 0
3112	0 0 1
3113	0 0 1
3114	0 0 1
3115	0 0 1
3116	1 0 0
3117	0 1 0
3118	1 0 0
3119	0 1 0
3120	1 0 0
3121	1 0 0
3122	0 1 0
3123	0 1 0
3124	1 0 0
3125	0 1 0
3126	1 0 0
3127	0 0 1
3128	0 1 0
3129	0 0 1
3130	0 1 0
3131	0 1 0
3132	1 0 0
3133	1 0 0
3134	1 0 0
3135	1 0 0
3136	0 1 0
3137	0 1 0
3138	1 0 0
3139	0 1 0
3140	0 1 0
3141	0 0 1
3142	0 1 0
3143	1 0 0
3144	0 1 0
3145	1 0 0
3146	0 1 0
3147	1 0 0
3148	1 0 0
3149	1 0 0
3150	1 0 0
3151	1 0 0
3152	0 0 1
3153	0 1 0
3154	0 1 0
3155	0 0 1
3156	0 1 0
3157	0 0 1
3158	0 0 1
3159	1 0 0
3160	0 1 0
3161	1 0 0
3162	0 0 1
3163	1 0 0
3164	0 1 0
3165	0 1 0
3166	0 0 1
3167	0 0 1
3168	0 0 1
3169	1 0 0
3170	0 0 1
3171	1 0 0
3172	0 1 0
3173	0 0 1
3174	1 0 0
3175	1 0 0
3176	0 1 0
3177	0 1 0
3178	1 0 0
3179	0 0 1
3180	0 0 1
3181	0 0 1
3182	0 1 0
3183	0 1 0
3184	0 0 1
3185	0 1 0
3186	1 0 0
3187	0 1 0
3188	0 1 0
3189	0 0 1
3190	1 0 0
3191	0 0 1
3192	1 0 0
3193	0 0 1
3194	1 0 0
3195	1 0 0
3196	1 0 0
3197	0 1 0
3198	0 0 1
3199	0 1 0
3200	0 0 1
3201	0 1 0
3202	0 1 0
3203	0 1 0
3204	1 0 0
3205	0 0 1
3206	0 0 1
3207	0 0 1
3208	0 1 0
3209	1 0 0
3210	0 0 1
3211	0 1 0
3212	0 0 1
3213	0 1 0
3214	0 0 1
3215	1 0 0
3216	1 0 0
3217	0 1 0
3218	0 0 1
3219	0 1 0
3220	0 0 1
3221	0 1 0
3222	1 0 0
3223	1 0 0
3224	0 0 1
3225	0 1 0
3226	1 0 0
3227	0 1 0
3228	0 1 0
3229	0 0 1
3230	1 0 0
3231	0 0 1
3232	1 0 0
3233	1 0 0
3234	0 0 1
3235	0 1 0
3236	0 0 1
3237	0 1 0
3238	0 1 0
3239	0 0 1
3240	0 0 1
3241	0 0 1
3242	1 0 0
3243	0 1 0
3244	1 0 0
3245	0 0 1
3246	1 0 0
3247	0 0 1
3248	0 1 0
3249	0 1 0
3250	0 0 1
3251	0 0 1
3252	0 1 0
3253	0 1 0
3254	1 0 0
3255	0 1 0
3256	0 0 1
3257	1 0 0
3258	0 0 1
3259	0 0 1
3260	0 1 0
3261	0 1 0
3262	0 1 0
3263	0 1 0
3264	1 0 0
3265	1 0 0
3266	0 1 0
3267	0 1 0
3268	1 0 0
3269	0 1 0
3270	0 0 1
3271	0 0 1
3272	0 0 1
3273	1 0 0
3274	0 1 0
3275	1 0 0
3276	0 0 1
3277	0 1 0
3278	0 0 1
3279	0 1 0
3280	0 0 1
3281	1 0 0
3282	0 0 1
3283	0 0 1
3284	0 0 1
3285	0 0 1
3286	0 1 0
3287	0 1 0
3288	0 1 0
3289	1 0 0
3290	1 0 0
3291	0 1 0
3292	0 0 1
3293	0 0 1
3294	1 0 0
3295	0 0 1
3296	0 0 1
3297	1 0 0
3298	0 1 0
3299	0 1 0
3300	1 0 0
3301	0 0 1
3302	0 0 1
3303	0 1 0
3304	0 1 0
3305	0 1 0
3306	0 0 1
3307	0 1 0
3308	0 1 0
3309	0 0 1
3310	0 1 0
3311	1 0 0
3312	0 0 1
3313	0 1 0
3314	1 0 0
3315	1 0 0
3316	0 1 0
3317	1 0 0
3318	1 0 0
3319	0 1 0
3320	0 1 0
3321	1 0 0
3322	0 1 0
3323	0 1 0
3324	1 0 0
3325	0 1 0
3326	1 0 0
3327	1 0 0
3328	0 1 0
3329	0 0 1
3330	0 0 1
3331	1 0 0
3332	1 0 0
3333	1 0 0
3334	1 0 0
3335	0 1 0
3336	0 1 0
3337	0 0 1
3338	1 0 0
3339	0 0 1
3340	1 0 0
3341	0 0 1
3342	0 0 1
3343	1 0 0
3344	0 0 1
3345	0 1 0
3346	0 1 0
3347	1 0 0
3348	0 0 1
3349	0 1 0
3350	0 1 0
3351	1 0 0
3352	1 0 0
3353	1 0 0
3354	1 0 0
3355	0 1 0
3356	0 1 0
3357	0 0 1
3358	0 1 0
3359	0 1 0
3360	0 1 0
3361	0 1 0
3362	0 1 0
3363	0 1 0
3364	0 1 0
3365	0 0 1
3366	0 1 0
3367	0 1 0
3368	0 0 1
3369	0 1 0
3370	0 0 1
3371	1 0 0
3372	0 1 0
3373	1 0 0
3374	1 0 0
3375	0 1 0
3376	0 0 1
3377	0 0 1
3378	0 0 1
3379	1 0 0
3380	0 0 1
3381	1 0 0
3382	0 0 1
3383	0 0 1
3384	0 1 0
3385	0 0 1
3386	1 0 0
3387	0 0 1
3388	0 0 1
3389	0 1 0
3390	0 1 0
3391	0 1 0
3392	0 0 1
3393	0 0 1
3394	0 0 1
3395	0 0 1
3396	0 1 0
3397	1 0 0
3398	0 0 1
3399	1 0 0
3400	1 0 0
3401	0 1 0
3402	0 1 0
3403	0 0 1
3404	1 0 0
3405	1 0 0
3406	0 0 1
3407	0 0 1
3408	0 1 0
3409	1 0 0
3410	0 1 0
3411	0 0 1
3412	1 0 0
3413	1 0 0
3414	0 1 0
3415	0 1 0
3416	0 0 1
3417	0 1 0
3418	1 0 0
3419	0 0 1
3420	0 0 1
3421	0 1 0
3422	1 0 0
3423	0 0 1
3424	0 1 0
3425	1 0 0
3426	0 0 1
3427	1 0 0
3428	0 0 1
3429	0 1 0
3430	1 0 0
3431	0 1 0
3432	1 0 0
3433	0 0 1
3434	0 1 0
3435	0 1 0
3436	0 1 0
3437	0 1 0
3438	0 1 0
3439	1 0 0
3440	0 1 0
3441	0 0 1
3442	0 0 1
3443	0 1 0
3444	1 0 0
3445	0 1 0
3446	1 0 0
3447	0 1 0
3448	0 0 1
3449	0 0 1
3450	1 0 0
3451	0 1 0
3452	0 0 1
3453	1 0 0
3454	0 0 1
3455	0 1 0
3456	0 0 1
3457	1 0 0
3458	1 0 0
3459	0 1 0
3460	0 0 1
3461	1 0 0
3462	0 0 1
3463	0 1 0
3464	1 0 0
3465	1 0 0
3466	0 0 1
3467	1 0 0
3468	0 1 0
3469	0 0 1
3470	1 0 0
3471	1 0 0
3472	0 0 1
3473	0 0 1
3474	1 0 0
3475	0 1 0
3476	0 1 0
3477	1 0 0
3478	0 0 1
3479	0 0 1
3480	0 0 1
3481	1 0 0
3482	0 1 0
3483	0 1 0
3484	0 1 0
3485	0 1 0
3486	0 0 1
3487	1 0 0
3488	0 1 0
3489	0 1 0
3490	0 0 1
3491	0 0 1
3492	0 0 1
3493	0 0 1
3494	0 0 1
3495	1 0 0
3496	0 1 0
3497	0 1 0
3498	0 0 1
3499	0 0 1
3500	0 1 0
3501	0 1 0
3502	1 0 0
3503	1 0 0
3504	0 1 0
3505	0 0 1
3506	1 0 0
3507	0 0 1
3508	0 1 0
3509	0 0 1
3510	0 1 0
3511	0 0 1
3512	0 0 1
3513	1 0 0
3514	0 1 0
3515	0 1 0
3516	0 1 0
3517	1 0 0
3518	1 0 0
3519	0 1 0
3520	0 1 0
3521	0 1 0
3522	0 1 0
3523	0 1 0
3524	0 1 0
3525	1 0 0
3526	1 0 0
3527	0 1 0
3528	0 0 1
3529	1 0 0
3530	1 0 0
3531	0 0 1
3532	0 1 0
3533	0 0 1
3534	1 0 0
3535	0 0 1
3536	1 0 0
3537	1 0 0
3538	0 0 1
3539	1 0 0
3540	0 0 1
3541	0 1 0
3542	0 0 1
3543	0 0 1
3544	0 0 1
3545	0 0 1
3546	0 1 0
3547	1 0 0
3548	1 0 0
3549	0 1 0
3550	0 1 0
3551	1 0 0
3552	0 1 0
3553	0 1 0
3554	1 0 0
3555	0 1 0
3556	1 0 0
3557	0 0 1
3558	0 1 0
3559	0 1 0
3560	1 0 0
3561	0 1 0
3562	1 0 0
3563	1 0 0
3564	0 0 1
3565	1 0 0
3566	0 1 0
3567	0 1 0
3568	0 1 0
3569	0 1 0
3570	1 0 0
3571	0 0 1
3572	1 0 0
3573	1 0 0
3574	1 0 0
3575	1 0 0
3576	0 1 0
3577	0 1 0
3578	0 1 0
3579	0 1 0
3580	0 0 1
3581	0 0 1
3582	0 0 1
3583	1 0 0
3584	0 0 1
3585	0 1 0
3586	0 0 1
3587	1 0 0
3588	0 0 1
3589	1 0 0
3590	0 0 1
3591	1 0 0
3592	1 0 0
3593	0 1 0
3594	0 1 0
3595	0 1 0
3596	0 1 0
3597	0 1 0
3598	0 0 1
3599	1 0 0
3600	0 1 0
3601	0 1 0
3602	0 1 0
3603	1 0 0
3604	0 1 0
3605	0 0 1
3606	0 0 1
3607	0 1 0
3608	0 0 1
3609	1 0 0
3610	1 0 0
3611	0 0 1
3612	0 0 1
3613	0 0 1
3614	1 0 0
3615	0 1 0
3616	0 1 0
3617	0 0 1
3618	1 0 0
3619	1 0 0
3620	1 0 0
3621	0 1 0
3622	0 1 0
3623	0 1 0
3624	0 1 0
3625	1 0 0
3626	1 0 0
3627	0 1 0
3628	1 0 0
3629	0 1 0
3630	0 0 1
3631	0 1 0
3632	0 0 1
3633	0 0 1
3634	0 0 1
3635	1 0 0
3636	0 0 1
3637	1 0 0
3638	0 0 1
3639	1 0 0
3640	1 0 0
3641	0 1 0
3642	1 0 0
3643	0 0 1
3644	0 1 0
3645	0 1 0
3646	0 0 1
3647	0 1 0
3648	1 0 0
3649	1 0 0
3650	0 1 0
3651	0 0 1
3652	0 1 0
3653	0 0 1
3654	0 0 1
3655	1 0 0
3656	0 0 1
3657	0 1 0
3658	0 0 1
3659	0 0 1
3660	0 0 1
3661	1 0 0
3662	1 0 0
3663	0 1 0
3664	1 0 0
3665	0 1 0
3666	1 0 0
3667	0 1 0
3668	0 0 1
3669	0 1 0
3670	0 1 0
3671	1 0 0
3672	1 0 0
3673	0 1 0
3674	0 0 1
3675	0 1 0
3676	0 1 0
3677	0 0 1
3678	0 1 0
3679	0 1 0
3680	1 0 0
3681	0 1 0
3682	0 1 0
3683	0 0 1
3684	0 1 0
3685	0 0 1
3686	0 1 0
3687	1 0 0
3688	1 0 0
3689	0 1 0
3690	1 0 0
3691	1 0 0
3692	1 0 0
3693	0 0 1
3694	1 0 0
3695	0 0 1
3696	1 0 0
3697	1 0 0
3698	1 0 0
3699	1 0 0
3700	0 0 1
3701	0 1 0
3702	0 0 1
3703	1 0 0
3704	0 0 1
3705	1 0 0
3706	0 0 1
3707	0 1 0
3708	0 0 1
3709	0 1 0
3710	1 0 0
3711	1 0 0
3712	0 1 0
3713	0 0 1
3714	1 0 0
3715	1 0 0
3716	0 1 0
3717	0 0 1
3718	0 0 1
3719	1 0 0
3720	0 1 0
3721	0 1 0
3722	0 0 1
3723	0 0 1
3724	0 1 0
3725	0 0 1
3726	0 0 1
3727	1 0 0
3728	0 1 0
3729	0 0 1
3730	1 0 0
3731	0 1 0
3732	0 0 1
3733	1 0 0
3734	1 0 0
3735	0 1 0
3736	0 0 1
3737	1 0 0
3738	1 0 0
3739	0 0 1
3740	0 1 0
3741	0 0 1
3742	1 0 0
3743	0 0 1
3744	0 0 1
3745	0 0 1
3746	0 0 1
3747	0 0 1
3748	0 0 1
3749	1 0 0
3750	0 1 0
3751	0 1 0
3752	1 0 0
3753	1 0 0
3754	0 0 1
3755	1 0 0
3756	0 1 0
3757	0 0 1
3758	0 1 0
3759	0 0 1
3760	0 0 1
3761	1 0 0
3762	0 1 0
3763	0 0 1
3764	0 1 0
3765	1 0 0
3766	0 1 0
3767	1 0 0
3768	0 1 0
3769	0 0 1
3770	0 0 1
3771	1 0 0
3772	0 0 1
3773	0 1 0
3774	1 0 0
3775	0 0 1
3776	0 0 1
3777	1 0 0
3778	0 0 1
3779	1 0 0
3780	1 0 0
3781	0 0 1
3782	0 0 1
3783	0 1 0
3784	0 1 0
3785	0 1 0
3786	1 0 0
3787	0 0 1
3788	0 1 0
3789	0 1 0
3790	1 0 0
3791	0 1 0
3792	0 1 0
3793	1 0 0
3794	0 0 1
3795	0 0 1
3796	0 1 0
3797	1 0 0
3798	0 0 1
3799	0 1 0
3800	0 0 1
3801	0 0 1
3802	1 0 0
3803	1 0 0
3804	0 0 1
3805	0 0 1
3806	1 0 0
3807	0 0 1
3808	0 1 0
3809	0 0 1
3810	0 0 1
3811	0 0 1
3812	0 0 1
3813	1 0 0
3814	1 0 0
3815	0 0 1
3816	0 1 0
3817	0 1 0
3818	1 0 0
3819	0 0 1
3820	0 1 0
3821	0 0 1
3822	0 1 0
3823	1 0 0
3824	1 0 0
3825	0 0 1
3826	1 0 0
3827	0 1 0
3828	1 0 0
3829	0 1 0
3830	0 0 1
3831	0 0 1
3832	0 1 0
3833	0 0 1
3834	1 0 0
3835	1 0 0
3836	0 0 1
3837	1 0 0
3838	1 0 0
3839	0 1 0
3840	0 1 0
3841	0 0 1
3842	0 1 0
3843	1 0 0
3844	0 1 0
3845	1 0 0
3846	0 0 1
3847	1 0 0
3848	0 0 1
3849	0 0 1
3850	0 1 0
3851	1 0 0
3852	0 0 1
3853	0 1 0
3854	0 0 1
3855	0 0 1
3856	0 1 0
3857	0 0 1
3858	0 1 0
3859	0 0 1
3860	1 0 0
3861	0 0 1
3862	0 0 1
3863	0 0 1
3864	0 1 0
3865	0 1 0
3866	1 0 0
3867	0 0 1
3868	1 0 0
3869	0 1 0
3870	1 0 0
3871	0 0 1
3872	0 0 1
3873	0 0 1
3874	1 0 0
3875	0 0 1
3876	0 0 1
3877	0 0 1
3878	0 0 1
3879	1 0 0
3880	0 0 1
3881	0 1 0
3882	0 1 0
3883	1 0 0
3884	1 0 0
3885	0 0 1
3886	0 1 0
3887	0 1 0
3888	1 0 0
3889	0 1 0
3890	0 0 1
3891	1 0 0
3892	1 0 0
3893	0 0 1
3894	0 0 1
3895	0 1 0
3896	0 1 0
3897	0 1 0
3898	0 0 1
3899	0 0 1
3900	1 0 0
3901	0 0 1
3902	1 0 0
3903	0 0 1
3904	1 0 0
3905	0 0 1
3906	0 1 0
3907	1 0 0
3908	1 0 0
3909	1 0 0
3910	0 1 0
3911	0 0 1
3912	1 0 0
3913	0 1 0
3914	0 0 1
3915	1 0 0
3916	0 0 1
3917	0 1 0
3918	0 0 1
3919	0 0 1
3920	1 0 0
3921	1 0 0
3922	0 0 1
3923	0 1 0
3924	1 0 0
3925	1 0 0
3926	0 1 0
3927	0 1 0
3928	1 0 0
3929	0 1 0
3930	0 1 0
3931	0 0 1
3932	0 1 0
3933	0 0 1
3934	1 0 0
3935	0 1 0
3936	0 0 1
3937	0 0 1
3938	0 0 1
3939	1 0 0
3940	1 0 0
3941	1 0 0
3942	0 1 0
3943	0 0 1
3944	0 0 1
3945	0 1 0
3946	1 0 0
3947	0 0 1
3948	0 0 1
3949	0 0 1
3950	0 0 1
3951	0 1 0
3952	1 0 0
3953	0 0 1
3954	0 1 0
3955	1 0 0
3956	0 0 1
3957	0 0 1
3958	1 0 0
3959	0 1 0
3960	0 1 0
3961	1 0 0
3962	0 0 1
3963	0 0 1
3964	0 1 0
3965	0 1 0
3966	1 0 0
3967	0 0 1
3968	0 1 0
3969	0 0 1
3970	0 0 1
3971	0 1 0
3972	0 0 1
3973	1 0 0
3974	0 0 1
3975	1 0 0
3976	0 1 0
3977	0 1 0
3978	0 0 1
3979	1 0 0
3980	0 0 1
3981	0 1 0
3982	1 0 0
3983	1 0 0
3984	1 0 0
3985	1 0 0
3986	1 0 0
3987	0 1 0
3988	0 1 0
3989	1 0 0
3990	1 0 0
3991	1 0 0
3992	0 1 0
3993	0 0 1
3994	1 0 0
3995	0 1 0
3996	0 1 0
3997	1 0 0
3998	0 1 0
3999	0 1 0
4000	0 1 0
4001	0 1 0
4002	0 1 0
4003	0 0 1
4004	0 0 1
4005	1 0 0
4006	0 0 1
4007	0 1 0
4008	0 1 0
4009	1 0 0
4010	0 0 1
4011	0 1 0
4012	0 0 1
4013	0 0 1
4014	0 0 1
4015	0 0 1
4016	0 0 1
4017	0 0 1
4018	0 0 1
4019	0 1 0
4020	1 0 0
4021	1 0 0
4022	0 0 1
4023	0 1 0
4024	0 1 0
4025	0 1 0
4026	0 1 0
4027	1 0 0
4028	0 1 0
4029	0 0 1
4030	0 0 1
4031	0 0 1
4032	0 0 1
4033	0 0 1
4034	0 0 1
4035	1 0 0
4036	0 1 0
4037	0 1 0
4038	0 0 1
4039	1 0 0
4040	1 0 0
4041	0 1 0
4042	0 0 1
4043	0 0 1
4044	0 0 1
4045	0 1 0
4046	1 0 0
4047	0 1 0
4048	0 1 0
4049	1 0 0
4050	0 0 1
4051	0 1 0
4052	0 1 0
4053	0 0 1
4054	0 0 1
4055	0 1 0
4056	1 0 0
4057	0 0 1
4058	1 0 0
4059	0 0 1
4060	0 1 0
4061	0 0 1
4062	0 1 0
4063	1 0 0
4064	0 1 0
4065	1 0 0
4066	0 0 1
4067	1 0 0
4068	0 1 0
4069	1 0 0
4070	0 1 0
4071	0 1 0
4072	0 1 0
4073	0 1 0
4074	0 1 0
4075	0 0 1
4076	0 0 1
4077	0 1 0
4078	1 0 0
4079	0 1 0
4080	1 0 0
4081	0 1 0
4082	1 0 0
4083	0 0 1
4084	1 0 0
4085	0 1 0
4086	0 1 0
4087	0 0 1
4088	0 0 1
4089	0 0 1
4090	1 0 0
4091	0 1 0
4092	0 1 0
4093	0 1 0
4094	0 0 1
4095	0 1 0
4096	1 0 0
4097	0 0 1
4098	1 0 0
4099	0 0 1
4100	0 0 1
4101	1 0 0
4102	1 0 0
4103	0 0 1
4104	1 0 0
4105	1 0 0
4106	1 0 0
4107	1 0 0
4108	0 1 0
4109	0 1 0
4110	1 0 0
4111	0 1 0
4112	0 0 1
4113	0 1 0
4114	1 0 0
4115	0 1 0
4116	0 1 0
4117	1 0 0
4118	1 0 0
4119	0 1 0
4120	0 1 0
4121	0 0 1
4122	0 0 1
4123	0 1 0
4124	1 0 0
4125	0 1 0
4126	0 1 0
4127	1 0 0
4128	0 0 1
4129	0 0 1
4130	0 0 1
4131	1 0 0
4132	0 1 0
4133	0 1 0
4134	1 0 0
4135	0 1 0
4136	0 0 1
4137	1 0 0
4138	0 1 0
4139	0 0 1
4140	0 0 1
4141	0 0 1
4142	0 0 1
4143	0 1 0
4144	0 0 1
4145	1 0 0
4146	0 1 0
4147	1 0 0
4148	0 0 1
4149	0 1 0
4150	0 0 1
4151	1 0 0
4152	1 0 0
4153	0 0 1
4154	0 1 0
4155	1 0 0
4156	1 0 0
4157	1 0 0
4158	0 1 0
4159	0 1 0
4160	1 0 0
4161	0 1 0
4162	0 1 0
4163	1 0 0
4164	0 1 0
4165	0 0 1
4166	0 0 1
4167	1 0 0
4168	0 0 1
4169	0 0 1
4170	1 0 0
4171	0 0 1
4172	0 0 1
4173	0 1 0
4174	1 0 0
4175	1 0 0
4176	0 1 0
4177	1 0 0
4178	0 1 0
4179	0 1 0
4180	1 0 0
4181	0 0 1
4182	1 0 0
4183	0 0 1
4184	0 0 1
4185	0 0 1
4186	0 0 1
4187	0 0 1
4188	1 0 0
4189	1 0 0
4190	0 0 1
4191	0 1 0
4192	1 0 0
4193	1 0 0
4194	1 0 0
4195	1 0 0
4196	1 0 0
4197	0 0 1
4198	0 0 1
4199	1 0 0
4200	0 0 1
4201	1 0 0
4202	0 1 0
4203	0 0 1
4204	0 1 0
4205	0 0 1
4206	0 0 1
4207	1 0 0
4208	0 0 1
4209	1 0 0
4210	0 0 1
4211	0 0 1
4212	1 0 0
4213	1 0 0
4214	0 1 0
4215	0 0 1
4216	0 0 1
4217	1 0 0
4218	1 0 0
4219	0 1 0
4220	0 1 0
4221	0 0 1
4222	0 0 1
4223	1 0 0
4224	1 0 0
4225	0 1 0
4226	0 0 1
4227	0 0 1
4228	1 0 0
4229	1 0 0
4230	0 1 0
4231	1 0 0
4232	1 0 0
4233	0 1 0
4234	1 0 0
4235	0 1 0
4236	0 1 0
4237	1 0 0
4238	1 0 0
4239	1 0 0
4240	1 0 0
4241	1 0 0
4242	0 0 1
4243	0 1 0
4244	0 0 1
4245	0 0 1
4246	0 0 1
4247	0 1 0
4248	0 0 1
4249	0 1 0
4250	0 1 0
4251	1 0 0
4252	0 0 1
4253	0 0 1
4254	0 0 1
4255	1 0 0
4256	0 1 0
4257	1 0 0
4258	0 0 1
4259	0 0 1
4260	1 0 0
4261	0 1 0
4262	1 0 0
4263	1 0 0
4264	1 0 0
4265	1 0 0
4266	1 0 0
4267	0 1 0
4268	0 0 1
4269	0 1 0
4270	0 1 0
4271	1 0 0
4272	0 0 1
4273	0 1 0
4274	0 1 0
4275	1 0 0
4276	1 0 0
4277	0 1 0
4278	1 0 0
4279	1 0 0
4280	1 0 0
4281	1 0 0
4282	1 0 0
4283	0 0 1
4284	1 0 0
4285	0 1 0
4286	0 0 1
4287	0 1 0
4288	0 0 1
4289	1 0 0
4290	0 0 1
4291	1 0 0
4292	1 0 0
4293	0 1 0
4294	1 0 0
4295	0 1 0
4296	1 0 0
4297	1 0 0
4298	0 1 0
4299	0 1 0
4300	1 0 0
4301	1 0 0
4302	1 0 0
4303	0 0 1
4304	0 1 0
4305	0 0 1
4306	0 1 0
4307	0 0 1
4308	0 0 1
4309	0 0 1
4310	1 0 0
4311	0 1 0
4312	0 0 1
4313	1 0 0
4314	0 0 1
4315	1 0 0
4316	0 1 0
4317	1 0 0
4318	0 1 0
4319	0 0 1
4320	1 0 0
4321	0 0 1
4322	1 0 0
4323	0 0 1
4324	0 0 1
4325	0 0 1
4326	1 0 0
4327	1 0 0
4328	0 1 0
4329	0 1 0
4330	1 0 0
4331	0 0 1
4332	1 0 0
4333	1 0 0
4334	1 0 0
4335	0 0 1
4336	0 0 1
4337	0 0 1
4338	0 0 1
4339	1 0 0
4340	0 1 0
4341	0 0 1
4342	0 1 0
4343	1 0 0
4344	0 1 0
4345	1 0 0
4346	0 1 0
4347	0 0 1
4348	0 1 0
4349	0 0 1
4350	1 0 0
4351	1 0 0
4352	0 0 1
4353	1 0 0
4354	0 1 0
4355	0 1 0
4356	0 1 0
4357	0 0 1
4358	0 0 1
4359	0 0 1
4360	1 0 0
4361	0 1 0
4362	0 1 0
4363	1 0 0
4364	0 0 1
4365	0 0 1
4366	1 0 0
4367	1 0 0
4368	0 1 0
4369	1 0 0
4370	1 0 0
4371	0 1 0
4372	0 0 1
4373	0 0 1
4374	0 0 1
4375	0 0 1
4376	0 0 1
4377	1 0 0
4378	1 0 0
4379	0 0 1
4380	0 0 1
4381	1 0 0
4382	1 0 0
4383	0 0 1
4384	1 0 0
4385	0 1 0
4386	0 1 0
4387	1 0 0
4388	1 0 0
4389	1 0 0
4390	1 0 0
4391	1 0 0
4392	0 0 1
4393	1 0 0
4394	0 1 0
4395	1 0 0
4396	0 0 1
4397	1 0 0
4398	0 0 1
4399	0 1 0
4400	0 0 1
4401	0 0 1
4402	0 1 0
4403	0 0 1
4404	0 1 0
4405	0 0 1
4406	1 0 0
4407	1 0 0
4408	0 0 1
4409	0 1 0
4410	0 0 1
4411	1 0 0
4412	0 1 0
4413	0 0 1
4414	0 0 1
4415	0 0 1
4416	0 1 0
4417	1 0 0
4418	0 1 0
4419	1 0 0
4420	0 1 0
4421	1 0 0
4422	0 0 1
4423	0 1 0
4424	0 0 1
4425	0 1 0
4426	0 1 0
4427	1 0 0
4428	0 0 1
4429	1 0 0
4430	0 1 0
4431	0 0 1
4432	0 1 0
4433	0 1 0
4434	0 0 1
4435	0 1 0
4436	1 0 0
4437	0 0 1
4438	0 1 0
4439	0 0 1
4440	0 0 1
4441	0 0 1
4442	0 1 0
4443	1 0 0
4444	1 0 0
4445	1 0 0
4446	0 0 1
4447	0 0 1
4448	1 0 0
4449	1 0 0
4450	1 0 0
4451	0 1 0
4452	0 1 0
4453	0 0 1
4454	0 1 0
4455	0 1 0
4456	0 0 1
4457	0 0 1
4458	1 0 0
4459	1 0 0
4460	0 1 0
4461	0 1 0
4462	0 0 1
4463	0 0 1
4464	1 0 0
4465	1 0 0
4466	0 0 1
4467	0 0 1
4468	0 0 1
4469	1 0 0
4470	0 0 1
4471	0 0 1
4472	0 0 1
4473	0 0 1
4474	0 0 1
4475	1 0 0
4476	1 0 0
4477	1 0 0
4478	1 0 0
4479	0 1 0
4480	0 1 0
4481	1 0 0
4482	1 0 0
4483	0 0 1
4484	1 0 0
4485	0 1 0
4486	0 0 1
4487	1 0 0
4488	0 0 1
4489	0 0 1
4490	0 1 0
4491	1 0 0
4492	0 0 1
4493	1 0 0
4494	0 0 1
4495	0 0 1
4496	0 1 0
4497	0 0 1
4498	0 0 1
4499	0 1 0
4500	0 1 0
4501	0 0 1
4502	1 0 0
4503	1 0 0
4504	1 0 0
4505	0 1 0
4506	0 0 1
4507	0 0 1
4508	0 1 0
4509	0 0 1
4510	0 0 1
4511	1 0 0
4512	0 0 1
4513	0 0 1
4514	0 1 0
4515	0 1 0
4516	0 1 0
4517	0 1 0
4518	0 1 0
4519	0 0 1
4520	0 1 0
4521	1 0 0
4522	1 0 0
4523	0 1 0
4524	1 0 0
4525	0 1 0
4526	0 0 1
4527	1 0 0
4528	0 1 0
4529	0 1 0
4530	0 1 0
4531	0 1 0
4532	0 1 0
4533	0 0 1
4534	0 0 1
4535	0 0 1
4536	0 0 1
4537	0 0 1
4538	0 1 0
4539	0 0 1
4540	0 0 1
4541	0 1 0
4542	0 1 0
4543	0 1 0
4544	1 0 0
4545	1 0 0
4546	0 1 0
4547	1 0 0
4548	0 1 0
4549	0 0 1
4550	0 0 1
4551	0 0 1
4552	1 0 0
4553	0 1 0
4554	0 1 0
4555	0 1 0
4556	0 1 0
4557	1 0 0
4558	1 0 0
4559	1 0 0
4560	1 0 0
4561	0 0 1
4562	0 0 1
4563	0 0 1
4564	1 0 0
4565	0 0 1
4566	0 0 1
4567	0 1 0
4568	0 1 0
4569	0 1 0
4570	1 0 0
4571	0 0 1
4572	0 0 1
4573	1 0 0
4574	0 1 0
4575	0 1 0
4576	0 1 0
4577	0 0 1
4578	0 0 1
4579	0 1 0
4580	0 0 1
4581	0 1 0
4582	0 0 1
4583	0 0 1
4584	0 0 1
4585	0 0 1
4586	1 0 0
4587	0 1 0
4588	0 1 0
4589	0 0 1
4590	0 0 1
4591	0 0 1
4592	1 0 0
4593	0 0 1
4594	0 0 1
4595	1 0 0
4596	1 0 0
4597	1 0 0
4598	0 0 1
4599	0 0 1
4600	1 0 0
4601	0 1 0
4602	0 0 1
4603	0 1 0
4604	0 0 1
4605	0 0 1
4606	1 0 0
4607	0 1 0
4608	0 0 1
4609	1 0 0
4610	0 0 1
4611	1 0 0
4612	1 0 0
4613	0 1 0
4614	0 0 1
4615	1 0 0
4616	0 0 1
4617	0 0 1
4618	1 0 0
4619	0 0 1
4620	0 0 1
4621	0 1 0
4622	1 0 0
4623	0 0 1
4624	0 1 0
4625	0 1 0
4626	0 0 1
4627	0 0 1
4628	0 1 0
4629	1 0 0
4630	0 1 0
4631	0 1 0
4632	0 1 0
4633	1 0 0
4634	0 1 0
4635	0 1 0
4636	0 1 0
4637	0 1 0
4638	0 0 1
4639	1 0 0
4640	0 0 1
4641	0 0 1
4642	0 1 0
4643	0 1 0
4644	0 1 0
4645	0 1 0
4646	0 0 1
4647	1 0 0
4648	0 0 1
4649	1 0 0
4650	0 0 1
4651	0 0 1
4652	1 0 0
4653	1 0 0
4654	1 0 0
4655	0 1 0
4656	0 1 0
4657	1 0 0
4658	1 0 0
4659	0 0 1
4660	1 0 0
4661	0 0 1
4662	1 0 0
4663	0 1 0
4664	1 0 0
4665	1 0 0
4666	1 0 0
4667	0 1 0
4668	0 0 1
4669	0 1 0
4670	0 1 0
4671	0 1 0
4672	0 0 1
4673	0 1 0
4674	0 0 1
4675	1 0 0
4676	0 1 0
4677	1 0 0
4678	0 0 1
4679	0 0 1
4680	0 1 0
4681	0 0 1
4682	1 0 0
4683	1 0 0
4684	0 1 0
4685	0 1 0
4686	0 1 0
4687	0 1 0
4688	0 1 0
4689	1 0 0
4690	0 1 0
4691	0 1 0
4692	1 0 0
4693	0 0 1
4694	1 0 0
4695	0 1 0
4696	0 1 0
4697	0 0 1
4698	1 0 0
4699	0 0 1
4700	1 0 0
4701	0 0 1
4702	0 1 0
4703	0 1 0
4704	1 0 0
4705	0 1 0
4706	0 1 0
4707	0 1 0
4708	0 1 0
4709	0 0 1
4710	0 0 1
4711	0 0 1
4712	0 0 1
4713	1 0 0
4714	0 0 1
4715	1 0 0
4716	1 0 0
4717	0 1 0
4718	0 1 0
4719	1 0 0
4720	0 1 0
4721	0 1 0
4722	1 0 0
4723	0 1 0
4724	0 0 1
4725	0 0 1
4726	0 1 0
4727	1 0 0
4728	1 0 0
4729	0 1 0
4730	0 0 1
4731	0 1 0
4732	1 0 0
4733	0 1 0
4734	0 0 1
4735	0 1 0
4736	0 1 0
4737	0 0 1
4738	0 0 1
4739	0 1 0
4740	0 0 1
4741	0 0 1
4742	1 0 0
4743	1 0 0
4744	1 0 0
4745	1 0 0
4746	0 0 1
4747	0 1 0
4748	0 1 0
4749	0 0 1
4750	0 0 1
4751	0 1 0
4752	0 0 1
4753	0 0 1
4754	0 0 1
4755	0 1 0
4756	0 1 0
4757	1 0 0
4758	0 1 0
4759	1 0 0
4760	0 0 1
4761	0 0 1
4762	0 0 1
4763	0 0 1
4764	1 0 0
4765	1 0 0
4766	0 1 0
4767	0 1 0
4768	1 0 0
4769	1 0 0
4770	0 0 1
4771	1 0 0
4772	0 1 0
4773	0 0 1
4774	1 0 0
4775	0 1 0
4776	1 0 0
4777	0 1 0
4778	0 1 0
4779	1 0 0
4780	1 0 0
4781	0 0 1
4782	0 0 1
4783	1 0 0
4784	1 0 0
4785	0 0 1
4786	1 0 0
4787	1 0 0
4788	0 0 1
4789	1 0 0
4790	0 0 1
4791	1 0 0
4792	1 0 0
4793	0 0 1
4794	0 1 0
4795	0 0 1
4796	1 0 0
4797	1 0 0
4798	0 0 1
4799	1 0 0
4800	0 0 1
4801	0 1 0
4802	0 0 1
4803	1 0 0
4804	0 1 0
4805	0 0 1
4806	1 0 0
4807	0 0 1
4808	0 1 0
4809	0 0 1
4810	1 0 0
4811	0 0 1
4812	1 0 0
4813	0 1 0
4814	0 0 1
4815	0 0 1
4816	0 0 1
4817	1 0 0
4818	1 0 0
4819	0 0 1
4820	0 0 1
4821	1 0 0
4822	0 1 0
4823	1 0 0
4824	0 0 1
4825	1 0 0
4826	1 0 0
4827	0 1 0
4828	0 0 1
4829	0 0 1
4830	0 0 1
4831	1 0 0
4832	1 0 0
4833	1 0 0
4834	0 0 1
4835	0 0 1
4836	0 0 1
4837	0 1 0
4838	0 1 0
4839	1 0 0
4840	0 0 1
4841	1 0 0
4842	0 1 0
4843	1 0 0
4844	1 0 0
4845	0 0 1
4846	0 0 1
4847	1 0 0
4848	0 0 1
4849	1 0 0
4850	0 0 1
4851	0 0 1
4852	0 0 1
4853	1 0 0
4854	0 0 1
4855	0 0 1
4856	0 1 0
4857	0 1 0
4858	0 1 0
4859	1 0 0
4860	0 0 1
4861	0 1 0
4862	1 0 0
4863	1 0 0
4864	0 0 1
4865	0 1 0
4866	0 0 1
4867	0 1 0
4868	0 1 0
4869	1 0 0
4870	1 0 0
4871	1 0 0
4872	0 0 1
4873	0 0 1
4874	1 0 0
4875	1 0 0
4876	1 0 0
4877	0 1 0
4878	1 0 0
4879	0 0 1
4880	0 0 1
4881	0 1 0
4882	0 0 1
4883	0 0 1
4884	1 0 0
4885	0 1 0
4886	0 1 0
4887	1 0 0
4888	0 1 0
4889	0 0 1
4890	0 1 0
4891	1 0 0
4892	0 1 0
4893	1 0 0
4894	1 0 0
4895	0 1 0
4896	1 0 0
4897	0 0 1
4898	0 0 1
4899	1 0 0
4900	0 1 0
4901	1 0 0
4902	0 1 0
4903	0 1 0
4904	0 1 0
4905	0 0 1
4906	0 1 0
4907	0 0 1
4908	0 0 1
4909	0 0 1
4910	0 0 1
4911	0 1 0
4912	1 0 0
4913	1 0 0
4914	1 0 0
4915	0 0 1
4916	1 0 0
4917	1 0 0
4918	0 0 1
4919	1 0 0
4920	1 0 0
4921	1 0 0
4922	0 0 1
4923	0 1 0
4924	0 0 1
4925	0 1 0
4926	0 0 1
4927	1 0 0
4928	0 0 1
4929	0 0 1
4930	0 1 0
4931	1 0 0
4932	0 1 0
4933	0 0 1
4934	1 0 0
4935	1 0 0
4936	1 0 0
4937	0 0 1
4938	0 0 1
4939	0 0 1
4940	0 1 0
4941	0 1 0
4942	0 1 0
4943	0 1 0
4944	0 0 1
4945	0 1 0
4946	1 0 0
4947	0 1 0
4948	1 0 0
4949	1 0 0
4950	0 0 1
4951	0 0 1
4952	0 0 1
4953	0 0 1
4954	0 0 1
4955	0 0 1
4956	0 1 0
4957	0 0 1
4958	1 0 0
4959	0 0 1
4960	1 0 0
4961	1 0 0
4962	1 0 0
4963	0 0 1
4964	1 0 0
4965	0 0 1
4966	0 1 0
4967	0 1 0
4968	1 0 0
4969	0 1 0
4970	0 0 1
4971	1 0 0
4972	0 1 0
4973	0 1 0
4974	0 1 0
4975	0 0 1
4976	0 1 0
4977	0 0 1
4978	0 0 1
4979	0 1 0
4980	0 1 0
4981	0 1 0
4982	1 0 0
4983	1 0 0
4984	0 1 0
4985	0 0 1
4986	1 0 0
4987	0 0 1
4988	0 1 0
4989	1 0 0
4990	0 0 1
4991	1 0 0
4992	0 0 1
4993	1 0 0
4994	0 1 0
4995	1 0 0
4996	1 0 0
4997	0 0 1
4998	0 0 1
4999	1 0 0
