0	0	43
0	0	35
0	1	97
0	1	19
0	0	71
0	0	21
0	1	38
0	0	57
0	1	96
0	1	75
1	0	84
1	0	78
1	0	74
1	1	60
1	1	34
1	1	2
1	1	59
1	0	20
2	0	64
2	0	83
2	1	63
2	0	72
2	1	36
2	0	37
2	0	19
3	0	24
3	0	64
3	0	70
3	1	96
3	0	29
3	0	41
3	1	40
4	1	59
4	0	54
4	0	32
4	1	31
4	1	42
4	0	14
4	1	24
5	1	57
5	1	34
5	0	33
5	1	71
5	0	89
5	0	86
5	1	89
6	1	22
6	0	47
6	0	41
6	0	49
6	0	1
6	0	90
6	1	8
6	1	51
6	0	46
7	0	40
7	0	87
7	0	89
7	1	86
7	0	11
7	0	70
7	1	77
7	0	83
8	1	5
8	0	32
8	0	84
8	0	96
8	1	50
8	0	88
8	0	82
8	0	5
9	1	55
9	0	67
9	1	32
9	1	56
9	1	11
9	0	82
9	1	88
9	1	47
9	1	69
10	0	85
10	1	60
10	1	30
10	1	82
10	0	1
10	0	43
10	1	57
10	1	37
10	1	13
11	0	87
11	1	29
11	0	5
11	1	32
11	0	90
11	1	29
11	1	51
11	1	32
12	1	94
12	1	93
12	1	71
12	1	44
12	0	55
12	1	52
13	1	5
13	0	52
13	0	47
13	1	64
13	1	98
13	0	97
13	1	9
13	0	57
14	1	60
14	0	48
14	0	70
14	0	78
14	1	22
14	0	29
14	0	65
14	1	0
14	1	37
15	1	58
15	1	45
15	0	66
15	1	91
15	1	61
15	1	45
15	0	59
15	0	95
15	1	31
15	0	58
16	1	55
16	0	40
16	0	13
16	0	48
16	0	48
16	0	94
16	0	17
16	1	36
16	1	71
16	0	18
17	0	85
17	0	68
17	0	52
17	0	31
17	1	84
17	0	64
17	0	49
18	1	59
18	0	78
18	0	37
18	0	80
18	0	80
18	0	58
18	1	42
18	1	1
18	1	46
18	1	46
19	1	98
19	0	75
19	1	42
19	0	10
19	0	76
19	0	9
20	0	71
20	1	31
20	0	98
20	0	76
20	0	56
20	1	43
20	0	37
20	0	16
21	0	48
21	0	55
21	1	56
21	0	25
21	0	69
21	1	97
21	1	13
21	0	69
22	1	29
22	0	1
22	1	19
22	1	77
22	0	68
22	0	89
23	1	5
23	0	73
23	1	72
23	1	42
23	0	0
23	1	88
23	1	26
23	1	28
23	0	48
23	0	76
24	0	15
24	1	74
24	0	3
24	0	72
24	1	92
24	1	65
24	1	16
25	0	16
25	1	1
25	1	4
25	1	70
25	0	80
25	0	65
25	1	59
25	0	97
26	1	10
26	0	50
26	0	53
26	1	18
26	1	33
26	1	67
27	1	96
27	1	80
27	1	5
27	0	37
27	1	42
27	0	1
28	0	11
28	0	67
28	0	81
28	0	90
28	0	34
28	0	50
28	1	58
28	0	49
28	0	17
29	0	39
29	0	62
29	1	54
29	1	71
29	0	46
29	1	77
29	0	38
29	0	40
29	1	77
30	1	89
30	1	50
30	0	45
30	1	10
30	0	58
30	1	58
30	1	37
30	1	33
30	0	55
31	1	10
31	1	13
31	0	18
31	0	28
31	0	56
31	0	84
31	0	13
31	1	6
31	0	59
31	0	78
32	0	27
32	1	93
32	1	65
32	0	87
32	0	13
32	0	76
32	0	24
33	0	15
33	0	1
33	1	77
33	1	16
33	0	25
33	1	87
33	1	95
34	0	12
34	1	37
34	1	83
34	1	73
34	0	55
34	1	31
34	1	22
34	1	10
34	1	76
35	0	97
35	0	93
35	1	59
35	0	54
35	0	27
35	1	74
35	1	2
36	0	53
36	1	33
36	1	44
36	1	28
36	1	47
36	0	61
36	0	71
36	1	77
36	1	25
37	1	22
37	1	65
37	1	44
37	1	45
37	1	19
37	0	7
37	0	45
37	0	41
37	1	85
37	0	12
38	0	60
38	0	74
38	0	34
38	1	91
38	1	2
38	1	17
39	1	25
39	0	96
39	0	82
39	0	5
39	0	1
39	0	97
40	0	14
40	0	80
40	1	6
40	0	17
40	1	60
40	1	6
40	1	86
40	1	12
40	1	48
41	0	7
41	1	31
41	1	74
41	0	30
41	0	33
41	1	25
41	0	57
41	1	53
42	0	22
42	1	96
42	0	29
42	1	73
42	0	39
42	0	88
42	0	97
43	1	98
43	1	77
43	0	41
43	0	82
43	1	89
43	1	25
43	0	16
43	0	33
43	1	78
44	0	25
44	1	40
44	0	14
44	1	37
44	0	91
44	0	13
45	1	83
45	0	48
45	1	57
45	0	34
45	0	5
45	1	17
45	0	0
45	0	57
46	1	3
46	0	14
46	0	56
46	0	1
46	1	58
46	1	41
47	0	71
47	0	71
47	0	50
47	1	55
47	1	7
47	1	66
47	0	23
47	0	67
47	1	30
48	1	50
48	1	27
48	0	95
48	1	7
48	1	18
48	0	58
48	1	58
49	0	78
49	0	39
49	1	76
49	0	81
49	0	70
49	0	87
49	0	86
50	0	29
50	1	62
50	1	66
50	0	5
50	0	2
50	1	78
50	1	14
50	1	98
50	0	53
50	1	13
51	1	20
51	0	85
51	0	7
51	0	49
51	1	57
51	0	34
51	0	76
51	0	10
51	1	66
52	1	7
52	0	55
52	1	98
52	1	74
52	0	96
52	0	44
52	0	76
52	0	84
53	1	9
53	1	8
53	0	92
53	0	34
53	0	64
53	0	16
53	1	64
53	1	40
53	1	35
53	1	21
54	1	91
54	0	86
54	1	95
54	0	71
54	0	55
54	1	38
54	1	84
54	1	47
54	1	43
54	0	64
55	1	45
55	0	66
55	0	11
55	1	48
55	0	52
55	0	17
55	1	20
55	0	31
55	1	95
55	0	20
56	1	55
56	0	80
56	0	37
56	0	95
56	0	17
56	1	71
56	0	9
56	0	90
56	0	49
57	1	59
57	0	0
57	1	40
57	0	95
57	1	6
57	0	84
57	0	72
57	1	0
57	1	48
57	0	82
58	0	82
58	0	67
58	1	0
58	1	30
58	0	93
58	0	75
58	1	88
58	0	90
58	0	94
58	0	82
59	1	93
59	0	82
59	1	63
59	1	75
59	1	52
59	1	7
60	1	95
60	0	10
60	1	97
60	0	30
60	1	36
60	0	80
61	1	32
61	1	47
61	1	8
61	0	75
61	1	28
61	0	37
61	1	97
62	1	50
62	0	13
62	1	42
62	1	60
62	1	64
62	1	57
62	1	28
62	1	47
62	0	26
62	0	56
63	1	61
63	0	71
63	0	59
63	0	55
63	0	94
63	1	91
63	1	39
63	0	6
63	0	81
64	1	33
64	1	85
64	0	10
64	1	60
64	0	27
64	0	93
64	0	19
64	0	53
64	1	54
64	0	54
65	1	18
65	0	46
65	1	31
65	0	2
65	1	4
65	0	94
65	0	84
65	1	3
65	1	8
66	0	5
66	0	77
66	1	85
66	0	92
66	1	44
66	1	86
66	1	36
66	1	9
67	0	23
67	0	40
67	1	2
67	1	47
67	0	45
67	0	87
67	0	34
67	0	22
67	0	48
68	1	47
68	0	26
68	0	53
68	0	15
68	1	86
68	0	45
68	0	67
69	1	46
69	1	38
69	0	62
69	0	78
69	0	57
69	0	80
70	0	45
70	0	14
70	1	93
70	0	57
70	0	66
70	0	40
70	1	23
71	0	41
71	1	97
71	0	0
71	1	74
71	1	8
71	0	26
71	1	75
72	1	70
72	1	67
72	0	2
72	0	40
72	0	51
72	0	96
73	1	14
73	1	85
73	0	96
73	1	9
73	0	19
73	0	51
74	1	56
74	0	87
74	0	82
74	0	12
74	1	18
74	0	33
74	1	35
75	0	96
75	0	50
75	0	69
75	1	68
75	1	51
75	0	55
75	0	23
76	0	0
76	1	8
76	1	92
76	1	29
76	0	97
76	0	26
76	1	25
76	1	26
77	1	70
77	1	83
77	1	45
77	0	12
77	1	29
77	1	65
77	1	24
77	0	73
78	1	79
78	0	34
78	1	94
78	1	71
78	1	71
78	0	25
78	0	66
78	0	63
78	1	11
78	1	85
79	0	2
79	0	91
79	0	60
79	0	56
79	0	68
79	1	4
80	0	73
80	1	64
80	0	77
80	1	10
80	0	4
80	0	24
80	0	45
80	1	48
81	0	43
81	0	30
81	1	68
81	1	92
81	1	98
81	0	76
81	0	20
81	0	17
82	0	35
82	1	36
82	1	29
82	0	46
82	1	60
82	0	96
82	0	45
82	1	98
82	1	59
82	0	36
83	0	36
83	1	10
83	0	12
83	0	34
83	1	15
83	0	81
83	1	58
83	0	18
84	0	42
84	0	56
84	0	91
84	0	51
84	1	82
84	0	72
84	0	48
84	0	9
84	1	65
84	0	89
85	1	12
85	1	33
85	1	41
85	0	78
85	0	37
85	0	15
85	0	26
85	1	48
85	0	71
85	0	95
86	1	9
86	1	12
86	1	45
86	0	70
86	1	16
86	0	93
87	0	25
87	1	41
87	1	55
87	0	50
87	0	4
87	1	90
87	1	73
87	0	34
88	1	82
88	0	15
88	0	23
88	0	29
88	1	6
88	0	20
89	1	54
89	0	61
89	0	14
89	1	35
89	1	95
89	0	46
89	0	4
89	0	33
89	1	49
90	1	6
90	1	73
90	1	93
90	1	61
90	0	10
90	0	26
90	0	65
90	0	40
90	1	89
90	0	7
91	0	32
91	1	42
91	0	21
91	0	41
91	1	86
91	0	49
91	1	14
91	0	79
91	0	41
92	0	54
92	0	79
92	1	48
92	1	90
92	1	44
92	1	81
92	1	23
92	0	36
93	0	92
93	1	73
93	0	53
93	1	95
93	0	97
93	1	76
93	1	18
94	0	97
94	1	54
94	1	63
94	1	71
94	0	15
94	1	62
94	1	96
94	1	21
94	1	1
95	0	74
95	0	13
95	1	47
95	0	31
95	0	89
95	0	96
95	1	32
96	0	81
96	0	48
96	1	13
96	0	12
96	1	13
96	0	46
96	1	29
96	0	81
96	1	16
97	0	67
97	0	22
97	0	23
97	1	25
97	0	43
97	1	62
97	1	92
97	0	10
97	1	40
97	0	61
98	0	35
98	0	4
98	1	38
98	1	72
98	0	86
98	0	57
99	1	53
99	1	6
99	0	90
99	1	19
99	1	59
99	0	71
99	0	81
99	1	9
99	0	46
99	1	18
