0	0 1 0
1	0 0 1
2	0 0 1
3	1 0 0
4	1 0 0
5	0 1 0
6	0 1 0
7	0 1 0
8	0 0 1
9	0 0 1
10	0 0 1
11	0 1 0
12	0 1 0
13	0 1 0
14	0 1 0
15	1 0 0
16	0 0 1
17	1 0 0
18	0 0 1
19	1 0 0
20	1 0 0
21	0 0 1
22	0 0 1
23	0 1 0
24	1 0 0
25	0 1 0
26	1 0 0
27	0 0 1
28	0 0 1
29	0 1 0
30	1 0 0
31	1 0 0
32	0 1 0
33	1 0 0
34	0 1 0
35	0 1 0
36	1 0 0
37	1 0 0
38	0 0 1
39	1 0 0
40	0 0 1
41	0 0 1
42	0 0 1
43	0 0 1
44	1 0 0
45	0 1 0
46	0 1 0
47	1 0 0
48	0 1 0
49	0 0 1
50	1 0 0
51	0 0 1
52	1 0 0
53	1 0 0
54	0 1 0
55	0 0 1
56	1 0 0
57	0 0 1
58	0 1 0
59	1 0 0
60	1 0 0
61	0 1 0
62	0 0 1
63	0 1 0
64	1 0 0
65	0 0 1
66	0 1 0
67	1 0 0
68	0 1 0
69	1 0 0
70	0 1 0
71	1 0 0
72	0 0 1
73	0 1 0
74	0 0 1
75	0 0 1
76	0 1 0
77	1 0 0
78	0 0 1
79	1 0 0
80	0 1 0
81	1 0 0
82	1 0 0
83	0 0 1
84	1 0 0
85	0 1 0
86	0 1 0
87	0 1 0
88	1 0 0
89	0 0 1
90	0 1 0
91	1 0 0
92	0 0 1
93	1 0 0
94	1 0 0
95	0 1 0
96	0 1 0
97	0 0 1
98	1 0 0
99	1 0 0
100	0 0 1
101	0 0 1
102	1 0 0
103	0 1 0
104	0 1 0
105	0 1 0
106	0 1 0
107	0 1 0
108	0 0 1
109	1 0 0
110	1 0 0
111	1 0 0
112	0 1 0
113	0 1 0
114	0 0 1
115	0 0 1
116	0 1 0
117	1 0 0
118	0 1 0
119	0 0 1
120	0 0 1
121	0 1 0
122	1 0 0
123	0 1 0
124	0 1 0
125	1 0 0
126	1 0 0
127	1 0 0
128	0 0 1
129	0 1 0
130	0 1 0
131	0 1 0
132	0 1 0
133	0 1 0
134	1 0 0
135	0 0 1
136	0 0 1
137	1 0 0
138	1 0 0
139	0 1 0
140	0 0 1
141	0 1 0
142	0 1 0
143	0 1 0
144	0 0 1
145	0 0 1
146	0 0 1
147	0 0 1
148	0 1 0
149	0 1 0
150	1 0 0
151	0 1 0
152	1 0 0
153	0 0 1
154	0 0 1
155	0 0 1
156	1 0 0
157	0 0 1
158	0 0 1
159	0 1 0
160	0 1 0
161	0 1 0
162	0 0 1
163	1 0 0
164	1 0 0
165	1 0 0
166	0 1 0
167	0 0 1
168	0 1 0
169	1 0 0
170	1 0 0
171	0 1 0
172	1 0 0
173	0 1 0
174	1 0 0
175	1 0 0
176	0 0 1
177	0 0 1
178	0 1 0
179	0 0 1
180	0 0 1
181	0 1 0
182	0 0 1
183	0 1 0
184	0 0 1
185	0 0 1
186	0 1 0
187	1 0 0
188	1 0 0
189	1 0 0
190	0 0 1
191	1 0 0
192	1 0 0
193	0 0 1
194	1 0 0
195	0 1 0
196	1 0 0
197	0 0 1
198	0 0 1
199	0 1 0
200	0 0 1
201	1 0 0
202	1 0 0
203	0 0 1
204	1 0 0
205	1 0 0
206	0 0 1
207	0 0 1
208	1 0 0
209	0 1 0
210	1 0 0
211	1 0 0
212	1 0 0
213	1 0 0
214	0 0 1
215	1 0 0
216	1 0 0
217	0 1 0
218	0 1 0
219	1 0 0
220	1 0 0
221	0 1 0
222	0 0 1
223	0 1 0
224	0 0 1
225	0 1 0
226	0 1 0
227	0 0 1
228	0 0 1
229	0 0 1
230	0 1 0
231	0 0 1
232	1 0 0
233	0 0 1
234	0 0 1
235	0 0 1
236	0 1 0
237	1 0 0
238	1 0 0
239	1 0 0
240	0 1 0
241	0 0 1
242	0 0 1
243	0 0 1
244	1 0 0
245	1 0 0
246	0 1 0
247	1 0 0
248	0 1 0
249	0 0 1
250	0 1 0
251	0 1 0
252	0 1 0
253	0 0 1
254	0 0 1
255	0 0 1
256	0 1 0
257	1 0 0
258	1 0 0
259	0 0 1
260	0 0 1
261	0 0 1
262	0 0 1
263	1 0 0
264	0 0 1
265	0 1 0
266	0 0 1
267	0 1 0
268	1 0 0
269	1 0 0
270	0 1 0
271	1 0 0
272	0 1 0
273	0 0 1
274	0 0 1
275	0 0 1
276	0 0 1
277	0 0 1
278	0 0 1
279	1 0 0
280	0 1 0
281	1 0 0
282	1 0 0
283	1 0 0
284	1 0 0
285	0 0 1
286	1 0 0
287	1 0 0
288	1 0 0
289	0 1 0
290	1 0 0
291	0 1 0
292	1 0 0
293	1 0 0
294	1 0 0
295	0 0 1
296	0 1 0
297	0 1 0
298	0 1 0
299	0 1 0
300	0 0 1
301	1 0 0
302	0 1 0
303	0 1 0
304	1 0 0
305	1 0 0
306	1 0 0
307	1 0 0
308	1 0 0
309	0 1 0
310	0 1 0
311	0 1 0
312	1 0 0
313	1 0 0
314	1 0 0
315	0 0 1
316	0 1 0
317	0 0 1
318	0 1 0
319	1 0 0
320	0 0 1
321	0 0 1
322	1 0 0
323	0 1 0
324	0 0 1
325	0 1 0
326	0 1 0
327	0 0 1
328	0 1 0
329	0 0 1
330	0 1 0
331	0 1 0
332	0 1 0
333	1 0 0
334	1 0 0
335	1 0 0
336	1 0 0
337	1 0 0
338	0 1 0
339	0 0 1
340	0 0 1
341	0 1 0
342	0 1 0
343	1 0 0
344	0 0 1
345	0 1 0
346	0 0 1
347	0 0 1
348	0 1 0
349	1 0 0
350	1 0 0
351	1 0 0
352	0 0 1
353	0 0 1
354	0 1 0
355	0 0 1
356	0 0 1
357	1 0 0
358	1 0 0
359	0 1 0
360	1 0 0
361	1 0 0
362	0 0 1
363	0 0 1
364	1 0 0
365	0 1 0
366	0 1 0
367	0 1 0
368	1 0 0
369	0 1 0
370	1 0 0
371	0 1 0
372	0 1 0
373	1 0 0
374	0 1 0
375	0 0 1
376	0 0 1
377	0 1 0
378	0 0 1
379	1 0 0
380	0 1 0
381	1 0 0
382	0 1 0
383	1 0 0
384	0 1 0
385	1 0 0
386	0 0 1
387	0 1 0
388	0 1 0
389	1 0 0
390	0 1 0
391	0 0 1
392	0 1 0
393	0 0 1
394	0 0 1
395	0 0 1
396	0 0 1
397	1 0 0
398	0 1 0
399	0 0 1
400	1 0 0
401	0 1 0
402	0 0 1
403	1 0 0
404	0 1 0
405	0 0 1
406	1 0 0
407	1 0 0
408	0 1 0
409	1 0 0
410	0 1 0
411	0 0 1
412	0 0 1
413	1 0 0
414	1 0 0
415	1 0 0
416	0 1 0
417	0 1 0
418	0 0 1
419	1 0 0
420	1 0 0
421	0 0 1
422	0 1 0
423	0 0 1
424	0 0 1
425	0 0 1
426	0 0 1
427	0 0 1
428	1 0 0
429	0 1 0
430	1 0 0
431	0 0 1
432	0 1 0
433	0 0 1
434	1 0 0
435	0 1 0
436	0 1 0
437	0 0 1
438	0 0 1
439	0 1 0
440	0 0 1
441	0 1 0
442	0 0 1
443	0 0 1
444	0 1 0
445	1 0 0
446	0 0 1
447	0 1 0
448	1 0 0
449	1 0 0
450	0 1 0
451	0 0 1
452	1 0 0
453	1 0 0
454	1 0 0
455	1 0 0
456	1 0 0
457	1 0 0
458	0 0 1
459	0 1 0
460	0 1 0
461	0 1 0
462	1 0 0
463	0 0 1
464	0 1 0
465	0 0 1
466	0 0 1
467	1 0 0
468	0 0 1
469	0 0 1
470	0 1 0
471	0 0 1
472	1 0 0
473	0 1 0
474	0 0 1
475	1 0 0
476	1 0 0
477	0 0 1
478	0 1 0
479	0 1 0
480	0 1 0
481	1 0 0
482	1 0 0
483	1 0 0
484	0 1 0
485	0 1 0
486	0 1 0
487	0 0 1
488	0 0 1
489	0 1 0
490	0 1 0
491	1 0 0
492	1 0 0
493	0 1 0
494	0 0 1
495	0 0 1
496	1 0 0
497	0 1 0
498	0 0 1
499	1 0 0
500	0 1 0
501	1 0 0
502	1 0 0
503	0 0 1
504	0 1 0
505	1 0 0
506	1 0 0
507	0 0 1
508	1 0 0
509	0 0 1
510	0 0 1
511	1 0 0
512	0 1 0
513	1 0 0
514	0 1 0
515	1 0 0
516	1 0 0
517	0 1 0
518	1 0 0
519	0 1 0
520	0 0 1
521	0 1 0
522	0 0 1
523	1 0 0
524	0 1 0
525	0 0 1
526	1 0 0
527	1 0 0
528	1 0 0
529	0 0 1
530	0 0 1
531	0 1 0
532	1 0 0
533	0 0 1
534	1 0 0
535	1 0 0
536	1 0 0
537	1 0 0
538	1 0 0
539	0 1 0
540	0 0 1
541	1 0 0
542	1 0 0
543	1 0 0
544	0 0 1
545	1 0 0
546	0 0 1
547	0 0 1
548	0 0 1
549	0 1 0
550	0 0 1
551	0 0 1
552	0 0 1
553	0 1 0
554	1 0 0
555	0 1 0
556	0 1 0
557	0 1 0
558	1 0 0
559	0 0 1
560	1 0 0
561	0 0 1
562	1 0 0
563	0 0 1
564	0 1 0
565	0 1 0
566	0 1 0
567	1 0 0
568	0 0 1
569	0 1 0
570	1 0 0
571	0 0 1
572	0 0 1
573	1 0 0
574	0 1 0
575	0 0 1
576	0 0 1
577	0 0 1
578	0 1 0
579	0 0 1
580	1 0 0
581	0 0 1
582	0 0 1
583	1 0 0
584	0 0 1
585	0 1 0
586	0 1 0
587	0 0 1
588	0 0 1
589	0 0 1
590	1 0 0
591	0 0 1
592	0 0 1
593	0 0 1
594	1 0 0
595	0 0 1
596	1 0 0
597	1 0 0
598	0 1 0
599	0 0 1
600	1 0 0
601	1 0 0
602	0 1 0
603	0 0 1
604	1 0 0
605	0 1 0
606	1 0 0
607	1 0 0
608	0 1 0
609	1 0 0
610	0 0 1
611	1 0 0
612	0 0 1
613	0 0 1
614	0 1 0
615	0 1 0
616	0 1 0
617	1 0 0
618	0 1 0
619	0 0 1
620	0 1 0
621	0 1 0
622	1 0 0
623	0 1 0
624	1 0 0
625	1 0 0
626	0 0 1
627	0 0 1
628	0 0 1
629	1 0 0
630	0 0 1
631	0 1 0
632	1 0 0
633	0 0 1
634	0 1 0
635	1 0 0
636	1 0 0
637	0 0 1
638	1 0 0
639	0 0 1
640	0 0 1
641	0 0 1
642	0 0 1
643	0 1 0
644	0 0 1
645	1 0 0
646	0 1 0
647	0 0 1
648	0 0 1
649	0 1 0
650	0 1 0
651	0 1 0
652	0 0 1
653	0 0 1
654	0 0 1
655	0 1 0
656	1 0 0
657	0 0 1
658	1 0 0
659	0 0 1
660	1 0 0
661	0 0 1
662	1 0 0
663	0 1 0
664	0 1 0
665	1 0 0
666	0 1 0
667	1 0 0
668	0 0 1
669	1 0 0
670	1 0 0
671	0 1 0
672	0 0 1
673	1 0 0
674	0 1 0
675	1 0 0
676	0 1 0
677	0 1 0
678	1 0 0
679	1 0 0
680	1 0 0
681	1 0 0
682	0 1 0
683	0 1 0
684	0 0 1
685	1 0 0
686	0 0 1
687	1 0 0
688	0 1 0
689	0 0 1
690	0 1 0
691	0 0 1
692	0 1 0
693	0 0 1
694	0 0 1
695	1 0 0
696	0 1 0
697	0 0 1
698	0 0 1
699	0 1 0
700	0 1 0
701	0 0 1
702	1 0 0
703	0 0 1
704	1 0 0
705	0 0 1
706	0 1 0
707	0 1 0
708	0 1 0
709	0 1 0
710	1 0 0
711	0 0 1
712	0 0 1
713	0 1 0
714	0 0 1
715	0 1 0
716	0 1 0
717	0 1 0
718	0 1 0
719	0 0 1
720	0 0 1
721	0 0 1
722	0 0 1
723	1 0 0
724	1 0 0
725	0 0 1
726	0 0 1
727	1 0 0
728	0 1 0
729	1 0 0
730	0 1 0
731	0 0 1
732	0 0 1
733	1 0 0
734	0 1 0
735	1 0 0
736	0 1 0
737	0 0 1
738	1 0 0
739	0 1 0
740	1 0 0
741	0 0 1
742	0 0 1
743	1 0 0
744	0 0 1
745	0 0 1
746	0 1 0
747	0 0 1
748	1 0 0
749	1 0 0
750	0 0 1
751	0 0 1
752	0 0 1
753	0 0 1
754	1 0 0
755	0 0 1
756	0 1 0
757	0 1 0
758	0 0 1
759	0 1 0
760	0 1 0
761	0 0 1
762	1 0 0
763	1 0 0
764	0 1 0
765	0 0 1
766	0 1 0
767	0 0 1
768	0 1 0
769	1 0 0
770	1 0 0
771	1 0 0
772	0 0 1
773	1 0 0
774	1 0 0
775	1 0 0
776	0 1 0
777	0 0 1
778	0 0 1
779	0 0 1
780	0 0 1
781	1 0 0
782	0 0 1
783	1 0 0
784	1 0 0
785	0 0 1
786	1 0 0
787	0 0 1
788	0 1 0
789	0 1 0
790	0 0 1
791	1 0 0
792	0 0 1
793	0 0 1
794	0 0 1
795	0 1 0
796	1 0 0
797	0 1 0
798	0 0 1
799	0 1 0
800	0 1 0
801	0 1 0
802	1 0 0
803	1 0 0
804	1 0 0
805	0 0 1
806	0 1 0
807	1 0 0
808	0 1 0
809	0 1 0
810	0 1 0
811	1 0 0
812	0 0 1
813	0 0 1
814	0 0 1
815	1 0 0
816	0 1 0
817	0 0 1
818	1 0 0
819	0 0 1
820	0 1 0
821	0 0 1
822	1 0 0
823	0 1 0
824	0 1 0
825	1 0 0
826	0 1 0
827	1 0 0
828	0 0 1
829	0 0 1
830	0 0 1
831	1 0 0
832	0 0 1
833	0 1 0
834	0 1 0
835	1 0 0
836	0 0 1
837	0 1 0
838	0 0 1
839	1 0 0
840	1 0 0
841	1 0 0
842	0 1 0
843	0 1 0
844	1 0 0
845	0 0 1
846	1 0 0
847	0 0 1
848	1 0 0
849	0 0 1
850	0 0 1
851	1 0 0
852	1 0 0
853	0 0 1
854	0 1 0
855	0 1 0
856	1 0 0
857	0 0 1
858	0 0 1
859	0 1 0
860	0 0 1
861	1 0 0
862	1 0 0
863	0 1 0
864	0 1 0
865	0 1 0
866	1 0 0
867	0 1 0
868	1 0 0
869	0 0 1
870	0 0 1
871	0 1 0
872	0 1 0
873	0 0 1
874	0 0 1
875	1 0 0
876	0 0 1
877	0 1 0
878	0 1 0
879	1 0 0
880	1 0 0
881	0 0 1
882	1 0 0
883	0 1 0
884	1 0 0
885	0 1 0
886	0 1 0
887	0 1 0
888	0 1 0
889	0 0 1
890	0 1 0
891	0 0 1
892	0 0 1
893	1 0 0
894	0 1 0
895	1 0 0
896	1 0 0
897	0 0 1
898	1 0 0
899	1 0 0
900	0 1 0
901	0 0 1
902	0 0 1
903	0 1 0
904	1 0 0
905	0 1 0
906	0 0 1
907	0 0 1
908	0 0 1
909	1 0 0
910	0 1 0
911	0 1 0
912	0 1 0
913	0 0 1
914	0 1 0
915	0 0 1
916	1 0 0
917	0 1 0
918	1 0 0
919	0 0 1
920	0 0 1
921	0 1 0
922	1 0 0
923	0 0 1
924	0 1 0
925	0 0 1
926	0 1 0
927	0 0 1
928	0 0 1
929	1 0 0
930	0 1 0
931	0 0 1
932	1 0 0
933	0 0 1
934	1 0 0
935	0 1 0
936	0 1 0
937	0 0 1
938	0 0 1
939	0 1 0
940	0 1 0
941	1 0 0
942	1 0 0
943	0 0 1
944	1 0 0
945	0 1 0
946	0 1 0
947	1 0 0
948	1 0 0
949	0 1 0
950	1 0 0
951	0 0 1
952	0 0 1
953	0 0 1
954	1 0 0
955	0 1 0
956	1 0 0
957	0 0 1
958	0 1 0
959	0 0 1
960	0 0 1
961	0 1 0
962	0 1 0
963	0 0 1
964	1 0 0
965	0 1 0
966	0 1 0
967	0 1 0
968	0 1 0
969	0 0 1
970	1 0 0
971	0 0 1
972	1 0 0
973	0 0 1
974	0 0 1
975	0 0 1
976	0 1 0
977	0 1 0
978	0 0 1
979	1 0 0
980	0 0 1
981	0 0 1
982	0 0 1
983	0 1 0
984	1 0 0
985	1 0 0
986	0 0 1
987	1 0 0
988	1 0 0
989	0 0 1
990	1 0 0
991	0 0 1
992	1 0 0
993	0 0 1
994	0 1 0
995	0 1 0
996	1 0 0
997	1 0 0
998	0 1 0
999	0 0 1
1000	0 1 0
1001	0 1 0
1002	1 0 0
1003	1 0 0
1004	1 0 0
1005	1 0 0
1006	0 0 1
1007	0 0 1
1008	0 1 0
1009	0 0 1
1010	0 0 1
1011	0 1 0
1012	1 0 0
1013	1 0 0
1014	0 1 0
1015	0 1 0
1016	1 0 0
1017	0 1 0
1018	1 0 0
1019	1 0 0
1020	0 0 1
1021	0 1 0
1022	1 0 0
1023	0 1 0
1024	0 0 1
1025	0 0 1
1026	0 0 1
1027	0 1 0
1028	0 1 0
1029	0 0 1
1030	0 0 1
1031	1 0 0
1032	0 0 1
1033	0 1 0
1034	0 1 0
1035	1 0 0
1036	0 0 1
1037	0 1 0
1038	0 1 0
1039	0 0 1
1040	0 1 0
1041	0 1 0
1042	0 1 0
1043	0 0 1
1044	1 0 0
1045	1 0 0
1046	0 0 1
1047	1 0 0
1048	0 0 1
1049	0 0 1
1050	0 0 1
1051	0 1 0
1052	0 0 1
1053	0 1 0
1054	0 0 1
1055	0 1 0
1056	1 0 0
1057	1 0 0
1058	0 1 0
1059	1 0 0
1060	0 0 1
1061	1 0 0
1062	1 0 0
1063	0 0 1
1064	0 1 0
1065	0 0 1
1066	0 1 0
1067	1 0 0
1068	1 0 0
1069	0 0 1
1070	0 1 0
1071	0 0 1
1072	1 0 0
1073	1 0 0
1074	0 0 1
1075	0 0 1
1076	1 0 0
1077	1 0 0
1078	0 0 1
1079	0 0 1
1080	0 1 0
1081	1 0 0
1082	1 0 0
1083	1 0 0
1084	1 0 0
1085	0 0 1
1086	0 1 0
1087	0 1 0
1088	0 1 0
1089	1 0 0
1090	0 0 1
1091	0 1 0
1092	0 0 1
1093	0 1 0
1094	1 0 0
1095	1 0 0
1096	1 0 0
1097	0 0 1
1098	0 0 1
1099	0 0 1
1100	0 0 1
1101	0 1 0
1102	1 0 0
1103	0 0 1
1104	1 0 0
1105	0 0 1
1106	0 0 1
1107	0 1 0
1108	0 0 1
1109	0 0 1
1110	0 0 1
1111	0 1 0
1112	0 0 1
1113	1 0 0
1114	1 0 0
1115	0 1 0
1116	1 0 0
1117	0 0 1
1118	1 0 0
1119	0 0 1
1120	1 0 0
1121	0 0 1
1122	1 0 0
1123	0 1 0
1124	1 0 0
1125	1 0 0
1126	0 0 1
1127	0 0 1
1128	0 0 1
1129	1 0 0
1130	1 0 0
1131	0 1 0
1132	0 1 0
1133	0 0 1
1134	1 0 0
1135	0 1 0
1136	0 0 1
1137	1 0 0
1138	0 1 0
1139	1 0 0
1140	0 0 1
1141	1 0 0
1142	0 1 0
1143	0 0 1
1144	0 1 0
1145	0 1 0
1146	0 1 0
1147	1 0 0
1148	0 0 1
1149	1 0 0
1150	0 1 0
1151	1 0 0
1152	0 0 1
1153	0 1 0
1154	1 0 0
1155	1 0 0
1156	0 1 0
1157	1 0 0
1158	0 1 0
1159	0 0 1
1160	0 1 0
1161	0 0 1
1162	0 0 1
1163	1 0 0
1164	0 1 0
1165	1 0 0
1166	0 1 0
1167	0 0 1
1168	0 0 1
1169	0 0 1
1170	0 1 0
1171	1 0 0
1172	0 1 0
1173	0 0 1
1174	0 1 0
1175	0 0 1
1176	1 0 0
1177	0 0 1
1178	0 1 0
1179	0 1 0
1180	1 0 0
1181	1 0 0
1182	0 1 0
1183	0 0 1
1184	0 0 1
1185	0 0 1
1186	1 0 0
1187	0 0 1
1188	0 1 0
1189	1 0 0
1190	0 0 1
1191	0 1 0
1192	0 0 1
1193	0 1 0
1194	0 1 0
1195	1 0 0
1196	1 0 0
1197	0 1 0
1198	0 1 0
1199	0 1 0
1200	0 0 1
1201	0 0 1
1202	0 0 1
1203	0 1 0
1204	0 1 0
1205	0 1 0
1206	1 0 0
1207	1 0 0
1208	0 1 0
1209	0 1 0
1210	0 1 0
1211	0 1 0
1212	0 0 1
1213	0 1 0
1214	0 1 0
1215	0 0 1
1216	0 1 0
1217	0 1 0
1218	1 0 0
1219	0 1 0
1220	0 1 0
1221	0 0 1
1222	1 0 0
1223	1 0 0
1224	0 0 1
1225	0 0 1
1226	0 0 1
1227	0 0 1
1228	0 1 0
1229	0 1 0
1230	0 0 1
1231	0 1 0
1232	0 1 0
1233	0 1 0
1234	1 0 0
1235	0 0 1
1236	0 0 1
1237	1 0 0
1238	1 0 0
1239	0 1 0
1240	0 0 1
1241	1 0 0
1242	0 0 1
1243	1 0 0
1244	1 0 0
1245	1 0 0
1246	0 1 0
1247	1 0 0
1248	1 0 0
1249	0 0 1
1250	0 0 1
1251	0 1 0
1252	0 0 1
1253	1 0 0
1254	0 1 0
1255	0 1 0
1256	1 0 0
1257	0 0 1
1258	1 0 0
1259	0 1 0
1260	1 0 0
1261	1 0 0
1262	0 0 1
1263	0 1 0
1264	1 0 0
1265	1 0 0
1266	1 0 0
1267	1 0 0
1268	0 1 0
1269	1 0 0
1270	1 0 0
1271	1 0 0
1272	0 0 1
1273	0 0 1
1274	1 0 0
1275	0 0 1
1276	0 0 1
1277	1 0 0
1278	1 0 0
1279	1 0 0
1280	0 0 1
1281	1 0 0
1282	1 0 0
1283	0 0 1
1284	0 0 1
1285	1 0 0
1286	0 1 0
1287	0 0 1
1288	0 0 1
1289	0 1 0
1290	1 0 0
1291	1 0 0
1292	0 1 0
1293	0 1 0
1294	1 0 0
1295	0 0 1
1296	0 1 0
1297	1 0 0
1298	0 0 1
1299	0 1 0
1300	1 0 0
1301	0 0 1
1302	0 1 0
1303	0 0 1
1304	1 0 0
1305	1 0 0
1306	0 0 1
1307	1 0 0
1308	1 0 0
1309	1 0 0
1310	0 1 0
1311	1 0 0
1312	0 1 0
1313	0 1 0
1314	0 0 1
1315	0 0 1
1316	0 0 1
1317	0 0 1
1318	1 0 0
1319	0 1 0
1320	0 0 1
1321	0 1 0
1322	0 1 0
1323	1 0 0
1324	0 0 1
1325	0 0 1
1326	0 0 1
1327	0 1 0
1328	0 1 0
1329	0 1 0
1330	1 0 0
1331	1 0 0
1332	0 1 0
1333	1 0 0
1334	0 1 0
1335	0 0 1
1336	1 0 0
1337	0 1 0
1338	1 0 0
1339	1 0 0
1340	0 1 0
1341	0 1 0
1342	1 0 0
1343	0 1 0
1344	0 0 1
1345	0 1 0
1346	1 0 0
1347	0 0 1
1348	0 1 0
1349	1 0 0
1350	0 1 0
1351	0 1 0
1352	0 0 1
1353	0 1 0
1354	0 0 1
1355	0 1 0
1356	0 0 1
1357	0 1 0
1358	0 0 1
1359	0 1 0
1360	0 0 1
1361	0 1 0
1362	1 0 0
1363	0 1 0
1364	1 0 0
1365	0 1 0
1366	0 1 0
1367	0 0 1
1368	0 1 0
1369	0 1 0
1370	0 1 0
1371	0 1 0
1372	1 0 0
1373	0 1 0
1374	0 0 1
1375	1 0 0
1376	1 0 0
1377	0 0 1
1378	0 0 1
1379	1 0 0
1380	1 0 0
1381	0 0 1
1382	0 1 0
1383	1 0 0
1384	1 0 0
1385	1 0 0
1386	1 0 0
1387	0 1 0
1388	0 1 0
1389	1 0 0
1390	1 0 0
1391	0 0 1
1392	0 1 0
1393	1 0 0
1394	0 0 1
1395	0 0 1
1396	0 0 1
1397	0 0 1
1398	0 0 1
1399	0 0 1
1400	1 0 0
1401	0 1 0
1402	0 1 0
1403	0 1 0
1404	0 1 0
1405	1 0 0
1406	1 0 0
1407	0 1 0
1408	0 0 1
1409	0 1 0
1410	0 1 0
1411	0 0 1
1412	0 0 1
1413	0 1 0
1414	0 0 1
1415	0 0 1
1416	0 0 1
1417	0 0 1
1418	1 0 0
1419	0 1 0
1420	1 0 0
1421	0 0 1
1422	1 0 0
1423	0 1 0
1424	1 0 0
1425	0 1 0
1426	1 0 0
1427	1 0 0
1428	0 1 0
1429	0 0 1
1430	0 0 1
1431	1 0 0
1432	1 0 0
1433	0 0 1
1434	0 1 0
1435	1 0 0
1436	0 0 1
1437	0 0 1
1438	0 1 0
1439	0 0 1
1440	0 0 1
1441	0 0 1
1442	0 1 0
1443	1 0 0
1444	0 1 0
1445	0 1 0
1446	0 1 0
1447	1 0 0
1448	0 1 0
1449	0 1 0
1450	0 0 1
1451	0 0 1
1452	0 0 1
1453	0 0 1
1454	0 0 1
1455	1 0 0
1456	0 1 0
1457	0 1 0
1458	0 0 1
1459	1 0 0
1460	1 0 0
1461	0 0 1
1462	0 0 1
1463	0 0 1
1464	0 1 0
1465	1 0 0
1466	0 0 1
1467	0 1 0
1468	0 1 0
1469	0 0 1
1470	0 0 1
1471	0 0 1
1472	0 1 0
1473	0 0 1
1474	0 1 0
1475	0 1 0
1476	0 1 0
1477	1 0 0
1478	1 0 0
1479	1 0 0
1480	0 0 1
1481	1 0 0
1482	0 1 0
1483	0 0 1
1484	0 1 0
1485	0 0 1
1486	0 1 0
1487	0 1 0
1488	0 0 1
1489	0 0 1
1490	1 0 0
1491	0 1 0
1492	1 0 0
1493	0 1 0
1494	0 1 0
1495	0 1 0
1496	0 0 1
1497	0 1 0
1498	0 1 0
1499	1 0 0
1500	1 0 0
1501	1 0 0
1502	0 0 1
1503	1 0 0
1504	0 0 1
1505	1 0 0
1506	1 0 0
1507	1 0 0
1508	1 0 0
1509	1 0 0
1510	0 0 1
1511	0 1 0
1512	1 0 0
1513	0 1 0
1514	1 0 0
1515	0 0 1
1516	0 0 1
1517	0 0 1
1518	1 0 0
1519	1 0 0
1520	1 0 0
1521	0 1 0
1522	0 0 1
1523	0 1 0
1524	1 0 0
1525	0 0 1
1526	0 1 0
1527	0 0 1
1528	0 0 1
1529	0 1 0
1530	0 1 0
1531	1 0 0
1532	0 0 1
1533	1 0 0
1534	1 0 0
1535	1 0 0
1536	0 0 1
1537	0 1 0
1538	1 0 0
1539	1 0 0
1540	0 1 0
1541	1 0 0
1542	1 0 0
1543	0 0 1
1544	0 1 0
1545	1 0 0
1546	0 1 0
1547	0 1 0
1548	0 0 1
1549	1 0 0
1550	1 0 0
1551	1 0 0
1552	1 0 0
1553	0 0 1
1554	0 0 1
1555	0 0 1
1556	0 0 1
1557	0 1 0
1558	1 0 0
1559	0 1 0
1560	0 1 0
1561	0 1 0
1562	0 1 0
1563	0 0 1
1564	0 1 0
1565	0 0 1
1566	0 0 1
1567	0 1 0
1568	0 0 1
1569	1 0 0
1570	1 0 0
1571	0 0 1
1572	0 0 1
1573	1 0 0
1574	1 0 0
1575	0 1 0
1576	1 0 0
1577	0 1 0
1578	0 0 1
1579	0 1 0
1580	0 1 0
1581	0 0 1
1582	0 1 0
1583	0 0 1
1584	1 0 0
1585	0 0 1
1586	1 0 0
1587	1 0 0
1588	1 0 0
1589	0 0 1
1590	0 1 0
1591	0 1 0
1592	0 1 0
1593	0 0 1
1594	0 0 1
1595	0 0 1
1596	0 0 1
1597	1 0 0
1598	0 0 1
1599	1 0 0
1600	0 1 0
1601	0 1 0
1602	1 0 0
1603	0 0 1
1604	0 0 1
1605	0 1 0
1606	1 0 0
1607	0 0 1
1608	1 0 0
1609	1 0 0
1610	0 1 0
1611	0 1 0
1612	1 0 0
1613	0 1 0
1614	1 0 0
1615	0 0 1
1616	0 0 1
1617	0 0 1
1618	1 0 0
1619	0 0 1
1620	0 0 1
1621	0 0 1
1622	0 1 0
1623	0 1 0
1624	0 0 1
1625	0 1 0
1626	0 1 0
1627	0 0 1
1628	0 0 1
1629	0 1 0
1630	0 1 0
1631	1 0 0
1632	1 0 0
1633	1 0 0
1634	0 0 1
1635	1 0 0
1636	0 1 0
1637	0 0 1
1638	0 0 1
1639	0 0 1
1640	0 1 0
1641	0 1 0
1642	0 0 1
1643	0 0 1
1644	0 1 0
1645	0 1 0
1646	1 0 0
1647	0 1 0
1648	0 0 1
1649	1 0 0
1650	1 0 0
1651	0 0 1
1652	1 0 0
1653	1 0 0
1654	0 0 1
1655	0 1 0
1656	0 1 0
1657	1 0 0
1658	1 0 0
1659	1 0 0
1660	1 0 0
1661	1 0 0
1662	0 1 0
1663	0 1 0
1664	0 1 0
1665	1 0 0
1666	1 0 0
1667	0 0 1
1668	0 1 0
1669	1 0 0
1670	0 0 1
1671	1 0 0
1672	1 0 0
1673	0 1 0
1674	0 1 0
1675	0 1 0
1676	1 0 0
1677	0 1 0
1678	0 1 0
1679	1 0 0
1680	0 0 1
1681	0 1 0
1682	0 0 1
1683	0 0 1
1684	1 0 0
1685	1 0 0
1686	1 0 0
1687	1 0 0
1688	1 0 0
1689	0 0 1
1690	1 0 0
1691	0 1 0
1692	1 0 0
1693	1 0 0
1694	0 0 1
1695	1 0 0
1696	1 0 0
1697	0 0 1
1698	0 0 1
1699	0 1 0
1700	0 0 1
1701	0 0 1
1702	1 0 0
1703	0 1 0
1704	1 0 0
1705	0 1 0
1706	1 0 0
1707	0 0 1
1708	1 0 0
1709	0 1 0
1710	0 1 0
1711	0 1 0
1712	0 1 0
1713	0 1 0
1714	0 1 0
1715	0 1 0
1716	1 0 0
1717	1 0 0
1718	1 0 0
1719	0 1 0
1720	0 1 0
1721	1 0 0
1722	1 0 0
1723	0 0 1
1724	0 0 1
1725	0 1 0
1726	0 0 1
1727	0 1 0
1728	0 0 1
1729	1 0 0
1730	0 1 0
1731	0 0 1
1732	0 1 0
1733	0 0 1
1734	1 0 0
1735	1 0 0
1736	0 1 0
1737	0 0 1
1738	0 0 1
1739	1 0 0
1740	0 1 0
1741	0 0 1
1742	0 1 0
1743	1 0 0
1744	0 0 1
1745	1 0 0
1746	0 0 1
1747	0 1 0
1748	0 1 0
1749	0 1 0
1750	0 0 1
1751	0 0 1
1752	1 0 0
1753	1 0 0
1754	0 0 1
1755	0 0 1
1756	0 0 1
1757	0 0 1
1758	1 0 0
1759	1 0 0
1760	0 1 0
1761	0 1 0
1762	0 1 0
1763	0 1 0
1764	0 1 0
1765	1 0 0
1766	1 0 0
1767	0 0 1
1768	1 0 0
1769	0 0 1
1770	0 1 0
1771	0 1 0
1772	1 0 0
1773	1 0 0
1774	0 1 0
1775	1 0 0
1776	1 0 0
1777	0 0 1
1778	0 0 1
1779	0 0 1
1780	0 0 1
1781	0 1 0
1782	0 0 1
1783	0 0 1
1784	0 1 0
1785	1 0 0
1786	0 1 0
1787	0 1 0
1788	1 0 0
1789	0 0 1
1790	0 1 0
1791	0 0 1
1792	0 0 1
1793	0 0 1
1794	0 1 0
1795	1 0 0
1796	0 1 0
1797	0 0 1
1798	0 1 0
1799	1 0 0
1800	1 0 0
1801	0 0 1
1802	0 1 0
1803	0 1 0
1804	0 0 1
1805	0 1 0
1806	0 0 1
1807	0 1 0
1808	0 1 0
1809	0 0 1
1810	1 0 0
1811	0 1 0
1812	0 1 0
1813	0 0 1
1814	0 1 0
1815	0 0 1
1816	0 0 1
1817	0 0 1
1818	0 1 0
1819	0 1 0
1820	1 0 0
1821	0 0 1
1822	0 1 0
1823	1 0 0
1824	0 1 0
1825	0 0 1
1826	0 1 0
1827	0 1 0
1828	0 1 0
1829	0 0 1
1830	0 0 1
1831	0 0 1
1832	1 0 0
1833	0 1 0
1834	0 0 1
1835	1 0 0
1836	1 0 0
1837	0 0 1
1838	0 0 1
1839	0 1 0
1840	1 0 0
1841	0 1 0
1842	1 0 0
1843	1 0 0
1844	0 0 1
1845	0 0 1
1846	1 0 0
1847	0 0 1
1848	0 0 1
1849	0 1 0
1850	1 0 0
1851	0 0 1
1852	0 0 1
1853	0 0 1
1854	0 0 1
1855	1 0 0
1856	0 0 1
1857	0 0 1
1858	1 0 0
1859	0 1 0
1860	0 0 1
1861	0 1 0
1862	0 1 0
1863	0 0 1
1864	0 1 0
1865	0 0 1
1866	1 0 0
1867	0 1 0
1868	1 0 0
1869	0 1 0
1870	1 0 0
1871	1 0 0
1872	0 1 0
1873	1 0 0
1874	0 1 0
1875	1 0 0
1876	0 0 1
1877	0 1 0
1878	0 1 0
1879	0 1 0
1880	0 0 1
1881	0 1 0
1882	1 0 0
1883	1 0 0
1884	0 1 0
1885	0 1 0
1886	1 0 0
1887	0 0 1
1888	0 0 1
1889	0 1 0
1890	1 0 0
1891	0 1 0
1892	0 0 1
1893	0 0 1
1894	0 0 1
1895	0 1 0
1896	1 0 0
1897	0 1 0
1898	0 0 1
1899	1 0 0
1900	1 0 0
1901	1 0 0
1902	1 0 0
1903	0 0 1
1904	0 0 1
1905	0 0 1
1906	0 1 0
1907	1 0 0
1908	0 1 0
1909	0 1 0
1910	1 0 0
1911	0 1 0
1912	1 0 0
1913	0 0 1
1914	1 0 0
1915	0 1 0
1916	0 1 0
1917	0 1 0
1918	1 0 0
1919	1 0 0
1920	0 1 0
1921	0 0 1
1922	1 0 0
1923	0 0 1
1924	0 0 1
1925	0 1 0
1926	0 1 0
1927	1 0 0
1928	1 0 0
1929	0 1 0
1930	0 0 1
1931	1 0 0
1932	1 0 0
1933	0 0 1
1934	0 1 0
1935	0 1 0
1936	1 0 0
1937	1 0 0
1938	0 0 1
1939	0 0 1
1940	0 1 0
1941	1 0 0
1942	1 0 0
1943	0 1 0
1944	0 0 1
1945	0 1 0
1946	0 0 1
1947	1 0 0
1948	0 1 0
1949	0 0 1
1950	0 0 1
1951	1 0 0
1952	1 0 0
1953	0 0 1
1954	0 1 0
1955	0 1 0
1956	0 1 0
1957	0 1 0
1958	0 0 1
1959	0 1 0
1960	0 1 0
1961	1 0 0
1962	0 1 0
1963	0 1 0
1964	1 0 0
1965	1 0 0
1966	1 0 0
1967	1 0 0
1968	1 0 0
1969	0 1 0
1970	0 1 0
1971	0 0 1
1972	1 0 0
1973	0 1 0
1974	0 1 0
1975	0 1 0
1976	0 0 1
1977	0 0 1
1978	0 0 1
1979	1 0 0
1980	0 0 1
1981	0 1 0
1982	1 0 0
1983	1 0 0
1984	0 1 0
1985	0 0 1
1986	1 0 0
1987	0 0 1
1988	0 0 1
1989	0 0 1
1990	0 0 1
1991	1 0 0
1992	1 0 0
1993	0 0 1
1994	0 1 0
1995	0 1 0
1996	0 1 0
1997	0 1 0
1998	0 1 0
1999	1 0 0
2000	0 1 0
2001	0 0 1
2002	0 1 0
2003	0 0 1
2004	0 1 0
2005	0 0 1
2006	0 0 1
2007	1 0 0
2008	0 1 0
2009	0 1 0
2010	0 1 0
2011	0 1 0
2012	0 0 1
2013	1 0 0
2014	0 0 1
2015	0 1 0
2016	0 1 0
2017	0 1 0
2018	1 0 0
2019	1 0 0
2020	1 0 0
2021	1 0 0
2022	1 0 0
2023	0 1 0
2024	0 1 0
2025	1 0 0
2026	1 0 0
2027	0 1 0
2028	1 0 0
2029	0 1 0
2030	0 0 1
2031	1 0 0
2032	0 1 0
2033	0 1 0
2034	1 0 0
2035	1 0 0
2036	0 0 1
2037	0 0 1
2038	1 0 0
2039	1 0 0
2040	0 1 0
2041	1 0 0
2042	1 0 0
2043	1 0 0
2044	0 1 0
2045	0 1 0
2046	0 0 1
2047	0 0 1
2048	0 0 1
2049	1 0 0
2050	1 0 0
2051	0 0 1
2052	0 0 1
2053	0 1 0
2054	1 0 0
2055	0 1 0
2056	0 1 0
2057	1 0 0
2058	0 1 0
2059	0 1 0
2060	1 0 0
2061	0 0 1
2062	1 0 0
2063	1 0 0
2064	0 0 1
2065	0 1 0
2066	1 0 0
2067	1 0 0
2068	0 1 0
2069	1 0 0
2070	0 1 0
2071	0 0 1
2072	0 1 0
2073	1 0 0
2074	0 1 0
2075	0 0 1
2076	0 1 0
2077	0 0 1
2078	0 0 1
2079	0 1 0
2080	0 1 0
2081	1 0 0
2082	1 0 0
2083	1 0 0
2084	0 0 1
2085	1 0 0
2086	0 0 1
2087	0 1 0
2088	1 0 0
2089	1 0 0
2090	0 0 1
2091	1 0 0
2092	0 0 1
2093	1 0 0
2094	0 1 0
2095	1 0 0
2096	0 0 1
2097	0 1 0
2098	0 0 1
2099	1 0 0
2100	0 1 0
2101	1 0 0
2102	0 1 0
2103	1 0 0
2104	1 0 0
2105	1 0 0
2106	0 1 0
2107	0 0 1
2108	1 0 0
2109	0 0 1
2110	0 0 1
2111	0 0 1
2112	0 0 1
2113	0 0 1
2114	1 0 0
2115	0 1 0
2116	0 0 1
2117	1 0 0
2118	1 0 0
2119	0 0 1
2120	0 0 1
2121	0 1 0
2122	1 0 0
2123	0 0 1
2124	0 0 1
2125	0 1 0
2126	1 0 0
2127	0 0 1
2128	1 0 0
2129	1 0 0
2130	0 1 0
2131	1 0 0
2132	0 0 1
2133	1 0 0
2134	1 0 0
2135	1 0 0
2136	1 0 0
2137	1 0 0
2138	1 0 0
2139	0 0 1
2140	1 0 0
2141	0 1 0
2142	0 1 0
2143	0 1 0
2144	0 1 0
2145	1 0 0
2146	0 1 0
2147	1 0 0
2148	1 0 0
2149	1 0 0
2150	0 0 1
2151	1 0 0
2152	0 1 0
2153	1 0 0
2154	0 1 0
2155	1 0 0
2156	1 0 0
2157	0 1 0
2158	0 0 1
2159	1 0 0
2160	0 1 0
2161	0 1 0
2162	1 0 0
2163	0 0 1
2164	0 1 0
2165	1 0 0
2166	1 0 0
2167	0 1 0
2168	0 0 1
2169	1 0 0
2170	0 0 1
2171	0 1 0
2172	0 0 1
2173	0 0 1
2174	0 0 1
2175	1 0 0
2176	0 0 1
2177	1 0 0
2178	0 1 0
2179	1 0 0
2180	0 1 0
2181	0 0 1
2182	0 1 0
2183	1 0 0
2184	1 0 0
2185	0 1 0
2186	1 0 0
2187	0 1 0
2188	0 0 1
2189	1 0 0
2190	0 0 1
2191	0 1 0
2192	1 0 0
2193	1 0 0
2194	0 0 1
2195	1 0 0
2196	0 1 0
2197	0 1 0
2198	0 1 0
2199	0 1 0
2200	1 0 0
2201	0 0 1
2202	1 0 0
2203	0 1 0
2204	1 0 0
2205	0 1 0
2206	1 0 0
2207	0 0 1
2208	0 1 0
2209	0 1 0
2210	1 0 0
2211	0 1 0
2212	1 0 0
2213	0 1 0
2214	0 0 1
2215	0 0 1
2216	1 0 0
2217	0 0 1
2218	0 1 0
2219	0 1 0
2220	0 1 0
2221	0 1 0
2222	0 1 0
2223	0 1 0
2224	1 0 0
2225	1 0 0
2226	0 0 1
2227	1 0 0
2228	0 0 1
2229	1 0 0
2230	0 0 1
2231	0 1 0
2232	0 0 1
2233	1 0 0
2234	0 1 0
2235	0 0 1
2236	0 0 1
2237	1 0 0
2238	0 0 1
2239	0 1 0
2240	0 0 1
2241	1 0 0
2242	0 0 1
2243	0 0 1
2244	0 1 0
2245	1 0 0
2246	0 1 0
2247	0 1 0
2248	1 0 0
2249	0 1 0
2250	0 1 0
2251	0 0 1
2252	0 1 0
2253	0 0 1
2254	1 0 0
2255	0 0 1
2256	0 0 1
2257	1 0 0
2258	1 0 0
2259	1 0 0
2260	0 1 0
2261	0 0 1
2262	0 0 1
2263	0 1 0
2264	1 0 0
2265	0 1 0
2266	0 0 1
2267	1 0 0
2268	0 0 1
2269	0 0 1
2270	0 1 0
2271	0 0 1
2272	0 0 1
2273	0 1 0
2274	0 0 1
2275	0 0 1
2276	0 1 0
2277	1 0 0
2278	1 0 0
2279	0 1 0
2280	0 1 0
2281	0 0 1
2282	0 0 1
2283	0 0 1
2284	0 0 1
2285	1 0 0
2286	0 1 0
2287	0 0 1
2288	0 0 1
2289	0 1 0
2290	1 0 0
2291	0 0 1
2292	0 0 1
2293	1 0 0
2294	0 1 0
2295	0 1 0
2296	0 0 1
2297	0 0 1
2298	1 0 0
2299	0 0 1
2300	0 1 0
2301	0 1 0
2302	0 1 0
2303	0 0 1
2304	1 0 0
2305	0 1 0
2306	0 0 1
2307	0 1 0
2308	1 0 0
2309	1 0 0
2310	0 1 0
2311	0 0 1
2312	1 0 0
2313	0 1 0
2314	1 0 0
2315	0 0 1
2316	0 1 0
2317	1 0 0
2318	0 1 0
2319	1 0 0
2320	0 0 1
2321	1 0 0
2322	0 1 0
2323	0 1 0
2324	0 0 1
2325	0 0 1
2326	0 0 1
2327	0 0 1
2328	1 0 0
2329	1 0 0
2330	0 1 0
2331	0 0 1
2332	0 0 1
2333	1 0 0
2334	0 0 1
2335	1 0 0
2336	1 0 0
2337	1 0 0
2338	0 0 1
2339	0 1 0
2340	0 0 1
2341	1 0 0
2342	0 0 1
2343	0 1 0
2344	0 1 0
2345	0 1 0
2346	1 0 0
2347	1 0 0
2348	1 0 0
2349	0 0 1
2350	1 0 0
2351	1 0 0
2352	1 0 0
2353	0 0 1
2354	1 0 0
2355	1 0 0
2356	1 0 0
2357	0 0 1
2358	0 0 1
2359	0 1 0
2360	0 0 1
2361	1 0 0
2362	0 0 1
2363	0 0 1
2364	0 0 1
2365	1 0 0
2366	0 1 0
2367	0 1 0
2368	0 0 1
2369	0 0 1
2370	0 0 1
2371	0 1 0
2372	0 1 0
2373	0 1 0
2374	0 1 0
2375	1 0 0
2376	1 0 0
2377	0 1 0
2378	0 0 1
2379	0 1 0
2380	0 1 0
2381	1 0 0
2382	1 0 0
2383	1 0 0
2384	0 0 1
2385	0 0 1
2386	0 0 1
2387	0 1 0
2388	0 0 1
2389	1 0 0
2390	1 0 0
2391	1 0 0
2392	1 0 0
2393	0 0 1
2394	0 0 1
2395	1 0 0
2396	0 0 1
2397	1 0 0
2398	0 0 1
2399	0 1 0
2400	0 0 1
2401	1 0 0
2402	0 1 0
2403	1 0 0
2404	0 0 1
2405	0 1 0
2406	0 0 1
2407	0 0 1
2408	0 0 1
2409	0 1 0
2410	1 0 0
2411	0 0 1
2412	0 1 0
2413	1 0 0
2414	0 1 0
2415	0 0 1
2416	0 0 1
2417	0 1 0
2418	0 0 1
2419	1 0 0
2420	0 0 1
2421	1 0 0
2422	0 1 0
2423	1 0 0
2424	0 0 1
2425	0 1 0
2426	0 0 1
2427	1 0 0
2428	0 0 1
2429	0 1 0
2430	0 1 0
2431	0 0 1
2432	1 0 0
2433	1 0 0
2434	0 1 0
2435	1 0 0
2436	0 1 0
2437	0 0 1
2438	1 0 0
2439	1 0 0
2440	0 1 0
2441	0 1 0
2442	1 0 0
2443	1 0 0
2444	0 0 1
2445	0 0 1
2446	0 1 0
2447	0 0 1
2448	0 0 1
2449	1 0 0
2450	1 0 0
2451	1 0 0
2452	0 0 1
2453	0 0 1
2454	0 1 0
2455	1 0 0
2456	0 0 1
2457	0 0 1
2458	0 0 1
2459	0 0 1
2460	1 0 0
2461	0 0 1
2462	0 0 1
2463	1 0 0
2464	0 1 0
2465	0 1 0
2466	0 0 1
2467	0 0 1
2468	0 1 0
2469	0 0 1
2470	1 0 0
2471	1 0 0
2472	0 0 1
2473	0 0 1
2474	0 0 1
2475	0 1 0
2476	1 0 0
2477	0 1 0
2478	1 0 0
2479	1 0 0
2480	0 0 1
2481	0 0 1
2482	0 0 1
2483	1 0 0
2484	0 0 1
2485	0 1 0
2486	0 1 0
2487	0 1 0
2488	0 0 1
2489	0 0 1
2490	1 0 0
2491	0 0 1
2492	0 1 0
2493	0 0 1
2494	0 0 1
2495	1 0 0
2496	0 0 1
2497	0 1 0
2498	0 1 0
2499	0 0 1
2500	0 1 0
2501	0 1 0
2502	0 0 1
2503	0 1 0
2504	0 0 1
2505	0 1 0
2506	1 0 0
2507	0 1 0
2508	1 0 0
2509	1 0 0
2510	1 0 0
2511	0 0 1
2512	1 0 0
2513	0 0 1
2514	1 0 0
2515	1 0 0
2516	0 1 0
2517	0 0 1
2518	1 0 0
2519	1 0 0
2520	0 1 0
2521	0 1 0
2522	0 1 0
2523	0 1 0
2524	1 0 0
2525	0 1 0
2526	0 1 0
2527	1 0 0
2528	0 0 1
2529	0 1 0
2530	0 1 0
2531	0 1 0
2532	0 1 0
2533	0 1 0
2534	0 1 0
2535	0 0 1
2536	0 0 1
2537	0 1 0
2538	0 1 0
2539	1 0 0
2540	1 0 0
2541	1 0 0
2542	0 1 0
2543	0 0 1
2544	0 0 1
2545	1 0 0
2546	0 1 0
2547	0 1 0
2548	1 0 0
2549	1 0 0
2550	0 0 1
2551	0 1 0
2552	0 0 1
2553	0 1 0
2554	0 0 1
2555	0 0 1
2556	1 0 0
2557	1 0 0
2558	0 0 1
2559	0 0 1
2560	0 1 0
2561	0 1 0
2562	0 0 1
2563	1 0 0
2564	1 0 0
2565	0 1 0
2566	0 1 0
2567	0 1 0
2568	0 0 1
2569	0 1 0
2570	1 0 0
2571	0 1 0
2572	0 0 1
2573	0 0 1
2574	1 0 0
2575	1 0 0
2576	1 0 0
2577	0 1 0
2578	0 0 1
2579	0 0 1
2580	0 0 1
2581	0 0 1
2582	0 1 0
2583	0 0 1
2584	0 1 0
2585	0 1 0
2586	1 0 0
2587	1 0 0
2588	0 1 0
2589	1 0 0
2590	0 1 0
2591	1 0 0
2592	1 0 0
2593	1 0 0
2594	0 1 0
2595	1 0 0
2596	0 1 0
2597	0 0 1
2598	1 0 0
2599	1 0 0
2600	0 0 1
2601	0 0 1
2602	0 1 0
2603	0 0 1
2604	1 0 0
2605	0 0 1
2606	1 0 0
2607	0 0 1
2608	1 0 0
2609	0 1 0
2610	0 0 1
2611	1 0 0
2612	0 1 0
2613	1 0 0
2614	1 0 0
2615	0 0 1
2616	0 1 0
2617	0 0 1
2618	0 1 0
2619	0 1 0
2620	0 0 1
2621	0 1 0
2622	0 0 1
2623	0 0 1
2624	1 0 0
2625	0 1 0
2626	0 0 1
2627	0 0 1
2628	0 0 1
2629	1 0 0
2630	0 0 1
2631	1 0 0
2632	1 0 0
2633	0 1 0
2634	0 0 1
2635	1 0 0
2636	0 0 1
2637	0 0 1
2638	1 0 0
2639	0 0 1
2640	1 0 0
2641	0 1 0
2642	0 0 1
2643	0 0 1
2644	0 0 1
2645	0 0 1
2646	0 1 0
2647	0 1 0
2648	1 0 0
2649	0 0 1
2650	1 0 0
2651	1 0 0
2652	0 0 1
2653	0 0 1
2654	0 1 0
2655	0 1 0
2656	0 0 1
2657	1 0 0
2658	0 0 1
2659	1 0 0
2660	1 0 0
2661	0 1 0
2662	0 1 0
2663	0 0 1
2664	0 1 0
2665	0 1 0
2666	0 1 0
2667	0 1 0
2668	0 1 0
2669	1 0 0
2670	0 0 1
2671	0 0 1
2672	0 1 0
2673	1 0 0
2674	0 1 0
2675	1 0 0
2676	0 1 0
2677	0 1 0
2678	0 0 1
2679	0 0 1
2680	1 0 0
2681	0 0 1
2682	1 0 0
2683	0 1 0
2684	1 0 0
2685	0 1 0
2686	0 1 0
2687	0 0 1
2688	1 0 0
2689	0 1 0
2690	0 1 0
2691	0 1 0
2692	1 0 0
2693	0 0 1
2694	0 0 1
2695	0 1 0
2696	1 0 0
2697	1 0 0
2698	0 0 1
2699	1 0 0
2700	0 1 0
2701	1 0 0
2702	0 0 1
2703	0 1 0
2704	1 0 0
2705	0 1 0
2706	0 0 1
2707	1 0 0
2708	1 0 0
2709	0 1 0
2710	0 0 1
2711	0 1 0
2712	0 1 0
2713	1 0 0
2714	0 1 0
2715	1 0 0
2716	0 0 1
2717	1 0 0
2718	0 0 1
2719	0 1 0
2720	0 1 0
2721	0 0 1
2722	0 0 1
2723	0 0 1
2724	0 0 1
2725	1 0 0
2726	0 0 1
2727	1 0 0
2728	0 1 0
2729	0 1 0
2730	0 1 0
2731	1 0 0
2732	1 0 0
2733	1 0 0
2734	0 1 0
2735	0 1 0
2736	0 1 0
2737	1 0 0
2738	1 0 0
2739	1 0 0
2740	0 0 1
2741	0 0 1
2742	1 0 0
2743	1 0 0
2744	0 1 0
2745	1 0 0
2746	1 0 0
2747	1 0 0
2748	1 0 0
2749	1 0 0
2750	1 0 0
2751	0 0 1
2752	0 0 1
2753	0 1 0
2754	0 0 1
2755	0 1 0
2756	0 1 0
2757	0 0 1
2758	0 0 1
2759	1 0 0
2760	0 1 0
2761	0 1 0
2762	1 0 0
2763	1 0 0
2764	1 0 0
2765	0 0 1
2766	0 1 0
2767	0 1 0
2768	0 0 1
2769	1 0 0
2770	1 0 0
2771	0 0 1
2772	0 1 0
2773	0 0 1
2774	0 1 0
2775	0 0 1
2776	1 0 0
2777	0 1 0
2778	0 1 0
2779	1 0 0
2780	0 0 1
2781	0 1 0
2782	1 0 0
2783	1 0 0
2784	0 0 1
2785	0 0 1
2786	0 1 0
2787	1 0 0
2788	0 0 1
2789	1 0 0
2790	0 1 0
2791	0 1 0
2792	1 0 0
2793	0 1 0
2794	0 0 1
2795	0 0 1
2796	1 0 0
2797	0 1 0
2798	0 1 0
2799	0 1 0
2800	0 0 1
2801	0 1 0
2802	1 0 0
2803	0 0 1
2804	0 0 1
2805	1 0 0
2806	1 0 0
2807	1 0 0
2808	1 0 0
2809	0 1 0
2810	0 0 1
2811	0 0 1
2812	0 1 0
2813	0 1 0
2814	1 0 0
2815	1 0 0
2816	0 0 1
2817	1 0 0
2818	0 0 1
2819	0 0 1
2820	0 0 1
2821	1 0 0
2822	0 1 0
2823	0 0 1
2824	0 0 1
2825	1 0 0
2826	0 0 1
2827	0 0 1
2828	0 0 1
2829	0 0 1
2830	0 1 0
2831	1 0 0
2832	1 0 0
2833	1 0 0
2834	1 0 0
2835	0 0 1
2836	0 0 1
2837	0 0 1
2838	0 1 0
2839	0 1 0
2840	0 1 0
2841	1 0 0
2842	0 0 1
2843	0 0 1
2844	0 0 1
2845	1 0 0
2846	0 1 0
2847	0 1 0
2848	1 0 0
2849	0 1 0
2850	0 0 1
2851	0 1 0
2852	1 0 0
2853	0 0 1
2854	0 0 1
2855	1 0 0
2856	1 0 0
2857	0 1 0
2858	1 0 0
2859	0 0 1
2860	0 0 1
2861	1 0 0
2862	0 1 0
2863	0 1 0
2864	1 0 0
2865	0 1 0
2866	0 0 1
2867	1 0 0
2868	0 0 1
2869	0 0 1
2870	1 0 0
2871	0 1 0
2872	0 0 1
2873	1 0 0
2874	1 0 0
2875	0 1 0
2876	0 0 1
2877	0 0 1
2878	0 0 1
2879	1 0 0
2880	0 1 0
2881	0 0 1
2882	1 0 0
2883	1 0 0
2884	0 0 1
2885	0 0 1
2886	0 0 1
2887	0 1 0
2888	0 1 0
2889	0 1 0
2890	0 0 1
2891	0 0 1
2892	1 0 0
2893	0 1 0
2894	1 0 0
2895	0 1 0
2896	1 0 0
2897	0 0 1
2898	1 0 0
2899	0 0 1
2900	0 1 0
2901	0 0 1
2902	0 1 0
2903	0 0 1
2904	0 0 1
2905	0 0 1
2906	0 1 0
2907	0 1 0
2908	1 0 0
2909	1 0 0
2910	0 1 0
2911	1 0 0
2912	0 1 0
2913	0 1 0
2914	1 0 0
2915	1 0 0
2916	1 0 0
2917	1 0 0
2918	0 0 1
2919	0 0 1
2920	1 0 0
2921	1 0 0
2922	0 1 0
2923	1 0 0
2924	0 0 1
2925	1 0 0
2926	0 1 0
2927	0 0 1
2928	0 1 0
2929	1 0 0
2930	0 1 0
2931	0 0 1
2932	0 1 0
2933	1 0 0
2934	1 0 0
2935	0 0 1
2936	1 0 0
2937	1 0 0
2938	0 0 1
2939	0 1 0
2940	1 0 0
2941	0 0 1
2942	0 0 1
2943	0 0 1
2944	1 0 0
2945	0 1 0
2946	0 0 1
2947	0 1 0
2948	0 0 1
2949	1 0 0
2950	0 0 1
2951	1 0 0
2952	1 0 0
2953	1 0 0
2954	0 1 0
2955	0 1 0
2956	0 0 1
2957	1 0 0
2958	1 0 0
2959	0 0 1
2960	0 1 0
2961	1 0 0
2962	0 1 0
2963	1 0 0
2964	1 0 0
2965	0 1 0
2966	1 0 0
2967	0 0 1
2968	1 0 0
2969	0 0 1
2970	0 0 1
2971	0 1 0
2972	0 0 1
2973	0 1 0
2974	1 0 0
2975	1 0 0
2976	0 1 0
2977	0 1 0
2978	1 0 0
2979	0 0 1
2980	0 1 0
2981	0 1 0
2982	0 1 0
2983	1 0 0
2984	0 1 0
2985	0 0 1
2986	1 0 0
2987	0 1 0
2988	1 0 0
2989	0 0 1
2990	1 0 0
2991	1 0 0
2992	0 0 1
2993	1 0 0
2994	1 0 0
2995	0 1 0
2996	0 0 1
2997	0 0 1
2998	0 0 1
2999	0 1 0
3000	1 0 0
3001	0 0 1
3002	1 0 0
3003	0 1 0
3004	1 0 0
3005	0 1 0
3006	1 0 0
3007	0 1 0
3008	1 0 0
3009	0 0 1
3010	0 0 1
3011	0 0 1
3012	1 0 0
3013	0 1 0
3014	0 1 0
3015	0 0 1
3016	0 1 0
3017	0 1 0
3018	1 0 0
3019	0 1 0
3020	0 1 0
3021	0 1 0
3022	1 0 0
3023	0 1 0
3024	0 0 1
3025	0 1 0
3026	0 0 1
3027	0 1 0
3028	1 0 0
3029	0 1 0
3030	0 1 0
3031	0 0 1
3032	0 1 0
3033	0 1 0
3034	1 0 0
3035	1 0 0
3036	0 0 1
3037	0 0 1
3038	0 1 0
3039	0 0 1
3040	1 0 0
3041	0 0 1
3042	1 0 0
3043	0 0 1
3044	1 0 0
3045	0 0 1
3046	0 0 1
3047	0 0 1
3048	0 1 0
3049	1 0 0
3050	0 1 0
3051	0 0 1
3052	0 1 0
3053	0 1 0
3054	0 1 0
3055	0 0 1
3056	0 1 0
3057	0 1 0
3058	1 0 0
3059	0 1 0
3060	1 0 0
3061	0 0 1
3062	0 0 1
3063	1 0 0
3064	0 1 0
3065	0 0 1
3066	0 0 1
3067	0 1 0
3068	0 0 1
3069	1 0 0
3070	0 1 0
3071	1 0 0
3072	0 1 0
3073	0 1 0
3074	1 0 0
3075	0 1 0
3076	1 0 0
3077	1 0 0
3078	0 1 0
3079	1 0 0
3080	0 1 0
3081	0 1 0
3082	1 0 0
3083	0 1 0
3084	0 0 1
3085	1 0 0
3086	0 1 0
3087	1 0 0
3088	1 0 0
3089	0 0 1
3090	0 0 1
3091	1 0 0
3092	1 0 0
3093	0 0 1
3094	0 1 0
3095	0 0 1
3096	0 1 0
3097	0 0 1
3098	0 0 1
3099	0 1 0
3100	1 0 0
3101	0 0 1
3102	1 0 0
3103	1 0 0
3104	0 0 1
3105	0 1 0
3106	1 0 0
3107	0 0 1
3108	0 0 1
3109	0 1 0
3110	1 0 0
3111	0 1 0
3112	0 0 1
3113	1 0 0
3114	0 0 1
3115	0 0 1
3116	0 1 0
3117	0 1 0
3118	0 1 0
3119	0 0 1
3120	0 1 0
3121	0 0 1
3122	0 1 0
3123	1 0 0
3124	0 1 0
3125	0 1 0
3126	0 1 0
3127	1 0 0
3128	1 0 0
3129	0 1 0
3130	0 0 1
3131	1 0 0
3132	0 1 0
3133	1 0 0
3134	1 0 0
3135	0 0 1
3136	0 1 0
3137	0 0 1
3138	1 0 0
3139	0 0 1
3140	0 0 1
3141	0 0 1
3142	0 0 1
3143	0 0 1
3144	1 0 0
3145	0 0 1
3146	0 0 1
3147	1 0 0
3148	0 1 0
3149	0 0 1
3150	0 1 0
3151	0 0 1
3152	0 1 0
3153	0 1 0
3154	0 1 0
3155	0 1 0
3156	0 1 0
3157	0 0 1
3158	1 0 0
3159	0 0 1
3160	0 0 1
3161	0 0 1
3162	1 0 0
3163	0 1 0
3164	0 1 0
3165	1 0 0
3166	0 0 1
3167	0 1 0
3168	0 0 1
3169	0 0 1
3170	0 0 1
3171	0 0 1
3172	1 0 0
3173	0 1 0
3174	0 1 0
3175	1 0 0
3176	1 0 0
3177	0 1 0
3178	0 1 0
3179	1 0 0
3180	0 1 0
3181	1 0 0
3182	0 1 0
3183	0 1 0
3184	1 0 0
3185	1 0 0
3186	0 0 1
3187	0 1 0
3188	0 0 1
3189	0 1 0
3190	0 1 0
3191	0 0 1
3192	1 0 0
3193	0 0 1
3194	0 1 0
3195	0 1 0
3196	0 1 0
3197	0 1 0
3198	1 0 0
3199	0 0 1
3200	0 0 1
3201	0 0 1
3202	0 0 1
3203	0 1 0
3204	0 0 1
3205	0 1 0
3206	0 0 1
3207	1 0 0
3208	0 1 0
3209	0 0 1
3210	1 0 0
3211	0 0 1
3212	0 0 1
3213	0 1 0
3214	0 1 0
3215	0 0 1
3216	1 0 0
3217	1 0 0
3218	0 1 0
3219	0 0 1
3220	0 0 1
3221	1 0 0
3222	0 0 1
3223	0 0 1
3224	1 0 0
3225	0 0 1
3226	1 0 0
3227	0 0 1
3228	0 1 0
3229	1 0 0
3230	1 0 0
3231	0 0 1
3232	0 0 1
3233	0 1 0
3234	0 1 0
3235	0 0 1
3236	1 0 0
3237	1 0 0
3238	0 0 1
3239	0 0 1
3240	1 0 0
3241	0 0 1
3242	0 1 0
3243	1 0 0
3244	0 0 1
3245	1 0 0
3246	0 0 1
3247	0 0 1
3248	0 0 1
3249	0 1 0
3250	0 0 1
3251	0 0 1
3252	1 0 0
3253	1 0 0
3254	0 1 0
3255	0 1 0
3256	0 1 0
3257	0 0 1
3258	0 1 0
3259	0 0 1
3260	0 1 0
3261	0 1 0
3262	1 0 0
3263	1 0 0
3264	0 0 1
3265	0 0 1
3266	0 0 1
3267	0 0 1
3268	1 0 0
3269	1 0 0
3270	0 0 1
3271	0 1 0
3272	0 0 1
3273	0 1 0
3274	0 0 1
3275	0 0 1
3276	0 0 1
3277	0 1 0
3278	0 1 0
3279	0 1 0
3280	0 1 0
3281	0 1 0
3282	0 0 1
3283	1 0 0
3284	0 0 1
3285	1 0 0
3286	0 1 0
3287	0 1 0
3288	0 1 0
3289	1 0 0
3290	0 1 0
3291	0 0 1
3292	0 0 1
3293	0 0 1
3294	1 0 0
3295	1 0 0
3296	0 0 1
3297	0 1 0
3298	0 0 1
3299	1 0 0
3300	0 0 1
3301	1 0 0
3302	1 0 0
3303	0 0 1
3304	0 1 0
3305	0 0 1
3306	0 1 0
3307	0 0 1
3308	0 0 1
3309	1 0 0
3310	1 0 0
3311	0 1 0
3312	0 0 1
3313	0 1 0
3314	0 1 0
3315	0 1 0
3316	0 1 0
3317	1 0 0
3318	1 0 0
3319	0 1 0
3320	0 1 0
3321	0 1 0
3322	1 0 0
3323	1 0 0
3324	0 0 1
3325	0 0 1
3326	0 1 0
3327	0 0 1
3328	0 0 1
3329	0 1 0
3330	0 0 1
3331	0 0 1
3332	0 0 1
3333	0 1 0
3334	0 0 1
3335	1 0 0
3336	1 0 0
3337	0 1 0
3338	1 0 0
3339	1 0 0
3340	0 1 0
3341	0 1 0
3342	1 0 0
3343	1 0 0
3344	0 0 1
3345	0 0 1
3346	1 0 0
3347	1 0 0
3348	0 0 1
3349	0 1 0
3350	1 0 0
3351	0 0 1
3352	1 0 0
3353	0 1 0
3354	1 0 0
3355	1 0 0
3356	1 0 0
3357	1 0 0
3358	0 1 0
3359	0 1 0
3360	0 0 1
3361	1 0 0
3362	1 0 0
3363	0 1 0
3364	0 1 0
3365	0 1 0
3366	0 0 1
3367	0 1 0
3368	0 1 0
3369	0 0 1
3370	0 1 0
3371	1 0 0
3372	0 1 0
3373	0 0 1
3374	1 0 0
3375	0 1 0
3376	0 0 1
3377	1 0 0
3378	1 0 0
3379	0 1 0
3380	0 1 0
3381	1 0 0
3382	0 1 0
3383	1 0 0
3384	0 1 0
3385	1 0 0
3386	1 0 0
3387	0 1 0
3388	0 1 0
3389	0 1 0
3390	1 0 0
3391	0 1 0
3392	0 1 0
3393	0 1 0
3394	0 1 0
3395	1 0 0
3396	0 1 0
3397	0 0 1
3398	0 0 1
3399	1 0 0
3400	1 0 0
3401	0 1 0
3402	1 0 0
3403	0 0 1
3404	0 0 1
3405	0 1 0
3406	0 1 0
3407	1 0 0
3408	1 0 0
3409	0 0 1
3410	1 0 0
3411	0 0 1
3412	0 0 1
3413	0 1 0
3414	1 0 0
3415	1 0 0
3416	0 1 0
3417	1 0 0
3418	0 0 1
3419	0 0 1
3420	0 1 0
3421	0 1 0
3422	0 1 0
3423	0 1 0
3424	0 0 1
3425	0 0 1
3426	1 0 0
3427	1 0 0
3428	0 1 0
3429	1 0 0
3430	0 0 1
3431	1 0 0
3432	0 1 0
3433	0 1 0
3434	0 1 0
3435	1 0 0
3436	0 0 1
3437	0 0 1
3438	1 0 0
3439	0 0 1
3440	1 0 0
3441	0 1 0
3442	1 0 0
3443	0 1 0
3444	1 0 0
3445	1 0 0
3446	0 0 1
3447	0 1 0
3448	0 0 1
3449	0 1 0
3450	0 0 1
3451	1 0 0
3452	1 0 0
3453	0 0 1
3454	0 1 0
3455	1 0 0
3456	0 0 1
3457	0 0 1
3458	1 0 0
3459	0 1 0
3460	0 1 0
3461	0 1 0
3462	0 0 1
3463	0 1 0
3464	0 0 1
3465	0 0 1
3466	0 1 0
3467	0 0 1
3468	1 0 0
3469	0 0 1
3470	0 0 1
3471	1 0 0
3472	1 0 0
3473	1 0 0
3474	0 0 1
3475	0 0 1
3476	1 0 0
3477	1 0 0
3478	0 1 0
3479	1 0 0
3480	0 1 0
3481	1 0 0
3482	0 0 1
3483	0 0 1
3484	1 0 0
3485	0 0 1
3486	0 0 1
3487	0 1 0
3488	0 1 0
3489	0 0 1
3490	1 0 0
3491	0 0 1
3492	0 1 0
3493	0 1 0
3494	1 0 0
3495	0 0 1
3496	0 1 0
3497	1 0 0
3498	0 0 1
3499	1 0 0
3500	0 1 0
3501	0 1 0
3502	0 1 0
3503	1 0 0
3504	0 0 1
3505	0 1 0
3506	0 1 0
3507	1 0 0
3508	0 1 0
3509	0 0 1
3510	0 0 1
3511	0 1 0
3512	0 1 0
3513	1 0 0
3514	0 1 0
3515	0 0 1
3516	0 0 1
3517	0 0 1
3518	0 0 1
3519	1 0 0
3520	1 0 0
3521	1 0 0
3522	1 0 0
3523	0 0 1
3524	0 1 0
3525	0 1 0
3526	1 0 0
3527	1 0 0
3528	1 0 0
3529	0 0 1
3530	0 0 1
3531	0 0 1
3532	0 1 0
3533	0 1 0
3534	0 0 1
3535	0 0 1
3536	0 1 0
3537	1 0 0
3538	1 0 0
3539	0 0 1
3540	1 0 0
3541	0 0 1
3542	0 0 1
3543	1 0 0
3544	1 0 0
3545	1 0 0
3546	0 0 1
3547	0 0 1
3548	1 0 0
3549	0 0 1
3550	0 0 1
3551	0 0 1
3552	0 1 0
3553	0 1 0
3554	1 0 0
3555	1 0 0
3556	0 1 0
3557	1 0 0
3558	0 1 0
3559	0 0 1
3560	0 1 0
3561	0 0 1
3562	0 0 1
3563	0 0 1
3564	1 0 0
3565	0 0 1
3566	0 1 0
3567	0 1 0
3568	0 0 1
3569	0 0 1
3570	1 0 0
3571	0 1 0
3572	0 1 0
3573	0 0 1
3574	0 0 1
3575	1 0 0
3576	1 0 0
3577	0 1 0
3578	1 0 0
3579	0 1 0
3580	1 0 0
3581	0 1 0
3582	0 1 0
3583	0 0 1
3584	1 0 0
3585	1 0 0
3586	1 0 0
3587	0 0 1
3588	0 1 0
3589	0 1 0
3590	0 1 0
3591	0 1 0
3592	0 0 1
3593	0 0 1
3594	0 0 1
3595	0 1 0
3596	1 0 0
3597	1 0 0
3598	0 1 0
3599	0 0 1
3600	1 0 0
3601	0 1 0
3602	0 1 0
3603	0 0 1
3604	0 1 0
3605	1 0 0
3606	0 0 1
3607	0 0 1
3608	0 0 1
3609	0 0 1
3610	0 1 0
3611	1 0 0
3612	0 1 0
3613	0 1 0
3614	1 0 0
3615	0 1 0
3616	0 1 0
3617	1 0 0
3618	1 0 0
3619	0 1 0
3620	1 0 0
3621	1 0 0
3622	0 1 0
3623	0 1 0
3624	1 0 0
3625	1 0 0
3626	0 0 1
3627	0 0 1
3628	1 0 0
3629	1 0 0
3630	0 1 0
3631	0 1 0
3632	0 0 1
3633	0 0 1
3634	0 0 1
3635	0 0 1
3636	0 1 0
3637	1 0 0
3638	1 0 0
3639	1 0 0
3640	1 0 0
3641	1 0 0
3642	0 0 1
3643	0 1 0
3644	0 0 1
3645	0 0 1
3646	0 1 0
3647	0 0 1
3648	0 0 1
3649	0 1 0
3650	0 1 0
3651	0 0 1
3652	0 1 0
3653	0 1 0
3654	1 0 0
3655	0 0 1
3656	0 0 1
3657	1 0 0
3658	0 0 1
3659	0 1 0
3660	1 0 0
3661	0 0 1
3662	1 0 0
3663	1 0 0
3664	0 0 1
3665	0 1 0
3666	0 1 0
3667	1 0 0
3668	0 0 1
3669	0 0 1
3670	1 0 0
3671	1 0 0
3672	0 1 0
3673	0 0 1
3674	1 0 0
3675	0 0 1
3676	0 1 0
3677	1 0 0
3678	0 1 0
3679	1 0 0
3680	0 1 0
3681	1 0 0
3682	0 0 1
3683	0 1 0
3684	0 0 1
3685	1 0 0
3686	1 0 0
3687	0 0 1
3688	0 0 1
3689	0 0 1
3690	1 0 0
3691	0 0 1
3692	0 0 1
3693	0 0 1
3694	0 0 1
3695	1 0 0
3696	0 0 1
3697	1 0 0
3698	0 0 1
3699	1 0 0
3700	1 0 0
3701	0 0 1
3702	0 1 0
3703	1 0 0
3704	0 0 1
3705	0 0 1
3706	1 0 0
3707	0 0 1
3708	1 0 0
3709	0 1 0
3710	0 0 1
3711	0 0 1
3712	0 1 0
3713	0 0 1
3714	1 0 0
3715	0 1 0
3716	1 0 0
3717	0 1 0
3718	1 0 0
3719	1 0 0
3720	0 0 1
3721	1 0 0
3722	0 0 1
3723	0 0 1
3724	0 0 1
3725	0 0 1
3726	1 0 0
3727	1 0 0
3728	0 0 1
3729	0 0 1
3730	1 0 0
3731	1 0 0
3732	0 0 1
3733	0 0 1
3734	1 0 0
3735	1 0 0
3736	0 0 1
3737	0 1 0
3738	0 0 1
3739	0 1 0
3740	0 0 1
3741	1 0 0
3742	0 0 1
3743	0 0 1
3744	0 1 0
3745	0 1 0
3746	1 0 0
3747	0 0 1
3748	1 0 0
3749	0 0 1
3750	0 1 0
3751	1 0 0
3752	0 0 1
3753	0 1 0
3754	0 0 1
3755	0 0 1
3756	0 0 1
3757	1 0 0
3758	0 1 0
3759	1 0 0
3760	1 0 0
3761	1 0 0
3762	1 0 0
3763	1 0 0
3764	1 0 0
3765	1 0 0
3766	0 1 0
3767	1 0 0
3768	1 0 0
3769	0 1 0
3770	0 0 1
3771	0 0 1
3772	0 0 1
3773	0 1 0
3774	0 0 1
3775	0 1 0
3776	1 0 0
3777	0 1 0
3778	1 0 0
3779	1 0 0
3780	1 0 0
3781	1 0 0
3782	0 0 1
3783	0 1 0
3784	0 0 1
3785	0 0 1
3786	0 1 0
3787	1 0 0
3788	1 0 0
3789	0 1 0
3790	0 0 1
3791	1 0 0
3792	0 1 0
3793	0 1 0
3794	0 1 0
3795	0 0 1
3796	1 0 0
3797	1 0 0
3798	1 0 0
3799	1 0 0
3800	1 0 0
3801	0 1 0
3802	0 0 1
3803	0 1 0
3804	0 1 0
3805	1 0 0
3806	1 0 0
3807	0 0 1
3808	0 0 1
3809	1 0 0
3810	0 0 1
3811	1 0 0
3812	0 1 0
3813	1 0 0
3814	0 0 1
3815	0 1 0
3816	0 1 0
3817	0 0 1
3818	0 0 1
3819	0 1 0
3820	0 1 0
3821	1 0 0
3822	1 0 0
3823	0 1 0
3824	0 0 1
3825	0 0 1
3826	0 0 1
3827	1 0 0
3828	0 0 1
3829	1 0 0
3830	0 0 1
3831	0 1 0
3832	0 0 1
3833	0 0 1
3834	0 1 0
3835	0 0 1
3836	1 0 0
3837	0 0 1
3838	0 0 1
3839	1 0 0
3840	0 1 0
3841	1 0 0
3842	0 0 1
3843	1 0 0
3844	0 1 0
3845	0 0 1
3846	0 0 1
3847	1 0 0
3848	0 1 0
3849	0 1 0
3850	0 0 1
3851	0 1 0
3852	1 0 0
3853	0 1 0
3854	0 1 0
3855	0 0 1
3856	0 1 0
3857	0 1 0
3858	1 0 0
3859	0 1 0
3860	0 0 1
3861	1 0 0
3862	0 0 1
3863	0 1 0
3864	1 0 0
3865	0 1 0
3866	0 0 1
3867	0 0 1
3868	1 0 0
3869	0 0 1
3870	1 0 0
3871	0 1 0
3872	0 1 0
3873	0 0 1
3874	0 1 0
3875	0 0 1
3876	1 0 0
3877	0 1 0
3878	0 1 0
3879	0 1 0
3880	0 0 1
3881	1 0 0
3882	0 0 1
3883	1 0 0
3884	1 0 0
3885	0 1 0
3886	1 0 0
3887	0 1 0
3888	1 0 0
3889	0 1 0
3890	1 0 0
3891	0 1 0
3892	1 0 0
3893	0 1 0
3894	1 0 0
3895	0 1 0
3896	0 1 0
3897	1 0 0
3898	0 1 0
3899	1 0 0
3900	0 0 1
3901	0 0 1
3902	0 1 0
3903	0 0 1
3904	0 1 0
3905	1 0 0
3906	0 0 1
3907	1 0 0
3908	0 1 0
3909	0 0 1
3910	1 0 0
3911	0 1 0
3912	0 1 0
3913	0 1 0
3914	1 0 0
3915	1 0 0
3916	0 1 0
3917	0 0 1
3918	0 0 1
3919	1 0 0
3920	0 1 0
3921	0 0 1
3922	1 0 0
3923	0 1 0
3924	0 1 0
3925	1 0 0
3926	1 0 0
3927	0 0 1
3928	0 1 0
3929	1 0 0
3930	0 1 0
3931	0 1 0
3932	0 0 1
3933	0 1 0
3934	0 1 0
3935	0 0 1
3936	1 0 0
3937	0 1 0
3938	0 0 1
3939	1 0 0
3940	1 0 0
3941	1 0 0
3942	0 1 0
3943	0 1 0
3944	0 0 1
3945	1 0 0
3946	0 1 0
3947	0 0 1
3948	1 0 0
3949	1 0 0
3950	1 0 0
3951	0 0 1
3952	0 0 1
3953	1 0 0
3954	0 0 1
3955	1 0 0
3956	0 0 1
3957	0 0 1
3958	0 1 0
3959	1 0 0
3960	1 0 0
3961	1 0 0
3962	1 0 0
3963	0 0 1
3964	0 0 1
3965	1 0 0
3966	1 0 0
3967	0 0 1
3968	0 0 1
3969	0 1 0
3970	0 0 1
3971	0 1 0
3972	0 1 0
3973	0 0 1
3974	0 0 1
3975	1 0 0
3976	1 0 0
3977	1 0 0
3978	0 1 0
3979	0 0 1
3980	1 0 0
3981	1 0 0
3982	1 0 0
3983	1 0 0
3984	0 1 0
3985	1 0 0
3986	0 1 0
3987	1 0 0
3988	0 0 1
3989	0 1 0
3990	0 1 0
3991	0 1 0
3992	1 0 0
3993	0 1 0
3994	1 0 0
3995	0 0 1
3996	1 0 0
3997	0 1 0
3998	0 0 1
3999	1 0 0
4000	1 0 0
4001	0 1 0
4002	0 0 1
4003	0 1 0
4004	0 0 1
4005	0 0 1
4006	0 1 0
4007	0 1 0
4008	1 0 0
4009	0 1 0
4010	0 0 1
4011	0 0 1
4012	1 0 0
4013	0 1 0
4014	0 0 1
4015	0 1 0
4016	0 0 1
4017	1 0 0
4018	1 0 0
4019	0 0 1
4020	0 1 0
4021	0 1 0
4022	0 0 1
4023	0 0 1
4024	0 0 1
4025	1 0 0
4026	0 0 1
4027	1 0 0
4028	0 1 0
4029	0 1 0
4030	0 0 1
4031	0 1 0
4032	0 1 0
4033	0 0 1
4034	0 1 0
4035	0 1 0
4036	1 0 0
4037	1 0 0
4038	0 0 1
4039	1 0 0
4040	0 1 0
4041	0 0 1
4042	1 0 0
4043	0 1 0
4044	0 0 1
4045	0 1 0
4046	0 0 1
4047	1 0 0
4048	1 0 0
4049	0 0 1
4050	0 0 1
4051	1 0 0
4052	0 0 1
4053	1 0 0
4054	0 0 1
4055	0 0 1
4056	1 0 0
4057	0 0 1
4058	0 0 1
4059	0 0 1
4060	0 1 0
4061	1 0 0
4062	1 0 0
4063	0 1 0
4064	1 0 0
4065	0 1 0
4066	0 0 1
4067	0 1 0
4068	0 1 0
4069	0 0 1
4070	1 0 0
4071	0 1 0
4072	0 0 1
4073	0 0 1
4074	0 1 0
4075	0 0 1
4076	1 0 0
4077	1 0 0
4078	0 1 0
4079	1 0 0
4080	0 0 1
4081	1 0 0
4082	0 1 0
4083	0 0 1
4084	0 1 0
4085	1 0 0
4086	0 1 0
4087	0 0 1
4088	0 0 1
4089	1 0 0
4090	1 0 0
4091	0 0 1
4092	1 0 0
4093	0 0 1
4094	0 1 0
4095	1 0 0
4096	1 0 0
4097	1 0 0
4098	1 0 0
4099	1 0 0
4100	0 0 1
4101	1 0 0
4102	0 0 1
4103	1 0 0
4104	0 0 1
4105	0 0 1
4106	1 0 0
4107	1 0 0
4108	0 0 1
4109	0 0 1
4110	0 0 1
4111	0 0 1
4112	0 0 1
4113	0 1 0
4114	1 0 0
4115	1 0 0
4116	0 1 0
4117	0 1 0
4118	0 1 0
4119	1 0 0
4120	0 1 0
4121	1 0 0
4122	0 1 0
4123	0 0 1
4124	1 0 0
4125	1 0 0
4126	1 0 0
4127	1 0 0
4128	1 0 0
4129	1 0 0
4130	0 1 0
4131	0 1 0
4132	1 0 0
4133	1 0 0
4134	0 1 0
4135	0 0 1
4136	1 0 0
4137	0 0 1
4138	0 1 0
4139	0 0 1
4140	0 0 1
4141	0 0 1
4142	0 0 1
4143	0 1 0
4144	1 0 0
4145	0 1 0
4146	0 1 0
4147	0 0 1
4148	0 0 1
4149	0 1 0
4150	1 0 0
4151	0 1 0
4152	1 0 0
4153	0 0 1
4154	0 0 1
4155	1 0 0
4156	0 0 1
4157	0 1 0
4158	0 0 1
4159	0 1 0
4160	0 0 1
4161	0 1 0
4162	1 0 0
4163	0 1 0
4164	1 0 0
4165	1 0 0
4166	0 0 1
4167	0 1 0
4168	0 0 1
4169	0 1 0
4170	0 1 0
4171	0 0 1
4172	0 0 1
4173	1 0 0
4174	1 0 0
4175	1 0 0
4176	0 0 1
4177	1 0 0
4178	0 1 0
4179	0 0 1
4180	1 0 0
4181	1 0 0
4182	1 0 0
4183	0 0 1
4184	1 0 0
4185	0 0 1
4186	1 0 0
4187	1 0 0
4188	0 1 0
4189	1 0 0
4190	1 0 0
4191	1 0 0
4192	0 0 1
4193	0 0 1
4194	1 0 0
4195	0 0 1
4196	0 0 1
4197	0 0 1
4198	1 0 0
4199	0 0 1
4200	0 1 0
4201	0 0 1
4202	0 1 0
4203	0 0 1
4204	1 0 0
4205	0 0 1
4206	0 1 0
4207	1 0 0
4208	0 1 0
4209	0 0 1
4210	0 0 1
4211	0 1 0
4212	0 0 1
4213	0 0 1
4214	1 0 0
4215	1 0 0
4216	1 0 0
4217	0 0 1
4218	0 0 1
4219	0 1 0
4220	0 0 1
4221	0 0 1
4222	0 1 0
4223	1 0 0
4224	1 0 0
4225	1 0 0
4226	0 0 1
4227	1 0 0
4228	1 0 0
4229	0 1 0
4230	1 0 0
4231	0 0 1
4232	0 0 1
4233	0 0 1
4234	0 1 0
4235	0 0 1
4236	0 1 0
4237	0 1 0
4238	1 0 0
4239	0 1 0
4240	0 1 0
4241	1 0 0
4242	0 0 1
4243	1 0 0
4244	1 0 0
4245	0 1 0
4246	1 0 0
4247	1 0 0
4248	0 1 0
4249	0 1 0
4250	0 1 0
4251	0 1 0
4252	1 0 0
4253	1 0 0
4254	0 1 0
4255	1 0 0
4256	0 0 1
4257	1 0 0
4258	0 1 0
4259	0 1 0
4260	0 0 1
4261	1 0 0
4262	1 0 0
4263	1 0 0
4264	0 0 1
4265	1 0 0
4266	0 1 0
4267	0 1 0
4268	1 0 0
4269	0 1 0
4270	0 1 0
4271	1 0 0
4272	0 1 0
4273	0 0 1
4274	0 1 0
4275	1 0 0
4276	0 0 1
4277	0 1 0
4278	0 1 0
4279	1 0 0
4280	0 1 0
4281	0 1 0
4282	0 0 1
4283	0 0 1
4284	0 1 0
4285	1 0 0
4286	0 0 1
4287	0 0 1
4288	1 0 0
4289	0 0 1
4290	0 1 0
4291	0 0 1
4292	0 1 0
4293	0 0 1
4294	0 0 1
4295	0 0 1
4296	0 0 1
4297	1 0 0
4298	0 0 1
4299	0 1 0
4300	0 0 1
4301	0 0 1
4302	0 1 0
4303	1 0 0
4304	1 0 0
4305	1 0 0
4306	0 0 1
4307	0 1 0
4308	1 0 0
4309	0 0 1
4310	1 0 0
4311	0 1 0
4312	0 1 0
4313	0 0 1
4314	1 0 0
4315	0 1 0
4316	0 1 0
4317	1 0 0
4318	0 0 1
4319	0 0 1
4320	1 0 0
4321	0 1 0
4322	0 1 0
4323	0 1 0
4324	1 0 0
4325	1 0 0
4326	0 0 1
4327	1 0 0
4328	0 1 0
4329	0 1 0
4330	1 0 0
4331	1 0 0
4332	0 0 1
4333	0 0 1
4334	1 0 0
4335	0 0 1
4336	0 0 1
4337	1 0 0
4338	0 1 0
4339	0 1 0
4340	1 0 0
4341	0 0 1
4342	0 1 0
4343	1 0 0
4344	1 0 0
4345	0 1 0
4346	0 1 0
4347	1 0 0
4348	0 0 1
4349	0 1 0
4350	1 0 0
4351	0 1 0
4352	1 0 0
4353	1 0 0
4354	0 0 1
4355	1 0 0
4356	0 0 1
4357	0 1 0
4358	0 0 1
4359	1 0 0
4360	1 0 0
4361	0 0 1
4362	0 1 0
4363	0 1 0
4364	0 0 1
4365	0 1 0
4366	1 0 0
4367	0 1 0
4368	0 1 0
4369	1 0 0
4370	0 1 0
4371	0 1 0
4372	0 0 1
4373	1 0 0
4374	0 0 1
4375	0 1 0
4376	0 0 1
4377	0 0 1
4378	1 0 0
4379	0 1 0
4380	0 1 0
4381	0 0 1
4382	0 1 0
4383	0 1 0
4384	0 1 0
4385	0 0 1
4386	1 0 0
4387	0 1 0
4388	0 1 0
4389	0 1 0
4390	0 1 0
4391	1 0 0
4392	1 0 0
4393	0 0 1
4394	0 1 0
4395	1 0 0
4396	1 0 0
4397	0 1 0
4398	0 0 1
4399	0 1 0
4400	1 0 0
4401	0 0 1
4402	0 0 1
4403	1 0 0
4404	1 0 0
4405	0 1 0
4406	1 0 0
4407	0 1 0
4408	0 0 1
4409	0 0 1
4410	1 0 0
4411	1 0 0
4412	0 1 0
4413	0 0 1
4414	0 1 0
4415	1 0 0
4416	1 0 0
4417	0 1 0
4418	0 1 0
4419	0 1 0
4420	1 0 0
4421	1 0 0
4422	0 0 1
4423	0 1 0
4424	0 1 0
4425	0 1 0
4426	0 0 1
4427	1 0 0
4428	1 0 0
4429	1 0 0
4430	0 1 0
4431	0 1 0
4432	0 0 1
4433	0 0 1
4434	1 0 0
4435	0 1 0
4436	1 0 0
4437	1 0 0
4438	1 0 0
4439	0 0 1
4440	0 0 1
4441	1 0 0
4442	0 1 0
4443	0 0 1
4444	0 0 1
4445	0 1 0
4446	1 0 0
4447	0 0 1
4448	1 0 0
4449	1 0 0
4450	0 1 0
4451	0 1 0
4452	0 1 0
4453	1 0 0
4454	1 0 0
4455	1 0 0
4456	1 0 0
4457	0 0 1
4458	0 0 1
4459	1 0 0
4460	1 0 0
4461	0 0 1
4462	0 0 1
4463	1 0 0
4464	0 1 0
4465	1 0 0
4466	0 1 0
4467	0 0 1
4468	0 1 0
4469	1 0 0
4470	0 1 0
4471	0 0 1
4472	0 0 1
4473	0 1 0
4474	1 0 0
4475	0 1 0
4476	0 0 1
4477	1 0 0
4478	1 0 0
4479	0 1 0
4480	0 1 0
4481	0 0 1
4482	0 0 1
4483	0 0 1
4484	1 0 0
4485	0 1 0
4486	0 0 1
4487	1 0 0
4488	0 0 1
4489	1 0 0
4490	0 0 1
4491	1 0 0
4492	0 0 1
4493	0 1 0
4494	1 0 0
4495	0 0 1
4496	0 1 0
4497	0 1 0
4498	0 1 0
4499	1 0 0
4500	0 0 1
4501	1 0 0
4502	0 0 1
4503	0 0 1
4504	1 0 0
4505	0 1 0
4506	0 1 0
4507	0 1 0
4508	0 0 1
4509	1 0 0
4510	0 1 0
4511	1 0 0
4512	0 1 0
4513	1 0 0
4514	0 1 0
4515	0 1 0
4516	0 1 0
4517	0 1 0
4518	0 0 1
4519	0 1 0
4520	1 0 0
4521	0 0 1
4522	1 0 0
4523	0 0 1
4524	1 0 0
4525	0 1 0
4526	0 1 0
4527	1 0 0
4528	0 0 1
4529	0 1 0
4530	1 0 0
4531	1 0 0
4532	1 0 0
4533	0 0 1
4534	0 1 0
4535	0 0 1
4536	0 0 1
4537	0 0 1
4538	0 1 0
4539	1 0 0
4540	1 0 0
4541	1 0 0
4542	1 0 0
4543	0 0 1
4544	0 1 0
4545	0 1 0
4546	0 1 0
4547	0 1 0
4548	0 0 1
4549	0 1 0
4550	0 1 0
4551	0 0 1
4552	0 0 1
4553	0 1 0
4554	0 1 0
4555	1 0 0
4556	0 0 1
4557	1 0 0
4558	1 0 0
4559	0 0 1
4560	0 1 0
4561	0 1 0
4562	1 0 0
4563	1 0 0
4564	0 0 1
4565	1 0 0
4566	0 1 0
4567	0 0 1
4568	0 1 0
4569	0 1 0
4570	0 0 1
4571	1 0 0
4572	0 0 1
4573	1 0 0
4574	0 1 0
4575	0 1 0
4576	1 0 0
4577	0 0 1
4578	0 0 1
4579	1 0 0
4580	0 0 1
4581	0 0 1
4582	0 0 1
4583	0 0 1
4584	1 0 0
4585	1 0 0
4586	0 1 0
4587	0 1 0
4588	0 1 0
4589	1 0 0
4590	1 0 0
4591	0 1 0
4592	0 0 1
4593	0 1 0
4594	1 0 0
4595	0 0 1
4596	0 0 1
4597	1 0 0
4598	0 1 0
4599	0 1 0
4600	0 1 0
4601	1 0 0
4602	1 0 0
4603	0 0 1
4604	0 0 1
4605	0 0 1
4606	1 0 0
4607	0 1 0
4608	0 0 1
4609	0 0 1
4610	1 0 0
4611	1 0 0
4612	0 0 1
4613	0 1 0
4614	0 1 0
4615	1 0 0
4616	1 0 0
4617	1 0 0
4618	0 1 0
4619	0 0 1
4620	0 0 1
4621	0 0 1
4622	0 1 0
4623	0 0 1
4624	0 0 1
4625	0 0 1
4626	0 1 0
4627	1 0 0
4628	0 0 1
4629	1 0 0
4630	0 0 1
4631	0 1 0
4632	0 0 1
4633	0 0 1
4634	0 0 1
4635	0 0 1
4636	1 0 0
4637	0 1 0
4638	0 1 0
4639	1 0 0
4640	0 0 1
4641	0 1 0
4642	0 1 0
4643	0 0 1
4644	0 0 1
4645	0 1 0
4646	1 0 0
4647	0 1 0
4648	0 0 1
4649	1 0 0
4650	1 0 0
4651	1 0 0
4652	0 0 1
4653	0 1 0
4654	0 1 0
4655	1 0 0
4656	1 0 0
4657	1 0 0
4658	0 0 1
4659	0 0 1
4660	0 1 0
4661	0 0 1
4662	0 0 1
4663	0 1 0
4664	1 0 0
4665	0 0 1
4666	0 0 1
4667	1 0 0
4668	0 1 0
4669	1 0 0
4670	0 0 1
4671	1 0 0
4672	0 1 0
4673	1 0 0
4674	1 0 0
4675	0 1 0
4676	0 1 0
4677	1 0 0
4678	0 0 1
4679	1 0 0
4680	0 1 0
4681	1 0 0
4682	0 1 0
4683	1 0 0
4684	0 1 0
4685	0 0 1
4686	1 0 0
4687	1 0 0
4688	0 0 1
4689	1 0 0
4690	1 0 0
4691	1 0 0
4692	0 1 0
4693	0 0 1
4694	0 0 1
4695	0 1 0
4696	0 1 0
4697	1 0 0
4698	1 0 0
4699	0 1 0
4700	1 0 0
4701	1 0 0
4702	0 0 1
4703	0 1 0
4704	1 0 0
4705	0 1 0
4706	0 0 1
4707	1 0 0
4708	0 0 1
4709	0 0 1
4710	0 0 1
4711	0 0 1
4712	0 1 0
4713	1 0 0
4714	0 0 1
4715	1 0 0
4716	0 0 1
4717	0 1 0
4718	0 1 0
4719	1 0 0
4720	1 0 0
4721	1 0 0
4722	0 0 1
4723	0 0 1
4724	1 0 0
4725	0 1 0
4726	0 1 0
4727	0 1 0
4728	0 1 0
4729	1 0 0
4730	0 0 1
4731	0 1 0
4732	1 0 0
4733	1 0 0
4734	0 1 0
4735	1 0 0
4736	0 1 0
4737	0 0 1
4738	1 0 0
4739	0 1 0
4740	1 0 0
4741	0 1 0
4742	1 0 0
4743	0 0 1
4744	0 1 0
4745	0 1 0
4746	0 0 1
4747	1 0 0
4748	0 0 1
4749	1 0 0
4750	1 0 0
4751	0 0 1
4752	1 0 0
4753	1 0 0
4754	0 0 1
4755	0 0 1
4756	0 1 0
4757	1 0 0
4758	1 0 0
4759	1 0 0
4760	0 1 0
4761	0 0 1
4762	0 0 1
4763	0 0 1
4764	0 1 0
4765	1 0 0
4766	1 0 0
4767	1 0 0
4768	0 0 1
4769	1 0 0
4770	0 0 1
4771	1 0 0
4772	1 0 0
4773	0 1 0
4774	0 1 0
4775	0 0 1
4776	0 1 0
4777	0 0 1
4778	0 0 1
4779	0 1 0
4780	0 1 0
4781	0 1 0
4782	0 1 0
4783	1 0 0
4784	0 0 1
4785	0 1 0
4786	1 0 0
4787	1 0 0
4788	0 0 1
4789	0 0 1
4790	0 0 1
4791	0 0 1
4792	0 0 1
4793	1 0 0
4794	0 1 0
4795	0 0 1
4796	0 1 0
4797	0 1 0
4798	0 0 1
4799	1 0 0
4800	1 0 0
4801	0 0 1
4802	1 0 0
4803	1 0 0
4804	1 0 0
4805	0 0 1
4806	1 0 0
4807	0 0 1
4808	0 0 1
4809	1 0 0
4810	1 0 0
4811	0 0 1
4812	0 0 1
4813	0 0 1
4814	0 1 0
4815	0 1 0
4816	1 0 0
4817	1 0 0
4818	1 0 0
4819	0 0 1
4820	0 0 1
4821	0 0 1
4822	1 0 0
4823	0 1 0
4824	0 1 0
4825	0 0 1
4826	0 0 1
4827	0 0 1
4828	0 1 0
4829	0 1 0
4830	1 0 0
4831	0 0 1
4832	0 1 0
4833	0 0 1
4834	0 1 0
4835	0 1 0
4836	0 0 1
4837	1 0 0
4838	1 0 0
4839	0 0 1
4840	1 0 0
4841	0 0 1
4842	0 1 0
4843	0 1 0
4844	1 0 0
4845	0 0 1
4846	0 1 0
4847	0 1 0
4848	0 0 1
4849	1 0 0
4850	0 1 0
4851	0 0 1
4852	1 0 0
4853	1 0 0
4854	0 0 1
4855	0 1 0
4856	0 0 1
4857	0 0 1
4858	1 0 0
4859	1 0 0
4860	0 0 1
4861	1 0 0
4862	1 0 0
4863	0 0 1
4864	0 0 1
4865	1 0 0
4866	0 0 1
4867	0 1 0
4868	0 0 1
4869	1 0 0
4870	0 1 0
4871	0 1 0
4872	1 0 0
4873	0 0 1
4874	0 0 1
4875	0 0 1
4876	0 0 1
4877	0 1 0
4878	1 0 0
4879	1 0 0
4880	1 0 0
4881	0 1 0
4882	0 1 0
4883	0 1 0
4884	0 1 0
4885	1 0 0
4886	0 1 0
4887	0 0 1
4888	0 0 1
4889	0 1 0
4890	1 0 0
4891	0 0 1
4892	0 0 1
4893	1 0 0
4894	1 0 0
4895	0 1 0
4896	0 1 0
4897	0 0 1
4898	0 1 0
4899	0 1 0
4900	0 1 0
4901	0 1 0
4902	0 0 1
4903	1 0 0
4904	0 0 1
4905	1 0 0
4906	1 0 0
4907	0 1 0
4908	0 0 1
4909	0 1 0
4910	0 1 0
4911	0 0 1
4912	1 0 0
4913	0 1 0
4914	0 1 0
4915	1 0 0
4916	0 0 1
4917	0 1 0
4918	0 1 0
4919	1 0 0
4920	0 0 1
4921	0 0 1
4922	0 0 1
4923	0 1 0
4924	0 1 0
4925	1 0 0
4926	1 0 0
4927	0 1 0
4928	0 1 0
4929	1 0 0
4930	0 0 1
4931	1 0 0
4932	1 0 0
4933	1 0 0
4934	0 0 1
4935	0 1 0
4936	1 0 0
4937	1 0 0
4938	0 0 1
4939	0 1 0
4940	0 1 0
4941	1 0 0
4942	1 0 0
4943	0 0 1
4944	0 1 0
4945	0 0 1
4946	0 1 0
4947	0 1 0
4948	0 1 0
4949	0 1 0
4950	1 0 0
4951	0 1 0
4952	0 0 1
4953	0 1 0
4954	0 0 1
4955	1 0 0
4956	0 1 0
4957	1 0 0
4958	1 0 0
4959	0 1 0
4960	0 1 0
4961	1 0 0
4962	0 1 0
4963	1 0 0
4964	1 0 0
4965	0 1 0
4966	1 0 0
4967	0 0 1
4968	1 0 0
4969	0 1 0
4970	1 0 0
4971	1 0 0
4972	0 0 1
4973	0 0 1
4974	1 0 0
4975	1 0 0
4976	1 0 0
4977	0 1 0
4978	0 1 0
4979	1 0 0
4980	0 1 0
4981	0 1 0
4982	0 1 0
4983	0 0 1
4984	1 0 0
4985	1 0 0
4986	0 1 0
4987	1 0 0
4988	0 1 0
4989	0 0 1
4990	1 0 0
4991	0 1 0
4992	1 0 0
4993	0 0 1
4994	0 0 1
4995	0 1 0
4996	1 0 0
4997	0 0 1
4998	0 1 0
4999	1 0 0
