0	0	0	0	
1	1	1	1	
2	0	0	0	
3	0	0	1	
4	0	0	0	
5	0	1	1	
6	0	0	0	
7	0	1	0	
8	1	1	1	
9	0	1	1	
10	0	0	0	
11	1	1	0	
12	1	0	0	
13	0	0	0	
14	0	1	0	
15	0	0	0	
16	1	0	1	
17	1	0	1	
18	0	0	0	
19	1	1	0	
20	0	1	0	
21	0	1	0	
22	0	0	1	
23	1	0	1	
24	0	1	1	
25	0	0	1	
26	0	0	1	
27	0	1	0	
28	0	0	0	
29	0	1	1	
30	1	0	1	
31	0	0	1	
32	0	0	0	
33	1	0	0	
34	1	0	1	
35	0	1	0	
36	0	0	0	
37	0	0	0	
38	0	0	0	
39	1	0	1	
40	1	0	0	
41	0	0	1	
42	0	0	0	
43	0	0	1	
44	0	0	0	
45	0	0	0	
46	0	1	1	
47	1	1	1	
48	0	0	0	
49	0	1	1	
50	0	0	1	
51	0	0	1	
52	0	0	0	
53	0	1	0	
54	0	0	1	
55	0	0	1	
56	0	0	0	
57	0	1	1	
58	0	0	1	
59	1	1	1	
60	0	0	0	
61	0	0	1	
62	1	0	1	
63	0	0	0	
64	0	0	0	
65	0	1	0	
66	0	0	0	
67	0	0	0	
68	0	0	0	
69	0	0	0	
70	0	0	0	
71	0	1	1	
72	0	1	1	
73	0	1	1	
74	0	1	0	
75	1	0	0	
76	0	1	1	
77	0	0	1	
78	0	0	0	
79	0	0	1	
80	0	0	0	
81	0	0	0	
82	1	1	0	
83	0	0	0	
84	0	0	0	
85	0	0	0	
86	0	0	0	
87	0	0	1	
88	0	0	0	
89	1	1	1	
90	1	0	0	
91	0	0	0	
92	0	0	0	
93	1	1	1	
94	1	0	1	
95	0	1	0	
96	1	0	1	
97	0	0	0	
98	0	1	0	
99	0	1	0	
100	1	1	1	
101	1	1	0	
102	0	0	1	
103	0	1	0	
104	0	0	1	
105	1	0	0	
106	0	1	0	
107	0	0	1	
108	1	1	0	
109	1	0	0	
110	1	1	0	
111	0	0	0	
112	0	1	0	
113	0	0	0	
114	0	0	0	
115	0	0	1	
116	0	0	0	
117	0	0	1	
118	0	1	0	
119	0	1	1	
120	0	0	0	
121	0	0	0	
122	0	1	0	
123	0	1	1	
124	0	1	0	
125	0	0	0	
126	1	1	1	
127	1	1	0	
128	0	1	1	
129	0	1	1	
130	1	0	0	
131	0	0	1	
132	1	1	1	
133	0	0	0	
134	0	1	0	
135	0	1	0	
136	0	0	0	
137	0	1	1	
138	0	0	1	
139	1	1	1	
140	0	0	0	
141	0	1	1	
142	1	1	1	
143	0	0	0	
144	0	0	0	
145	0	0	0	
146	0	0	1	
147	0	0	0	
148	0	1	1	
149	1	1	1	
150	0	0	1	
151	1	0	0	
152	1	0	0	
153	1	1	1	
154	0	0	0	
155	0	0	1	
156	0	1	0	
157	0	0	0	
158	0	0	0	
159	1	1	1	
160	1	0	1	
161	0	0	1	
162	0	1	1	
163	0	0	1	
164	0	0	1	
165	0	1	1	
166	0	0	0	
167	0	1	1	
168	0	1	1	
169	1	0	0	
170	0	0	1	
171	1	0	0	
172	1	0	1	
173	1	1	1	
174	0	0	0	
175	1	0	1	
176	0	0	1	
177	0	0	1	
178	1	1	1	
179	0	0	1	
180	0	0	0	
181	0	0	1	
182	1	0	0	
183	0	1	1	
184	0	1	0	
185	1	1	0	
186	0	0	0	
187	0	0	1	
188	1	0	0	
189	0	0	1	
190	0	0	1	
191	1	1	0	
192	1	0	1	
193	0	0	1	
194	0	0	1	
195	0	1	1	
196	0	1	1	
197	0	0	0	
198	0	1	0	
199	1	0	0	
200	0	0	0	
201	0	0	1	
202	0	0	0	
203	1	0	1	
204	1	1	0	
205	0	0	0	
206	0	0	0	
207	1	1	0	
208	0	1	1	
209	0	1	1	
210	0	0	0	
211	0	0	1	
212	1	0	0	
213	0	1	1	
214	0	0	0	
215	0	1	0	
216	0	0	0	
217	0	1	1	
218	0	1	0	
219	0	0	1	
220	0	1	0	
221	0	1	1	
222	1	0	0	
223	0	0	1	
224	0	0	0	
225	0	1	1	
226	0	0	0	
227	0	0	1	
228	1	0	0	
229	1	0	0	
230	0	1	1	
231	0	0	0	
232	0	0	1	
233	0	1	0	
234	0	0	1	
235	0	1	1	
236	1	0	0	
237	0	0	1	
238	0	1	0	
239	0	0	0	
240	1	0	1	
241	0	0	1	
242	1	0	0	
243	0	1	0	
244	1	1	1	
245	1	1	1	
246	0	0	1	
247	1	0	0	
248	0	0	1	
249	0	0	1	
250	0	0	0	
251	0	1	0	
252	0	0	1	
253	1	0	1	
254	0	1	1	
255	0	0	0	
256	0	0	0	
257	1	0	1	
258	0	0	1	
259	0	1	0	
260	0	1	0	
261	1	1	1	
262	0	1	1	
263	0	1	0	
264	1	0	0	
265	0	0	1	
266	0	1	1	
267	0	1	1	
268	0	0	1	
269	1	1	1	
270	0	0	0	
271	0	1	0	
272	0	0	1	
273	0	0	1	
274	0	0	0	
275	0	0	0	
276	0	0	0	
277	1	0	0	
278	0	0	0	
279	1	0	0	
280	0	1	0	
281	0	1	0	
282	0	0	1	
283	0	0	1	
284	0	1	0	
285	0	1	0	
286	1	1	1	
287	0	0	1	
288	1	0	1	
289	0	0	0	
290	0	1	0	
291	0	0	0	
292	0	0	1	
293	1	0	0	
294	0	0	0	
295	0	0	0	
296	0	0	0	
297	1	1	1	
298	0	0	0	
299	0	0	1	
300	1	1	0	
301	1	0	0	
302	0	0	0	
303	0	1	0	
304	1	0	0	
305	0	1	0	
306	0	1	0	
307	1	0	0	
308	0	1	0	
309	0	1	0	
310	0	1	1	
311	1	0	0	
312	0	0	1	
313	0	0	0	
314	1	0	0	
315	0	0	0	
316	0	1	1	
317	0	1	0	
318	0	1	0	
319	0	1	0	
320	0	0	1	
321	0	0	0	
322	1	0	1	
323	1	0	0	
324	0	0	0	
325	0	0	0	
326	1	0	0	
327	0	0	0	
328	0	0	1	
329	0	0	1	
330	0	1	0	
331	0	0	1	
332	0	1	1	
333	0	0	0	
334	1	0	0	
335	1	1	0	
336	0	0	0	
337	1	0	0	
338	0	0	1	
339	0	1	1	
340	1	1	1	
341	0	0	0	
342	0	1	0	
343	0	0	0	
344	0	0	1	
345	0	0	0	
346	1	0	1	
347	0	1	1	
348	1	1	1	
349	0	0	0	
350	0	0	1	
351	0	0	1	
352	1	0	0	
353	0	0	1	
354	1	0	1	
355	1	0	0	
356	1	0	1	
357	0	0	1	
358	0	0	0	
359	0	0	0	
360	0	1	0	
361	1	0	1	
362	0	0	0	
363	0	1	1	
364	0	1	1	
365	0	0	1	
366	0	0	1	
367	0	1	1	
368	0	1	1	
369	0	1	0	
370	0	0	0	
371	0	1	0	
372	0	0	0	
373	0	0	1	
374	0	1	1	
375	1	0	1	
376	0	0	0	
377	0	0	1	
378	0	1	0	
379	1	0	1	
380	0	1	1	
381	0	0	0	
382	0	0	0	
383	0	0	0	
384	0	1	0	
385	0	0	0	
386	1	0	0	
387	0	1	1	
388	0	1	0	
389	0	0	0	
390	0	0	0	
391	1	1	0	
392	0	0	0	
393	1	0	0	
394	0	0	1	
395	1	0	1	
396	0	0	0	
397	0	1	1	
398	0	1	1	
399	1	0	1	
400	0	1	0	
401	1	0	0	
402	0	0	0	
403	0	0	1	
404	1	0	0	
405	0	0	0	
406	0	0	0	
407	0	0	0	
408	0	1	0	
409	0	0	0	
410	0	1	1	
411	0	0	0	
412	1	0	1	
413	0	1	0	
414	0	0	0	
415	0	1	1	
416	0	1	1	
417	1	0	1	
418	0	0	1	
419	0	0	0	
420	1	0	0	
421	0	1	1	
422	0	1	1	
423	0	0	0	
424	0	0	0	
425	1	1	1	
426	1	0	0	
427	0	0	0	
428	0	1	1	
429	0	1	0	
430	0	0	0	
431	0	0	1	
432	0	1	1	
433	0	1	1	
434	0	0	0	
435	0	1	0	
436	0	0	0	
437	0	0	0	
438	0	0	0	
439	0	1	1	
440	0	0	1	
441	1	1	0	
442	0	0	0	
443	1	1	1	
444	0	1	1	
445	0	0	0	
446	0	1	0	
447	0	0	0	
448	0	0	0	
449	0	0	0	
450	0	1	1	
451	0	0	0	
452	0	0	1	
453	0	1	1	
454	0	0	1	
455	1	0	1	
456	0	1	0	
457	0	0	1	
458	0	0	0	
459	0	0	1	
460	1	0	0	
461	0	1	1	
462	1	0	0	
463	0	0	0	
464	1	1	0	
465	0	0	0	
466	1	0	0	
467	0	1	1	
468	1	0	0	
469	1	0	0	
470	0	1	0	
471	0	0	1	
472	0	0	1	
473	1	1	1	
474	0	1	1	
475	1	1	0	
476	0	1	0	
477	0	0	0	
478	0	1	1	
479	0	0	0	
480	0	0	0	
481	1	1	1	
482	0	0	0	
483	0	1	0	
484	1	0	1	
485	0	0	1	
486	0	1	0	
487	0	0	1	
488	0	0	0	
489	0	0	1	
490	1	1	1	
491	0	0	0	
492	0	0	1	
493	1	0	1	
494	1	1	0	
495	0	1	0	
496	0	0	0	
497	0	1	1	
498	1	1	0	
499	1	0	0	
500	1	0	1	
501	0	0	0	
502	0	1	1	
503	1	1	1	
504	0	1	0	
505	0	1	0	
506	1	0	0	
507	0	0	0	
508	0	0	0	
509	0	0	1	
510	1	1	1	
511	0	1	1	
512	0	0	1	
513	0	1	1	
514	1	1	0	
515	0	0	0	
516	0	0	1	
517	0	1	0	
518	1	0	1	
519	0	0	0	
520	0	0	1	
521	1	0	1	
522	0	0	1	
523	0	0	0	
524	0	0	0	
525	0	1	0	
526	0	0	0	
527	0	0	0	
528	0	0	0	
529	1	1	0	
530	0	0	0	
531	1	1	0	
532	1	1	1	
533	0	0	1	
534	0	0	0	
535	0	0	1	
536	0	0	1	
537	1	0	1	
538	0	0	1	
539	0	0	0	
540	1	0	0	
541	0	0	1	
542	0	0	0	
543	0	1	0	
544	0	1	1	
545	1	1	1	
546	0	0	0	
547	0	0	0	
548	0	0	1	
549	0	0	0	
550	0	0	0	
551	1	1	1	
552	0	0	1	
553	1	0	1	
554	0	0	0	
555	0	0	0	
556	1	1	1	
557	0	1	1	
558	0	1	0	
559	1	0	0	
560	0	0	0	
561	0	0	1	
562	0	0	1	
563	0	0	0	
564	0	0	1	
565	0	0	0	
566	0	0	0	
567	1	1	1	
568	1	0	0	
569	0	0	0	
570	0	0	0	
571	0	0	0	
572	0	1	1	
573	0	0	0	
574	1	1	1	
575	0	0	1	
576	0	0	0	
577	1	0	0	
578	0	0	0	
579	0	0	0	
580	0	0	0	
581	1	0	1	
582	1	1	1	
583	0	0	1	
584	0	0	1	
585	0	0	0	
586	0	1	0	
587	0	0	0	
588	0	0	0	
589	0	1	1	
590	0	0	1	
591	1	0	0	
592	0	0	1	
593	0	0	0	
594	0	0	1	
595	0	0	0	
596	0	0	1	
597	0	0	0	
598	0	0	0	
599	1	1	1	
600	0	1	0	
601	0	0	1	
602	0	0	0	
603	0	0	0	
604	0	0	0	
605	1	0	0	
606	0	0	1	
607	0	0	0	
608	1	0	0	
609	0	0	1	
610	0	0	1	
611	0	0	1	
612	0	1	0	
613	0	0	1	
614	0	0	1	
615	0	1	1	
616	1	1	1	
617	0	0	0	
618	0	0	1	
619	0	1	0	
620	0	1	1	
621	0	1	1	
622	0	1	1	
623	0	1	0	
624	1	1	1	
625	0	0	0	
626	0	0	0	
627	0	1	1	
628	0	1	1	
629	0	0	0	
630	0	1	1	
631	0	1	0	
632	1	0	0	
633	0	1	1	
634	1	1	0	
635	0	1	0	
636	1	0	0	
637	0	0	1	
638	0	0	0	
639	0	0	1	
640	1	1	0	
641	1	0	0	
642	0	1	1	
643	0	0	0	
644	1	0	1	
645	0	1	0	
646	0	0	0	
647	0	1	0	
648	0	0	0	
649	0	0	0	
650	0	0	1	
651	0	1	1	
652	0	0	1	
653	0	0	0	
654	0	0	1	
655	0	0	1	
656	1	1	0	
657	0	0	0	
658	0	0	0	
659	0	0	1	
660	0	0	0	
661	0	0	0	
662	0	0	0	
663	0	0	1	
664	0	0	1	
665	0	0	0	
666	0	1	0	
667	0	0	1	
668	0	0	0	
669	1	0	0	
670	1	0	1	
671	0	1	1	
672	1	1	0	
673	0	0	1	
674	0	1	1	
675	0	0	1	
676	1	0	0	
677	1	1	0	
678	0	1	0	
679	0	0	0	
680	1	0	0	
681	0	1	1	
682	0	1	1	
683	0	0	1	
684	0	0	0	
685	1	1	1	
686	1	1	0	
687	0	0	0	
688	0	0	1	
689	0	1	0	
690	0	1	1	
691	0	1	0	
692	0	1	1	
693	1	0	0	
694	0	0	0	
695	0	1	0	
696	0	0	1	
697	1	0	1	
698	0	1	0	
699	1	0	1	
700	0	1	1	
701	0	1	0	
702	0	0	1	
703	0	1	1	
704	0	1	1	
705	1	1	1	
706	0	0	0	
707	0	1	1	
708	1	1	1	
709	0	0	1	
710	0	0	0	
711	0	0	1	
712	0	1	0	
713	0	0	1	
714	1	0	1	
715	0	0	1	
716	0	0	0	
717	0	0	0	
718	0	1	0	
719	1	1	0	
720	1	0	1	
721	0	1	1	
722	0	1	1	
723	0	0	1	
724	0	0	0	
725	0	1	1	
726	1	0	0	
727	0	0	0	
728	0	0	0	
729	0	0	1	
730	0	0	0	
731	0	1	0	
732	0	0	1	
733	0	1	0	
734	0	0	1	
735	0	1	0	
736	0	0	1	
737	0	0	0	
738	1	1	0	
739	0	0	0	
740	0	0	0	
741	0	1	0	
742	0	0	1	
743	0	0	0	
744	1	0	1	
745	1	0	1	
746	0	0	0	
747	1	1	1	
748	0	1	1	
749	1	0	1	
750	0	0	1	
751	0	0	1	
752	0	0	0	
753	0	1	1	
754	0	1	1	
755	0	0	0	
756	0	0	1	
757	1	0	0	
758	0	0	0	
759	0	0	0	
760	0	0	1	
761	0	0	0	
762	1	1	0	
763	0	1	0	
764	0	1	1	
765	0	0	0	
766	0	1	0	
767	0	1	1	
768	0	0	0	
769	0	0	0	
770	0	1	1	
771	0	0	1	
772	1	1	1	
773	0	1	1	
774	1	1	0	
775	0	0	1	
776	1	0	1	
777	0	0	0	
778	0	0	0	
779	0	0	0	
780	0	0	0	
781	1	1	1	
782	0	0	0	
783	1	0	0	
784	1	0	0	
785	0	0	1	
786	0	0	0	
787	0	0	0	
788	0	0	1	
789	1	0	0	
790	1	0	0	
791	0	0	0	
792	0	1	1	
793	1	1	0	
794	0	1	0	
795	1	0	0	
796	0	0	1	
797	0	0	0	
798	0	1	0	
799	0	0	0	
800	0	1	0	
801	0	0	0	
802	0	0	1	
803	0	0	0	
804	1	0	0	
805	1	1	1	
806	0	1	0	
807	0	0	1	
808	0	0	0	
809	0	0	0	
810	0	1	0	
811	0	0	0	
812	1	0	0	
813	0	1	0	
814	0	1	1	
815	1	0	1	
816	1	0	0	
817	0	1	1	
818	0	1	0	
819	1	0	1	
820	0	0	1	
821	0	1	1	
822	0	1	1	
823	1	1	1	
824	0	0	0	
825	0	0	0	
826	0	1	0	
827	1	0	0	
828	0	1	0	
829	0	0	1	
830	1	1	0	
831	0	1	1	
832	0	0	1	
833	0	0	1	
834	0	1	0	
835	1	1	1	
836	0	1	1	
837	0	0	0	
838	0	0	1	
839	0	0	1	
840	0	1	0	
841	0	1	0	
842	0	0	0	
843	0	0	1	
844	0	0	0	
845	1	0	0	
846	1	1	0	
847	1	0	0	
848	0	1	0	
849	0	1	1	
850	0	0	0	
851	0	1	0	
852	1	1	0	
853	0	1	1	
854	1	1	0	
855	0	1	0	
856	0	0	1	
857	0	0	0	
858	1	1	1	
859	0	0	0	
860	0	0	0	
861	1	1	1	
862	0	1	0	
863	0	0	1	
864	1	1	0	
865	0	1	1	
866	0	1	1	
867	0	1	0	
868	0	1	1	
869	1	0	1	
870	1	0	0	
871	0	0	0	
872	1	1	0	
873	1	1	1	
874	1	1	1	
875	1	0	1	
876	0	0	1	
877	0	0	0	
878	0	1	0	
879	0	0	0	
880	0	0	1	
881	0	0	0	
882	0	0	0	
883	0	0	1	
884	0	1	1	
885	1	1	0	
886	0	0	1	
887	1	0	0	
888	0	1	1	
889	0	1	1	
890	0	0	0	
891	0	1	1	
892	0	0	1	
893	0	0	1	
894	0	1	0	
895	0	1	0	
896	0	1	1	
897	1	0	1	
898	0	0	1	
899	1	0	0	
900	0	0	1	
901	0	1	0	
902	1	0	1	
903	0	0	0	
904	0	0	0	
905	1	0	1	
906	0	0	0	
907	0	1	0	
908	0	0	1	
909	0	0	0	
910	0	0	0	
911	0	0	0	
912	0	0	0	
913	0	0	1	
914	0	1	1	
915	0	0	1	
916	0	0	1	
917	1	1	1	
918	1	0	0	
919	1	1	0	
920	0	0	1	
921	1	0	0	
922	1	1	0	
923	1	1	0	
924	0	0	0	
925	0	0	0	
926	0	1	0	
927	0	0	0	
928	1	1	0	
929	1	0	1	
930	0	0	1	
931	0	0	1	
932	0	0	0	
933	0	1	1	
934	0	0	0	
935	1	1	0	
936	0	0	0	
937	1	0	1	
938	0	0	1	
939	0	1	0	
940	0	0	1	
941	0	0	0	
942	0	0	0	
943	0	1	0	
944	0	0	1	
945	0	0	1	
946	0	1	1	
947	0	0	0	
948	0	0	1	
949	0	0	0	
950	0	1	0	
951	1	0	1	
952	0	0	0	
953	0	0	0	
954	1	0	1	
955	0	0	0	
956	0	1	1	
957	0	0	1	
958	0	0	1	
959	0	1	1	
960	0	1	1	
961	1	0	0	
962	0	1	0	
963	0	1	0	
964	0	1	1	
965	0	0	0	
966	0	0	0	
967	1	0	1	
968	0	1	1	
969	1	0	0	
970	0	0	0	
971	1	0	1	
972	0	0	0	
973	1	0	0	
974	0	0	1	
975	1	1	1	
976	0	0	0	
977	0	0	0	
978	0	1	0	
979	0	1	1	
980	0	1	1	
981	1	0	0	
982	0	0	1	
983	0	0	0	
984	0	0	0	
985	1	0	0	
986	0	0	1	
987	0	1	1	
988	0	0	0	
989	0	1	0	
990	1	0	0	
991	0	1	1	
992	0	0	1	
993	0	0	0	
994	1	1	0	
995	0	1	1	
996	0	1	0	
997	0	1	1	
998	0	0	1	
999	0	1	1	
1000	1	0	0	
1001	0	1	1	
1002	0	0	1	
1003	0	1	1	
1004	0	0	0	
1005	0	0	0	
1006	1	0	0	
1007	1	1	1	
1008	0	1	0	
1009	1	1	1	
1010	0	0	0	
1011	0	1	0	
1012	0	0	1	
1013	0	1	0	
1014	0	0	1	
1015	1	0	0	
1016	0	0	0	
1017	0	0	1	
1018	0	0	0	
1019	1	0	0	
1020	1	1	1	
1021	0	1	1	
1022	1	1	0	
1023	0	0	0	
1024	0	1	1	
1025	0	0	0	
1026	0	1	1	
1027	1	1	0	
1028	0	0	0	
1029	0	0	0	
1030	0	0	0	
1031	0	0	0	
1032	0	0	0	
1033	1	0	0	
1034	0	0	0	
1035	0	1	1	
1036	0	0	1	
1037	0	1	0	
1038	1	1	0	
1039	0	0	1	
1040	0	0	0	
1041	0	0	1	
1042	1	0	1	
1043	0	1	1	
1044	0	0	1	
1045	0	0	1	
1046	0	1	0	
1047	0	0	1	
1048	1	0	1	
1049	0	1	0	
1050	0	0	0	
1051	0	0	1	
1052	0	0	0	
1053	1	0	0	
1054	0	1	1	
1055	0	1	1	
1056	1	0	0	
1057	0	0	0	
1058	0	0	0	
1059	0	0	0	
1060	0	0	0	
1061	0	1	0	
1062	0	0	1	
1063	0	1	0	
1064	0	0	0	
1065	1	0	1	
1066	0	0	0	
1067	0	1	1	
1068	1	0	1	
1069	0	0	1	
1070	1	1	0	
1071	0	1	1	
1072	1	1	1	
1073	0	0	1	
1074	0	0	1	
1075	0	1	0	
1076	1	0	1	
1077	1	0	0	
1078	0	0	0	
1079	0	0	0	
1080	0	0	0	
1081	0	0	0	
1082	1	1	1	
1083	1	0	0	
1084	0	0	0	
1085	1	0	1	
1086	0	1	0	
1087	0	1	1	
1088	1	0	0	
1089	0	0	1	
1090	0	0	1	
1091	0	1	0	
1092	1	0	1	
1093	0	0	0	
1094	0	0	0	
1095	0	0	0	
1096	0	1	0	
1097	0	0	0	
1098	0	0	1	
1099	0	0	1	
1100	0	0	0	
1101	0	1	0	
1102	0	0	0	
1103	0	0	0	
1104	1	1	1	
1105	0	0	0	
1106	0	0	0	
1107	1	0	1	
1108	0	0	1	
1109	0	0	1	
1110	0	0	1	
1111	0	1	1	
1112	0	0	0	
1113	1	0	1	
1114	1	0	0	
1115	0	1	0	
1116	0	1	1	
1117	1	1	0	
1118	1	1	0	
1119	0	0	0	
1120	0	0	1	
1121	0	1	0	
1122	0	1	0	
1123	0	0	0	
1124	0	0	1	
1125	0	0	1	
1126	0	0	0	
1127	1	0	1	
1128	0	1	0	
1129	0	0	1	
1130	0	1	0	
1131	0	0	0	
1132	0	1	1	
1133	0	0	0	
1134	0	0	1	
1135	0	1	0	
1136	0	0	1	
1137	1	0	1	
1138	0	1	0	
1139	0	1	0	
1140	0	0	0	
1141	0	1	1	
1142	0	0	0	
1143	1	0	0	
1144	0	0	1	
1145	0	0	0	
1146	0	0	0	
1147	0	1	1	
1148	0	0	1	
1149	0	1	1	
1150	0	0	0	
1151	0	0	1	
1152	0	0	1	
1153	0	0	0	
1154	0	1	0	
1155	1	0	1	
1156	0	1	0	
1157	0	1	1	
1158	1	0	1	
1159	0	0	0	
1160	0	1	1	
1161	0	0	0	
1162	0	0	1	
1163	0	0	0	
1164	0	0	1	
1165	0	0	1	
1166	0	0	0	
1167	0	1	1	
1168	0	0	1	
1169	0	0	1	
1170	0	0	0	
1171	1	0	1	
1172	0	1	0	
1173	0	0	0	
1174	0	1	0	
1175	0	1	0	
1176	0	0	0	
1177	1	1	0	
1178	1	1	1	
1179	0	0	0	
1180	0	0	0	
1181	0	0	1	
1182	0	1	0	
1183	0	0	0	
1184	0	0	0	
1185	0	0	1	
1186	0	1	0	
1187	1	0	1	
1188	0	0	0	
1189	0	0	0	
1190	1	0	1	
1191	0	0	0	
1192	0	0	1	
1193	1	1	0	
1194	0	0	1	
1195	0	0	1	
1196	0	1	1	
1197	1	1	0	
1198	0	0	0	
1199	0	1	1	
1200	0	0	1	
1201	0	0	1	
1202	0	0	0	
1203	0	1	1	
1204	0	1	1	
1205	0	1	0	
1206	0	0	1	
1207	0	1	1	
1208	0	0	1	
1209	0	0	0	
1210	0	0	1	
1211	0	0	0	
1212	0	0	0	
1213	0	1	0	
1214	0	0	0	
1215	0	0	0	
1216	0	0	1	
1217	0	1	0	
1218	0	1	1	
1219	0	1	1	
1220	0	1	0	
1221	0	0	1	
1222	0	1	1	
1223	1	0	0	
1224	0	1	0	
1225	0	1	0	
1226	0	0	0	
1227	0	0	0	
1228	0	1	0	
1229	0	1	0	
1230	0	0	1	
1231	0	0	0	
1232	0	1	0	
1233	0	0	1	
1234	0	0	0	
1235	1	1	0	
1236	0	0	0	
1237	0	1	0	
1238	0	1	1	
1239	1	1	0	
1240	1	1	0	
1241	0	0	0	
1242	1	1	1	
1243	0	1	1	
1244	0	1	0	
1245	0	0	0	
1246	0	0	0	
1247	0	0	0	
1248	1	0	1	
1249	0	0	0	
1250	0	0	0	
1251	0	1	0	
1252	0	0	1	
1253	0	1	0	
1254	0	0	0	
1255	0	1	1	
1256	0	0	0	
1257	0	0	1	
1258	0	0	0	
1259	0	0	1	
1260	0	1	1	
1261	0	0	0	
1262	0	0	1	
1263	0	0	0	
1264	1	0	0	
1265	1	0	1	
1266	0	0	1	
1267	0	0	1	
1268	0	1	0	
1269	1	0	0	
1270	1	0	1	
1271	0	1	0	
1272	0	1	0	
1273	0	0	0	
1274	0	0	0	
1275	0	0	0	
1276	0	0	0	
1277	0	1	1	
1278	0	0	0	
1279	1	1	0	
1280	0	1	1	
1281	0	0	0	
1282	0	0	1	
1283	1	0	1	
1284	0	1	0	
1285	0	1	1	
1286	0	0	0	
1287	0	0	0	
1288	0	1	0	
1289	0	0	1	
1290	0	0	1	
1291	0	0	1	
1292	0	1	1	
1293	0	0	1	
1294	1	0	0	
1295	1	0	0	
1296	0	0	1	
1297	1	1	1	
1298	0	0	1	
1299	0	1	0	
1300	0	0	0	
1301	0	1	0	
1302	0	0	1	
1303	1	0	0	
1304	0	0	0	
1305	0	0	0	
1306	0	1	0	
1307	0	1	1	
1308	0	0	1	
1309	0	1	1	
1310	0	1	0	
1311	0	0	1	
1312	0	1	1	
1313	1	0	0	
1314	0	0	0	
1315	1	0	1	
1316	0	0	1	
1317	1	0	1	
1318	1	0	1	
1319	1	0	0	
1320	0	0	1	
1321	0	0	0	
1322	1	0	0	
1323	1	1	1	
1324	0	0	1	
1325	0	1	0	
1326	0	1	0	
1327	0	0	0	
1328	0	1	0	
1329	0	0	0	
1330	1	1	0	
1331	0	0	0	
1332	0	0	1	
1333	0	1	1	
1334	1	0	0	
1335	1	1	1	
1336	0	0	1	
1337	1	1	1	
1338	0	0	1	
1339	0	1	0	
1340	0	0	0	
1341	0	0	0	
1342	0	0	0	
1343	1	1	1	
1344	1	0	0	
1345	0	0	0	
1346	0	1	1	
1347	1	0	0	
1348	1	0	1	
1349	0	0	1	
1350	0	0	1	
1351	0	1	0	
1352	0	1	1	
1353	1	1	0	
1354	0	1	0	
1355	0	0	0	
1356	1	1	0	
1357	0	0	0	
1358	0	0	1	
1359	1	0	1	
1360	1	0	0	
1361	0	0	1	
1362	1	0	0	
1363	1	1	0	
1364	1	1	1	
1365	0	0	1	
1366	0	0	0	
1367	0	0	1	
1368	0	1	0	
1369	1	1	0	
1370	1	0	1	
1371	0	1	1	
1372	0	0	0	
1373	1	1	0	
1374	1	0	0	
1375	1	0	0	
1376	0	1	0	
1377	0	1	0	
1378	0	1	0	
1379	1	0	1	
1380	0	0	0	
1381	1	0	1	
1382	0	0	1	
1383	1	0	0	
1384	1	0	0	
1385	1	0	1	
1386	1	0	1	
1387	0	1	1	
1388	0	0	1	
1389	1	1	1	
1390	0	0	0	
1391	0	0	0	
1392	0	1	1	
1393	0	0	0	
1394	1	0	1	
1395	0	1	1	
1396	0	1	0	
1397	1	1	1	
1398	0	0	1	
1399	0	0	0	
1400	0	1	1	
1401	0	1	1	
1402	0	0	1	
1403	0	0	1	
1404	1	1	0	
1405	0	1	0	
1406	0	0	0	
1407	0	0	0	
1408	0	1	0	
1409	0	0	0	
1410	0	0	0	
1411	1	0	0	
1412	0	1	0	
1413	0	0	0	
1414	0	1	1	
1415	1	0	0	
1416	1	0	0	
1417	1	1	0	
1418	0	0	0	
1419	1	0	1	
1420	0	1	1	
1421	0	0	0	
1422	0	1	1	
1423	0	1	1	
1424	0	0	0	
1425	0	1	1	
1426	0	0	1	
1427	0	0	1	
1428	1	0	1	
1429	0	0	0	
1430	0	0	1	
1431	1	1	0	
1432	0	1	0	
1433	1	0	1	
1434	0	0	0	
1435	0	1	1	
1436	0	1	1	
1437	0	1	0	
1438	0	0	0	
1439	1	1	1	
1440	0	0	0	
1441	0	0	1	
1442	0	0	0	
1443	0	0	1	
1444	1	0	0	
1445	0	1	0	
1446	0	0	0	
1447	1	0	1	
1448	0	0	0	
1449	0	0	1	
1450	1	0	0	
1451	0	1	0	
1452	0	0	0	
1453	1	0	0	
1454	0	0	0	
1455	0	1	0	
1456	0	0	1	
1457	0	0	0	
1458	1	0	0	
1459	0	0	1	
1460	0	0	1	
1461	1	0	1	
1462	1	0	0	
1463	0	0	1	
1464	1	1	1	
1465	1	0	0	
1466	0	1	1	
1467	0	1	1	
1468	0	0	0	
1469	0	0	1	
1470	0	1	0	
1471	1	1	1	
1472	1	0	1	
1473	0	0	1	
1474	0	0	0	
1475	0	0	1	
1476	0	0	0	
1477	0	0	1	
1478	0	0	0	
1479	0	0	0	
1480	0	1	0	
1481	0	0	1	
1482	0	0	1	
1483	0	1	1	
1484	0	1	1	
1485	0	0	1	
1486	0	0	0	
1487	1	1	0	
1488	0	0	0	
1489	0	0	1	
1490	0	1	1	
1491	0	0	0	
1492	0	0	0	
1493	0	0	0	
1494	0	0	0	
1495	0	0	0	
1496	0	0	1	
1497	1	1	1	
1498	0	0	0	
1499	1	0	0	
1500	1	1	0	
1501	0	0	0	
1502	0	0	0	
1503	0	0	1	
1504	0	0	1	
1505	0	0	1	
1506	0	1	0	
1507	1	0	1	
1508	0	0	1	
1509	0	1	1	
1510	0	1	0	
1511	1	0	0	
1512	0	0	1	
1513	0	0	0	
1514	0	0	0	
1515	1	0	0	
1516	0	0	1	
1517	0	1	0	
1518	0	0	0	
1519	0	1	1	
1520	0	1	1	
1521	1	1	1	
1522	0	1	0	
1523	0	0	0	
1524	1	0	0	
1525	1	0	0	
1526	0	0	0	
1527	1	0	1	
1528	0	0	0	
1529	0	0	0	
1530	0	1	0	
1531	0	0	0	
1532	0	0	1	
1533	0	0	0	
1534	0	0	1	
1535	0	0	1	
1536	1	1	1	
1537	1	0	1	
1538	0	0	1	
1539	0	1	1	
1540	1	0	0	
1541	0	0	0	
1542	0	0	0	
1543	1	0	0	
1544	1	1	0	
1545	1	0	0	
1546	0	0	0	
1547	0	0	0	
1548	0	0	1	
1549	1	0	1	
1550	0	0	1	
1551	1	0	1	
1552	1	1	1	
1553	1	0	0	
1554	0	0	1	
1555	1	0	0	
1556	1	1	1	
1557	0	0	0	
1558	0	0	0	
1559	0	0	0	
1560	0	0	1	
1561	0	0	0	
1562	0	0	1	
1563	1	0	1	
1564	1	1	0	
1565	0	1	0	
1566	0	0	0	
1567	0	1	0	
1568	0	0	0	
1569	0	0	0	
1570	0	1	1	
1571	0	1	1	
1572	0	1	0	
1573	0	0	1	
1574	0	1	0	
1575	0	0	1	
1576	0	0	0	
1577	1	1	0	
1578	0	1	0	
1579	0	0	0	
1580	0	0	0	
1581	1	1	1	
1582	1	1	0	
1583	0	0	0	
1584	0	0	0	
1585	1	0	0	
1586	0	0	0	
1587	1	0	0	
1588	0	0	1	
1589	0	0	1	
1590	1	0	0	
1591	1	0	1	
1592	1	0	1	
1593	0	1	1	
1594	0	0	0	
1595	0	0	1	
1596	1	0	1	
1597	0	0	1	
1598	0	0	0	
1599	0	0	0	
1600	0	1	1	
1601	1	1	1	
1602	0	0	1	
1603	1	0	1	
1604	0	0	0	
1605	1	1	0	
1606	0	0	0	
1607	1	0	1	
1608	0	1	1	
1609	0	0	0	
1610	0	0	0	
1611	0	0	0	
1612	0	0	0	
1613	0	0	0	
1614	0	0	0	
1615	1	0	0	
1616	0	0	0	
1617	0	0	0	
1618	1	0	1	
1619	1	0	1	
1620	0	0	1	
1621	1	0	0	
1622	1	1	0	
1623	0	1	0	
1624	0	0	0	
1625	0	0	0	
1626	0	0	1	
1627	0	0	1	
1628	1	0	0	
1629	1	1	1	
1630	0	1	0	
1631	1	0	1	
1632	0	0	1	
1633	0	0	0	
1634	0	0	0	
1635	0	1	1	
1636	0	0	0	
1637	0	1	1	
1638	1	0	0	
1639	0	0	0	
1640	0	0	0	
1641	0	0	0	
1642	1	0	0	
1643	0	0	1	
1644	1	1	1	
1645	0	0	0	
1646	0	1	0	
1647	0	0	0	
1648	0	0	1	
1649	0	0	1	
1650	0	0	1	
1651	0	1	1	
1652	0	1	0	
1653	1	1	1	
1654	0	0	1	
1655	1	0	0	
1656	1	0	1	
1657	0	0	1	
1658	1	0	1	
1659	0	1	1	
1660	0	0	1	
1661	0	1	0	
1662	0	0	1	
1663	0	0	0	
1664	1	0	0	
1665	0	0	0	
1666	0	0	0	
1667	0	0	0	
1668	0	0	1	
1669	1	1	0	
1670	0	0	0	
1671	1	0	1	
1672	0	0	0	
1673	1	0	1	
1674	0	0	0	
1675	0	0	0	
1676	0	0	1	
1677	0	1	1	
1678	1	0	0	
1679	0	1	1	
1680	0	0	1	
1681	1	0	1	
1682	0	0	0	
1683	0	0	0	
1684	0	1	0	
1685	1	0	0	
1686	0	0	0	
1687	1	0	1	
1688	0	0	0	
1689	0	0	0	
1690	0	0	0	
1691	0	1	0	
1692	0	1	1	
1693	0	0	1	
1694	0	1	1	
1695	0	1	0	
1696	0	0	0	
1697	0	0	1	
1698	1	0	0	
1699	1	0	0	
1700	1	1	0	
1701	0	0	1	
1702	0	1	0	
1703	0	1	1	
1704	0	0	0	
1705	0	0	0	
1706	1	1	0	
1707	1	1	0	
1708	0	1	0	
1709	1	1	0	
1710	0	1	1	
1711	0	1	0	
1712	0	0	1	
1713	0	0	0	
1714	0	1	1	
1715	1	1	0	
1716	0	1	0	
1717	0	1	0	
1718	1	0	0	
1719	0	0	0	
1720	1	0	0	
1721	0	0	0	
1722	0	1	1	
1723	0	0	0	
1724	1	1	1	
1725	0	0	0	
1726	0	0	1	
1727	0	1	1	
1728	0	0	0	
1729	0	0	0	
1730	0	0	0	
1731	1	1	0	
1732	0	0	1	
1733	0	0	0	
1734	0	0	0	
1735	0	0	0	
1736	0	1	0	
1737	0	1	1	
1738	0	0	1	
1739	1	0	1	
1740	1	0	1	
1741	0	0	1	
1742	0	0	1	
1743	0	1	0	
1744	0	0	1	
1745	0	1	0	
1746	0	0	0	
1747	0	1	1	
1748	0	0	0	
1749	0	0	1	
1750	0	0	1	
1751	0	1	1	
1752	0	0	1	
1753	0	0	0	
1754	0	1	0	
1755	1	0	1	
1756	0	1	1	
1757	0	1	1	
1758	0	0	1	
1759	1	0	1	
1760	1	1	1	
1761	0	0	0	
1762	1	1	1	
1763	0	0	1	
1764	0	1	0	
1765	0	0	0	
1766	0	0	1	
1767	1	0	0	
1768	0	0	0	
1769	0	0	0	
1770	0	1	0	
1771	0	0	0	
1772	0	0	0	
1773	1	0	1	
1774	0	0	0	
1775	1	1	1	
1776	0	0	1	
1777	0	0	0	
1778	0	0	0	
1779	0	0	0	
1780	1	0	0	
1781	0	0	1	
1782	0	1	0	
1783	0	1	0	
1784	0	0	0	
1785	0	0	0	
1786	1	1	1	
1787	0	0	0	
1788	0	1	0	
1789	0	1	1	
1790	0	0	0	
1791	0	1	1	
1792	0	0	1	
1793	0	1	0	
1794	0	1	0	
1795	0	0	1	
1796	0	0	1	
1797	0	1	0	
1798	1	1	1	
1799	0	0	1	
1800	1	0	0	
1801	0	0	0	
1802	0	0	0	
1803	0	1	0	
1804	0	1	0	
1805	0	1	1	
1806	0	1	0	
1807	0	1	0	
1808	1	0	1	
1809	0	1	1	
1810	0	0	1	
1811	0	0	0	
1812	0	0	1	
1813	0	0	0	
1814	0	0	1	
1815	1	1	1	
1816	0	0	0	
1817	0	0	1	
1818	0	0	1	
1819	0	0	1	
1820	1	1	0	
1821	0	0	0	
1822	0	0	1	
1823	0	1	0	
1824	0	0	1	
1825	0	1	0	
1826	0	1	1	
1827	0	0	1	
1828	0	0	1	
1829	0	0	0	
1830	0	0	1	
1831	1	0	1	
1832	0	1	0	
1833	0	0	0	
1834	1	0	0	
1835	0	0	0	
1836	0	0	1	
1837	0	1	0	
1838	0	0	0	
1839	0	0	0	
1840	1	1	0	
1841	0	1	1	
1842	0	0	1	
1843	0	1	0	
1844	1	0	1	
1845	0	0	0	
1846	0	0	0	
1847	0	0	0	
1848	0	1	1	
1849	0	0	0	
1850	0	0	1	
1851	0	0	0	
1852	1	0	0	
1853	1	0	0	
1854	0	0	0	
1855	1	0	1	
1856	1	1	0	
1857	0	0	0	
1858	0	0	1	
1859	0	1	0	
1860	0	0	0	
1861	1	1	0	
1862	1	0	1	
1863	1	1	0	
1864	1	0	1	
1865	0	0	0	
1866	0	0	1	
1867	0	1	0	
1868	0	0	0	
1869	0	1	1	
1870	0	0	0	
1871	0	0	1	
1872	0	0	0	
1873	1	1	0	
1874	0	0	1	
1875	0	0	1	
1876	1	0	1	
1877	0	1	0	
1878	0	0	0	
1879	0	0	0	
1880	0	0	1	
1881	0	0	1	
1882	0	0	0	
1883	0	0	0	
1884	0	0	0	
1885	0	0	0	
1886	1	0	1	
1887	0	0	0	
1888	0	1	1	
1889	1	0	0	
1890	1	1	1	
1891	0	0	0	
1892	1	0	0	
1893	0	0	1	
1894	0	0	1	
1895	1	0	1	
1896	0	0	0	
1897	0	0	0	
1898	0	0	0	
1899	0	0	0	
1900	0	0	0	
1901	0	0	1	
1902	1	1	0	
1903	1	0	0	
1904	0	1	0	
1905	0	1	0	
1906	0	0	1	
1907	0	0	0	
1908	0	0	0	
1909	1	0	0	
1910	0	1	0	
1911	0	1	1	
1912	1	1	0	
1913	0	0	0	
1914	0	0	1	
1915	0	1	0	
1916	0	0	1	
1917	0	0	1	
1918	1	0	1	
1919	0	1	1	
1920	1	0	0	
1921	0	1	1	
1922	0	0	0	
1923	0	0	0	
1924	1	1	1	
1925	0	1	1	
1926	1	1	1	
1927	0	0	0	
1928	0	1	0	
1929	0	0	0	
1930	1	1	1	
1931	1	1	1	
1932	0	1	0	
1933	0	0	1	
1934	0	1	0	
1935	0	0	0	
1936	1	0	1	
1937	0	0	0	
1938	0	0	0	
1939	0	0	0	
1940	0	0	0	
1941	0	0	1	
1942	0	0	0	
1943	0	0	0	
1944	0	0	1	
1945	0	1	0	
1946	0	0	1	
1947	0	0	0	
1948	0	1	1	
1949	0	1	0	
1950	0	0	1	
1951	1	1	0	
1952	1	1	0	
1953	0	1	1	
1954	0	0	0	
1955	0	0	1	
1956	0	1	1	
1957	0	0	1	
1958	0	0	0	
1959	0	1	0	
1960	0	0	0	
1961	1	1	1	
1962	0	0	0	
1963	0	1	0	
1964	0	0	1	
1965	1	1	0	
1966	0	0	0	
1967	0	0	0	
1968	0	0	1	
1969	1	0	0	
1970	0	1	0	
1971	1	0	0	
1972	0	0	0	
1973	0	1	0	
1974	1	0	1	
1975	0	0	1	
1976	0	0	0	
1977	0	1	1	
1978	0	0	1	
1979	0	0	1	
1980	1	1	1	
1981	0	0	1	
1982	0	0	0	
1983	1	0	0	
1984	0	0	1	
1985	0	0	0	
1986	0	0	0	
1987	0	0	1	
1988	0	1	0	
1989	0	0	0	
1990	0	1	0	
1991	1	0	0	
1992	1	0	0	
1993	0	0	1	
1994	0	0	0	
1995	0	0	0	
1996	0	0	0	
1997	1	1	1	
1998	0	0	1	
1999	1	0	0	
2000	1	0	1	
2001	0	0	0	
2002	1	0	1	
2003	0	1	1	
2004	0	0	0	
2005	1	0	0	
2006	1	0	1	
2007	0	1	0	
2008	0	1	0	
2009	1	0	1	
2010	0	1	0	
2011	0	0	1	
2012	1	1	1	
2013	1	1	0	
2014	0	1	0	
2015	1	1	1	
2016	0	0	1	
2017	0	1	0	
2018	1	0	1	
2019	0	0	0	
2020	0	0	0	
2021	0	1	0	
2022	0	0	0	
2023	0	0	1	
2024	1	0	1	
2025	0	1	0	
2026	1	0	0	
2027	1	1	0	
2028	0	0	1	
2029	0	1	0	
2030	0	1	1	
2031	0	0	0	
2032	0	0	1	
2033	0	0	1	
2034	0	1	1	
2035	0	0	0	
2036	0	0	0	
2037	1	0	1	
2038	0	0	1	
2039	0	0	1	
2040	1	1	1	
2041	1	1	0	
2042	0	1	1	
2043	0	0	0	
2044	1	0	0	
2045	1	0	0	
2046	0	1	0	
2047	0	0	0	
2048	0	1	1	
2049	1	0	1	
2050	0	0	1	
2051	1	0	1	
2052	0	0	0	
2053	0	0	0	
2054	0	0	0	
2055	0	0	0	
2056	1	0	0	
2057	0	0	0	
2058	0	1	0	
2059	0	0	0	
2060	0	1	0	
2061	0	0	0	
2062	0	0	1	
2063	0	0	0	
2064	1	0	1	
2065	0	0	1	
2066	1	0	1	
2067	0	1	1	
2068	0	0	1	
2069	0	0	0	
2070	1	0	1	
2071	1	1	0	
2072	0	0	1	
2073	0	1	1	
2074	0	0	0	
2075	0	1	0	
2076	0	0	0	
2077	0	0	0	
2078	0	0	0	
2079	0	0	0	
2080	0	0	0	
2081	1	0	1	
2082	0	0	0	
2083	1	0	1	
2084	0	0	1	
2085	0	1	0	
2086	0	1	0	
2087	0	0	1	
2088	0	0	1	
2089	1	1	0	
2090	0	1	1	
2091	0	0	0	
2092	0	1	1	
2093	0	1	1	
2094	0	1	0	
2095	0	0	0	
2096	0	0	1	
2097	0	0	0	
2098	0	0	1	
2099	1	1	1	
2100	0	1	0	
2101	0	0	1	
2102	1	0	1	
2103	0	0	0	
2104	0	0	1	
2105	0	1	1	
2106	0	1	0	
2107	0	1	0	
2108	0	0	0	
2109	1	0	0	
2110	0	0	1	
2111	0	0	1	
2112	0	1	1	
2113	1	0	0	
2114	0	0	1	
2115	0	0	0	
2116	0	0	0	
2117	1	0	0	
2118	1	1	0	
2119	0	1	0	
2120	0	0	0	
2121	0	1	0	
2122	0	0	1	
2123	1	0	0	
2124	0	1	0	
2125	0	1	0	
2126	0	0	0	
2127	1	1	0	
2128	0	0	0	
2129	0	0	1	
2130	0	0	1	
2131	0	0	0	
2132	0	1	0	
2133	0	1	0	
2134	0	1	0	
2135	0	1	1	
2136	0	0	1	
2137	0	0	0	
2138	0	0	1	
2139	0	1	0	
2140	0	1	1	
2141	0	1	1	
2142	1	1	0	
2143	0	0	1	
2144	1	0	0	
2145	0	0	0	
2146	0	0	0	
2147	0	0	0	
2148	1	0	1	
2149	0	0	0	
2150	0	0	0	
2151	0	1	0	
2152	0	1	1	
2153	0	0	0	
2154	0	0	1	
2155	1	0	1	
2156	0	0	0	
2157	0	0	0	
2158	0	0	0	
2159	0	1	1	
2160	0	0	0	
2161	1	0	0	
2162	0	0	0	
2163	0	0	1	
2164	0	1	0	
2165	0	0	1	
2166	0	0	0	
2167	0	1	0	
2168	1	0	1	
2169	0	1	1	
2170	0	1	0	
2171	0	0	1	
2172	0	1	0	
2173	0	0	1	
2174	1	1	1	
2175	1	0	1	
2176	0	0	1	
2177	0	1	0	
2178	0	1	0	
2179	0	0	0	
2180	0	0	0	
2181	0	1	0	
2182	0	0	0	
2183	1	0	1	
2184	0	0	0	
2185	1	0	1	
2186	0	1	0	
2187	0	1	1	
2188	0	0	0	
2189	0	1	0	
2190	0	1	1	
2191	0	1	0	
2192	0	1	1	
2193	0	0	1	
2194	0	1	1	
2195	1	0	0	
2196	0	1	0	
2197	0	0	0	
2198	1	1	0	
2199	0	1	0	
2200	0	1	0	
2201	0	0	1	
2202	1	0	0	
2203	1	1	1	
2204	1	0	1	
2205	0	1	1	
2206	1	1	0	
2207	0	0	0	
2208	0	0	1	
2209	0	1	0	
2210	0	0	0	
2211	0	1	1	
2212	0	0	1	
2213	0	1	1	
2214	0	1	1	
2215	0	0	0	
2216	0	0	0	
2217	0	1	1	
2218	1	0	1	
2219	0	0	1	
2220	1	0	0	
2221	0	1	1	
2222	1	0	0	
2223	0	0	0	
2224	0	1	0	
2225	1	1	1	
2226	1	0	1	
2227	0	1	1	
2228	1	1	1	
2229	0	0	0	
2230	0	0	0	
2231	0	0	0	
2232	1	1	1	
2233	0	0	0	
2234	0	1	1	
2235	1	0	0	
2236	0	1	1	
2237	1	0	1	
2238	1	0	1	
2239	1	1	0	
2240	1	1	1	
2241	0	0	0	
2242	0	1	1	
2243	0	0	0	
2244	0	0	1	
2245	0	0	0	
2246	0	0	1	
2247	0	0	1	
2248	0	0	1	
2249	0	1	0	
2250	1	0	0	
2251	0	0	1	
2252	0	1	0	
2253	0	0	1	
2254	0	0	0	
2255	1	0	1	
2256	0	1	0	
2257	0	1	0	
2258	0	1	1	
2259	1	0	1	
2260	1	0	1	
2261	0	0	0	
2262	0	0	0	
2263	0	0	0	
2264	0	0	1	
2265	1	0	1	
2266	1	1	0	
2267	0	0	0	
2268	0	0	1	
2269	0	0	0	
2270	0	0	1	
2271	0	0	1	
2272	0	0	0	
2273	0	1	1	
2274	0	1	1	
2275	1	0	1	
2276	0	1	1	
2277	1	0	0	
2278	0	0	0	
2279	0	0	0	
2280	0	0	0	
2281	1	0	0	
2282	0	0	0	
2283	0	1	0	
2284	1	0	0	
2285	0	1	1	
2286	0	1	0	
2287	0	0	0	
2288	0	1	1	
2289	0	1	1	
2290	1	1	1	
2291	0	0	0	
2292	0	0	1	
2293	1	0	1	
2294	0	1	0	
2295	0	0	0	
2296	0	0	1	
2297	0	0	1	
2298	1	0	0	
2299	0	0	0	
2300	1	0	0	
2301	0	0	0	
2302	0	0	1	
2303	1	0	0	
2304	0	0	0	
2305	0	1	1	
2306	0	1	0	
2307	0	0	1	
2308	0	0	0	
2309	0	1	1	
2310	0	0	1	
2311	0	0	0	
2312	0	0	0	
2313	1	0	0	
2314	0	0	0	
2315	0	1	1	
2316	1	1	1	
2317	1	1	0	
2318	0	0	0	
2319	0	1	1	
2320	0	0	1	
2321	1	0	1	
2322	0	0	0	
2323	1	1	0	
2324	0	1	1	
2325	0	0	0	
2326	0	0	1	
2327	0	0	1	
2328	0	0	1	
2329	0	0	1	
2330	0	0	0	
2331	0	0	0	
2332	1	0	0	
2333	0	0	0	
2334	0	1	1	
2335	0	0	1	
2336	0	0	0	
2337	1	0	0	
2338	1	1	0	
2339	1	0	0	
2340	0	1	0	
2341	0	0	0	
2342	0	1	0	
2343	0	1	0	
2344	1	0	0	
2345	1	0	1	
2346	0	0	0	
2347	1	1	0	
2348	1	0	0	
2349	0	0	0	
2350	0	0	1	
2351	1	1	0	
2352	0	0	1	
2353	0	1	0	
2354	0	0	0	
2355	1	1	1	
2356	1	0	1	
2357	0	0	0	
2358	1	1	0	
2359	0	1	1	
2360	0	0	0	
2361	0	0	1	
2362	0	1	1	
2363	0	0	1	
2364	0	1	1	
2365	0	0	0	
2366	0	1	1	
2367	0	0	1	
2368	0	0	0	
2369	0	1	0	
2370	0	0	0	
2371	1	0	0	
2372	1	0	1	
2373	1	1	0	
2374	1	0	0	
2375	1	1	1	
2376	0	0	1	
2377	0	0	0	
2378	0	0	1	
2379	1	1	1	
2380	1	0	1	
2381	0	1	0	
2382	0	0	1	
2383	0	0	1	
2384	0	0	0	
2385	0	0	1	
2386	0	0	0	
2387	1	0	0	
2388	0	0	1	
2389	0	0	0	
2390	0	0	0	
2391	0	1	1	
2392	0	0	0	
2393	1	0	0	
2394	1	0	0	
2395	0	0	1	
2396	1	0	1	
2397	1	0	0	
2398	0	0	1	
2399	1	0	0	
2400	1	0	0	
2401	1	0	0	
2402	0	1	0	
2403	0	0	0	
2404	0	1	0	
2405	1	1	0	
2406	0	1	0	
2407	1	1	1	
2408	0	0	1	
2409	1	0	1	
2410	1	1	0	
2411	0	0	1	
2412	0	0	0	
2413	0	1	0	
2414	0	1	0	
2415	0	0	0	
2416	0	0	0	
2417	0	1	1	
2418	1	0	0	
2419	0	1	0	
2420	0	0	0	
2421	1	1	1	
2422	0	1	0	
2423	0	0	0	
2424	0	0	1	
2425	0	1	1	
2426	1	1	1	
2427	1	0	0	
2428	0	1	1	
2429	0	0	0	
2430	1	1	0	
2431	0	0	1	
2432	1	0	1	
2433	0	0	1	
2434	0	1	1	
2435	1	1	1	
2436	0	0	1	
2437	0	0	0	
2438	0	1	1	
2439	0	0	0	
2440	0	0	1	
2441	1	1	0	
2442	0	1	0	
2443	1	0	0	
2444	0	1	0	
2445	0	0	1	
2446	0	1	0	
2447	1	0	0	
2448	0	1	0	
2449	0	0	0	
2450	1	1	1	
2451	0	0	1	
2452	0	0	1	
2453	1	0	0	
2454	1	0	1	
2455	1	0	0	
2456	0	1	1	
2457	0	0	0	
2458	0	1	1	
2459	1	1	1	
2460	1	1	1	
2461	0	0	1	
2462	1	0	1	
2463	1	0	0	
2464	0	1	0	
2465	1	0	0	
2466	0	0	0	
2467	0	0	1	
2468	1	0	0	
2469	0	0	0	
2470	0	1	1	
2471	0	1	0	
2472	1	1	1	
2473	0	0	1	
2474	1	0	0	
2475	0	0	1	
2476	0	0	0	
2477	0	0	0	
2478	1	0	0	
2479	0	1	1	
2480	0	1	0	
2481	0	0	1	
2482	0	0	0	
2483	1	1	1	
2484	0	1	0	
2485	0	1	0	
2486	0	1	0	
2487	0	0	0	
2488	0	0	0	
2489	0	0	0	
2490	0	1	1	
2491	0	0	0	
2492	1	0	0	
2493	1	0	0	
2494	0	0	0	
2495	0	0	0	
2496	1	0	0	
2497	1	1	0	
2498	0	1	0	
2499	0	0	1	
2500	0	0	1	
2501	0	0	0	
2502	0	1	1	
2503	0	0	0	
2504	1	1	0	
2505	0	1	0	
2506	0	1	0	
2507	0	1	0	
2508	0	1	0	
2509	0	0	1	
2510	1	0	0	
2511	0	1	1	
2512	1	0	1	
2513	1	1	0	
2514	0	1	1	
2515	1	0	0	
2516	1	0	1	
2517	0	0	0	
2518	0	0	0	
2519	0	0	0	
2520	0	0	0	
2521	0	1	1	
2522	1	1	0	
2523	0	1	1	
2524	1	0	1	
2525	0	1	1	
2526	0	1	0	
2527	0	0	0	
2528	0	0	1	
2529	0	1	1	
2530	0	0	0	
2531	0	1	1	
2532	0	0	1	
2533	0	1	0	
2534	0	0	0	
2535	1	1	0	
2536	0	1	0	
2537	0	0	1	
2538	0	0	0	
2539	0	0	1	
2540	0	1	0	
2541	0	0	0	
2542	0	1	0	
2543	0	0	0	
2544	0	0	1	
2545	0	0	0	
2546	0	0	1	
2547	0	1	1	
2548	0	1	0	
2549	0	0	1	
2550	1	0	1	
2551	0	0	0	
2552	1	0	1	
2553	0	0	0	
2554	1	0	1	
2555	0	0	0	
2556	0	0	1	
2557	1	0	1	
2558	0	1	1	
2559	0	1	0	
2560	0	0	0	
2561	0	1	0	
2562	1	0	1	
2563	1	0	1	
2564	1	0	1	
2565	0	1	1	
2566	0	0	0	
2567	0	0	1	
2568	0	1	0	
2569	1	1	0	
2570	0	1	0	
2571	0	0	0	
2572	0	1	1	
2573	0	0	0	
2574	0	0	0	
2575	1	1	0	
2576	0	1	0	
2577	0	1	0	
2578	1	1	0	
2579	1	0	0	
2580	0	0	1	
2581	0	0	0	
2582	0	0	1	
2583	0	0	0	
2584	0	0	0	
2585	0	0	1	
2586	1	1	0	
2587	0	0	0	
2588	0	0	1	
2589	0	0	1	
2590	1	1	1	
2591	0	0	0	
2592	1	0	0	
2593	1	1	1	
2594	0	0	1	
2595	0	0	1	
2596	0	1	0	
2597	0	0	0	
2598	0	1	1	
2599	0	0	1	
2600	0	0	0	
2601	1	0	0	
2602	1	0	1	
2603	0	1	1	
2604	0	0	0	
2605	0	0	0	
2606	0	0	0	
2607	0	0	0	
2608	0	0	0	
2609	0	0	0	
2610	0	0	0	
2611	0	0	1	
2612	0	1	1	
2613	1	1	1	
2614	0	1	0	
2615	0	1	1	
2616	0	0	0	
2617	0	0	1	
2618	1	0	1	
2619	0	0	0	
2620	1	1	1	
2621	1	1	1	
2622	0	0	0	
2623	1	0	1	
2624	0	0	1	
2625	1	0	0	
2626	0	0	1	
2627	1	0	0	
2628	0	0	1	
2629	0	0	0	
2630	0	1	0	
2631	0	0	1	
2632	1	0	1	
2633	0	1	0	
2634	0	0	1	
2635	0	0	0	
2636	0	1	1	
2637	0	0	1	
2638	0	0	1	
2639	0	0	0	
2640	0	1	1	
2641	0	0	0	
2642	0	1	1	
2643	0	1	1	
2644	0	0	1	
2645	1	0	1	
2646	1	0	0	
2647	0	0	1	
2648	0	0	1	
2649	1	1	1	
2650	0	1	0	
2651	0	1	1	
2652	0	1	1	
2653	0	1	1	
2654	0	0	1	
2655	0	0	0	
2656	0	0	1	
2657	0	1	0	
2658	0	0	0	
2659	0	0	0	
2660	0	0	0	
2661	0	0	0	
2662	1	1	0	
2663	0	1	0	
2664	1	1	0	
2665	0	0	0	
2666	0	0	0	
2667	0	0	1	
2668	1	1	1	
2669	1	1	1	
2670	0	0	0	
2671	0	1	1	
2672	0	0	1	
2673	0	0	0	
2674	0	1	0	
2675	1	0	1	
2676	0	1	0	
2677	0	0	1	
2678	0	0	0	
2679	1	0	1	
2680	1	0	0	
2681	0	1	0	
2682	1	0	1	
2683	1	0	1	
2684	0	0	0	
2685	0	0	1	
2686	0	1	1	
2687	0	1	0	
2688	0	0	1	
2689	0	0	0	
2690	0	1	1	
2691	0	0	1	
2692	0	0	1	
2693	0	0	1	
2694	0	1	1	
2695	0	0	1	
2696	0	0	1	
2697	1	0	1	
2698	1	1	0	
2699	0	0	0	
2700	0	1	1	
2701	1	0	1	
2702	0	0	1	
2703	1	1	0	
2704	1	0	1	
2705	1	0	1	
2706	0	0	0	
2707	0	1	1	
2708	0	0	0	
2709	0	0	1	
2710	0	0	1	
2711	0	0	0	
2712	0	1	1	
2713	0	0	0	
2714	1	0	1	
2715	1	0	1	
2716	0	0	1	
2717	1	1	0	
2718	1	1	1	
2719	1	1	1	
2720	0	0	1	
2721	0	0	1	
2722	1	0	1	
2723	0	0	0	
2724	1	0	0	
2725	1	0	0	
2726	0	1	1	
2727	1	1	0	
2728	0	0	1	
2729	1	1	0	
2730	0	0	1	
2731	0	1	0	
2732	0	1	0	
2733	0	0	0	
2734	0	0	1	
2735	0	0	1	
2736	0	0	0	
2737	1	1	0	
2738	0	0	0	
2739	0	0	0	
2740	0	0	1	
2741	0	1	0	
2742	0	0	1	
2743	0	0	0	
2744	0	1	0	
2745	0	0	0	
2746	0	0	0	
2747	0	0	0	
2748	1	0	0	
2749	0	0	0	
2750	1	0	1	
2751	0	0	0	
2752	1	1	1	
2753	0	1	0	
2754	1	0	0	
2755	1	0	0	
2756	0	0	0	
2757	1	0	0	
2758	1	0	1	
2759	1	1	0	
2760	0	0	1	
2761	0	0	1	
2762	0	1	0	
2763	1	1	0	
2764	1	0	1	
2765	0	1	0	
2766	0	1	1	
2767	0	1	1	
2768	0	0	1	
2769	1	1	0	
2770	0	0	0	
2771	0	0	0	
2772	0	0	0	
2773	0	0	0	
2774	0	1	1	
2775	0	0	1	
2776	1	0	1	
2777	0	0	0	
2778	0	1	1	
2779	0	0	0	
2780	1	0	1	
2781	0	0	0	
2782	0	1	1	
2783	0	0	0	
2784	0	1	1	
2785	0	0	0	
2786	0	0	0	
2787	1	0	0	
2788	0	1	0	
2789	0	0	1	
2790	0	0	1	
2791	0	0	0	
2792	1	0	0	
2793	1	0	1	
2794	0	0	1	
2795	0	0	0	
2796	1	0	1	
2797	0	1	0	
2798	0	0	0	
2799	0	1	1	
2800	0	1	1	
2801	0	1	1	
2802	0	0	0	
2803	0	1	1	
2804	1	1	0	
2805	0	0	1	
2806	0	0	0	
2807	1	1	0	
2808	0	0	1	
2809	0	0	1	
2810	0	1	1	
2811	0	1	0	
2812	0	0	0	
2813	0	0	0	
2814	0	0	0	
2815	0	1	0	
2816	0	1	1	
2817	0	1	0	
2818	0	0	0	
2819	0	1	0	
2820	0	1	1	
2821	0	1	1	
2822	0	0	0	
2823	0	1	0	
2824	0	1	1	
2825	1	0	0	
2826	0	0	1	
2827	1	0	1	
2828	0	0	1	
2829	0	0	0	
2830	0	1	1	
2831	1	1	1	
2832	1	0	1	
2833	0	0	0	
2834	0	1	0	
2835	0	0	1	
2836	1	0	1	
2837	0	0	0	
2838	0	0	1	
2839	0	1	0	
2840	0	0	0	
2841	1	1	1	
2842	1	1	1	
2843	1	0	1	
2844	0	0	1	
2845	0	1	0	
2846	0	0	0	
2847	0	0	1	
2848	1	0	1	
2849	0	0	1	
2850	0	0	0	
2851	0	0	0	
2852	0	1	0	
2853	0	1	1	
2854	1	1	1	
2855	0	0	0	
2856	1	0	1	
2857	0	1	1	
2858	0	0	0	
2859	0	0	0	
2860	0	0	1	
2861	0	0	1	
2862	0	1	1	
2863	1	0	1	
2864	0	1	1	
2865	0	0	0	
2866	1	1	0	
2867	0	0	1	
2868	0	1	1	
2869	0	1	1	
2870	0	0	0	
2871	0	1	0	
2872	0	0	0	
2873	1	1	1	
2874	0	1	1	
2875	1	0	0	
2876	0	1	0	
2877	0	0	1	
2878	1	1	1	
2879	0	0	0	
2880	0	0	0	
2881	0	0	1	
2882	1	0	0	
2883	0	0	1	
2884	0	1	0	
2885	0	0	1	
2886	0	0	0	
2887	0	0	0	
2888	0	0	0	
2889	0	0	0	
2890	0	1	0	
2891	0	1	1	
2892	1	1	0	
2893	1	0	1	
2894	0	0	0	
2895	1	0	0	
2896	1	1	0	
2897	0	0	1	
2898	0	0	0	
2899	0	0	0	
2900	0	0	1	
2901	0	0	0	
2902	0	1	0	
2903	0	0	1	
2904	0	0	1	
2905	1	0	1	
2906	0	1	1	
2907	0	0	1	
2908	0	0	1	
2909	0	1	0	
2910	1	0	1	
2911	1	1	1	
2912	1	0	1	
2913	1	0	1	
2914	1	1	0	
2915	1	1	1	
2916	0	0	1	
2917	0	1	1	
2918	1	0	1	
2919	0	0	1	
2920	1	1	0	
2921	0	0	0	
2922	1	1	0	
2923	1	1	1	
2924	0	1	1	
2925	0	0	1	
2926	0	0	1	
2927	0	0	0	
2928	0	1	0	
2929	0	0	0	
2930	0	0	0	
2931	1	1	1	
2932	0	0	0	
2933	0	1	1	
2934	0	1	0	
2935	0	1	1	
2936	0	0	0	
2937	1	0	1	
2938	0	0	0	
2939	1	1	1	
2940	0	0	1	
2941	0	0	0	
2942	0	0	1	
2943	0	0	0	
2944	1	1	0	
2945	0	0	0	
2946	0	0	1	
2947	0	0	1	
2948	0	0	0	
2949	0	1	1	
2950	0	1	1	
2951	1	0	0	
2952	0	0	1	
2953	1	0	1	
2954	0	1	0	
2955	0	0	1	
2956	0	0	1	
2957	0	0	1	
2958	0	1	0	
2959	1	0	0	
2960	0	0	0	
2961	0	1	1	
2962	1	1	1	
2963	0	1	1	
2964	0	0	0	
2965	0	1	0	
2966	0	1	1	
2967	0	1	1	
2968	0	1	0	
2969	1	0	0	
2970	0	0	1	
2971	0	1	0	
2972	1	1	1	
2973	0	0	0	
2974	0	0	0	
2975	1	0	0	
2976	1	1	0	
2977	1	0	0	
2978	0	1	1	
2979	0	1	0	
2980	1	0	1	
2981	0	0	1	
2982	0	0	0	
2983	1	0	1	
2984	0	0	0	
2985	1	0	1	
2986	0	0	0	
2987	1	0	1	
2988	1	1	0	
2989	0	0	1	
2990	0	0	1	
2991	0	0	0	
2992	0	1	1	
2993	1	1	0	
2994	0	1	0	
2995	0	0	0	
2996	0	0	0	
2997	0	1	1	
2998	0	0	0	
2999	0	1	1	
3000	1	1	1	
3001	0	1	0	
3002	0	0	1	
3003	0	1	1	
3004	1	1	1	
3005	0	1	0	
3006	0	0	1	
3007	0	0	1	
3008	1	1	1	
3009	0	0	0	
3010	0	0	1	
3011	0	1	1	
3012	0	1	0	
3013	0	1	1	
3014	0	0	0	
3015	0	0	1	
3016	0	0	0	
3017	0	1	1	
3018	1	1	0	
3019	0	0	0	
3020	1	0	1	
3021	1	0	1	
3022	0	1	0	
3023	0	1	0	
3024	1	1	1	
3025	0	1	0	
3026	0	0	1	
3027	0	0	1	
3028	1	0	0	
3029	0	0	1	
3030	0	0	0	
3031	0	1	0	
3032	0	0	0	
3033	0	1	0	
3034	1	0	0	
3035	0	0	1	
3036	1	0	1	
3037	1	0	0	
3038	0	0	1	
3039	0	0	1	
3040	0	0	0	
3041	0	1	1	
3042	0	0	1	
3043	1	1	0	
3044	0	0	1	
3045	0	0	1	
3046	0	0	0	
3047	1	0	0	
3048	0	1	0	
3049	1	1	0	
3050	0	1	1	
3051	0	1	0	
3052	0	0	0	
3053	0	0	1	
3054	0	0	1	
3055	1	0	0	
3056	1	0	1	
3057	1	0	1	
3058	0	1	0	
3059	1	1	0	
3060	1	0	1	
3061	1	0	1	
3062	0	0	0	
3063	0	0	1	
3064	0	0	1	
3065	1	0	0	
3066	0	0	1	
3067	1	0	1	
3068	0	0	0	
3069	0	1	1	
3070	0	0	0	
3071	0	0	0	
3072	0	1	1	
3073	0	0	0	
3074	0	0	0	
3075	0	0	0	
3076	0	0	1	
3077	0	0	1	
3078	0	0	0	
3079	1	1	0	
3080	0	0	1	
3081	0	0	0	
3082	0	0	1	
3083	0	1	0	
3084	0	1	0	
3085	0	0	0	
3086	0	1	0	
3087	0	0	1	
3088	0	0	1	
3089	0	0	0	
3090	0	0	0	
3091	0	0	0	
3092	0	1	0	
3093	1	0	1	
3094	0	0	1	
3095	0	0	0	
3096	0	0	1	
3097	0	0	0	
3098	1	1	0	
3099	1	0	0	
3100	0	1	0	
3101	0	0	1	
3102	1	0	1	
3103	0	0	0	
3104	0	0	0	
3105	0	0	0	
3106	0	1	0	
3107	0	0	0	
3108	0	0	0	
3109	0	0	1	
3110	0	0	1	
3111	0	0	1	
3112	0	0	0	
3113	0	0	1	
3114	0	0	0	
3115	0	0	0	
3116	0	0	0	
3117	0	0	1	
3118	0	0	1	
3119	0	0	1	
3120	1	0	1	
3121	0	0	0	
3122	0	0	1	
3123	0	0	1	
3124	1	1	1	
3125	0	0	0	
3126	0	0	0	
3127	0	0	0	
3128	1	1	0	
3129	0	0	0	
3130	1	1	1	
3131	0	0	0	
3132	1	1	0	
3133	0	0	0	
3134	0	0	0	
3135	1	0	0	
3136	0	0	0	
3137	0	0	1	
3138	0	1	1	
3139	0	1	0	
3140	1	0	0	
3141	0	0	1	
3142	0	0	0	
3143	0	0	1	
3144	0	1	1	
3145	1	0	0	
3146	0	0	0	
3147	0	0	1	
3148	1	1	1	
3149	0	1	0	
3150	0	1	1	
3151	0	1	1	
3152	1	1	1	
3153	0	0	0	
3154	0	0	1	
3155	0	0	1	
3156	0	0	1	
3157	0	1	0	
3158	1	1	0	
3159	1	0	0	
3160	0	0	1	
3161	0	0	0	
3162	0	0	1	
3163	1	0	0	
3164	0	0	1	
3165	0	0	1	
3166	0	0	0	
3167	0	0	1	
3168	1	0	0	
3169	0	1	0	
3170	1	1	0	
3171	1	0	1	
3172	0	0	1	
3173	0	1	1	
3174	0	1	1	
3175	1	0	0	
3176	1	0	1	
3177	0	1	0	
3178	0	1	1	
3179	1	0	1	
3180	0	0	1	
3181	0	1	0	
3182	0	0	1	
3183	0	0	1	
3184	0	1	0	
3185	0	1	0	
3186	0	0	0	
3187	0	1	1	
3188	0	0	0	
3189	1	0	0	
3190	0	0	0	
3191	0	0	0	
3192	0	0	1	
3193	1	1	0	
3194	1	1	1	
3195	0	0	1	
3196	0	0	0	
3197	0	0	0	
3198	1	1	1	
3199	0	0	0	
3200	0	0	0	
3201	0	0	0	
3202	1	1	0	
3203	0	0	0	
3204	0	1	0	
3205	0	0	0	
3206	0	0	0	
3207	0	0	0	
3208	0	0	0	
3209	0	0	0	
3210	0	0	0	
3211	1	0	1	
3212	0	1	1	
3213	0	1	0	
3214	1	0	1	
3215	0	1	1	
3216	1	0	1	
3217	1	1	0	
3218	0	0	1	
3219	1	0	0	
3220	0	0	0	
3221	0	0	0	
3222	1	0	1	
3223	0	1	0	
3224	0	1	0	
3225	0	0	0	
3226	0	0	0	
3227	0	0	1	
3228	1	1	0	
3229	0	1	1	
3230	0	0	0	
3231	0	1	0	
3232	0	1	0	
3233	0	0	0	
3234	0	0	1	
3235	0	0	0	
3236	1	0	0	
3237	0	0	1	
3238	0	0	0	
3239	1	1	1	
3240	0	0	0	
3241	0	0	0	
3242	0	0	1	
3243	0	0	0	
3244	0	0	1	
3245	0	0	0	
3246	0	1	1	
3247	1	0	0	
3248	1	0	0	
3249	0	0	1	
3250	1	0	0	
3251	0	1	1	
3252	0	0	0	
3253	1	1	1	
3254	0	1	1	
3255	0	0	0	
3256	0	0	0	
3257	1	0	0	
3258	0	0	0	
3259	0	0	0	
3260	0	0	0	
3261	1	1	0	
3262	0	0	1	
3263	0	0	0	
3264	0	0	1	
3265	0	0	1	
3266	0	0	0	
3267	0	1	0	
3268	0	0	1	
3269	1	0	1	
3270	0	0	0	
3271	1	0	0	
3272	0	0	0	
3273	1	0	0	
3274	0	0	1	
3275	0	0	0	
3276	0	1	1	
3277	0	1	1	
3278	1	0	0	
3279	0	1	1	
3280	0	1	0	
3281	0	0	0	
3282	0	0	0	
3283	0	0	1	
3284	0	1	0	
3285	1	0	1	
3286	0	1	1	
3287	0	0	0	
3288	0	0	0	
3289	0	0	0	
3290	0	1	0	
3291	0	0	0	
3292	1	0	1	
3293	0	1	0	
3294	0	0	1	
3295	0	1	0	
3296	0	0	1	
3297	0	0	0	
3298	0	0	0	
3299	0	0	0	
3300	0	0	0	
3301	1	1	1	
3302	0	0	1	
3303	0	0	1	
3304	1	0	0	
3305	0	0	1	
3306	0	1	1	
3307	1	0	0	
3308	0	1	0	
3309	0	0	0	
3310	0	1	1	
3311	0	0	1	
3312	1	1	0	
3313	0	0	0	
3314	0	0	0	
3315	0	0	1	
3316	0	0	0	
3317	0	0	0	
3318	0	1	1	
3319	0	0	1	
3320	0	0	0	
3321	0	1	1	
3322	0	0	0	
3323	0	1	0	
3324	1	1	1	
3325	0	0	1	
3326	0	0	0	
3327	1	0	0	
3328	0	0	1	
3329	1	0	0	
3330	1	1	1	
3331	0	0	0	
3332	0	1	1	
3333	1	1	0	
3334	0	1	0	
3335	1	0	0	
3336	0	0	0	
3337	0	0	0	
3338	0	0	0	
3339	0	0	1	
3340	0	0	1	
3341	0	0	0	
3342	0	0	0	
3343	1	0	1	
3344	0	0	0	
3345	0	0	0	
3346	1	1	0	
3347	0	0	0	
3348	0	1	1	
3349	1	1	1	
3350	0	0	0	
3351	0	0	1	
3352	0	0	0	
3353	0	1	0	
3354	0	0	0	
3355	0	0	1	
3356	0	0	0	
3357	0	0	1	
3358	0	0	1	
3359	0	0	1	
3360	0	0	0	
3361	0	0	0	
3362	0	0	0	
3363	0	0	0	
3364	0	0	1	
3365	0	0	1	
3366	1	1	1	
3367	0	0	0	
3368	1	1	1	
3369	0	0	0	
3370	0	0	1	
3371	0	1	1	
3372	0	0	0	
3373	0	0	0	
3374	1	1	1	
3375	0	0	0	
3376	0	1	0	
3377	0	0	1	
3378	1	0	0	
3379	1	1	1	
3380	0	1	1	
3381	0	0	1	
3382	0	0	0	
3383	0	0	0	
3384	1	0	1	
3385	0	0	0	
3386	0	1	1	
3387	0	1	0	
3388	0	0	1	
3389	0	0	0	
3390	0	1	0	
3391	0	1	0	
3392	0	1	0	
3393	0	0	1	
3394	0	1	0	
3395	1	0	0	
3396	0	0	0	
3397	0	1	0	
3398	0	1	1	
3399	0	0	0	
3400	0	1	0	
3401	0	0	0	
3402	0	0	1	
3403	0	0	1	
3404	1	1	1	
3405	0	0	0	
3406	0	1	0	
3407	0	0	0	
3408	0	0	0	
3409	0	0	1	
3410	0	0	1	
3411	1	1	0	
3412	0	0	1	
3413	0	1	1	
3414	0	0	0	
3415	0	0	1	
3416	0	0	0	
3417	0	1	1	
3418	0	1	1	
3419	1	1	1	
3420	0	0	1	
3421	0	0	1	
3422	0	0	0	
3423	1	1	1	
3424	0	1	1	
3425	1	1	1	
3426	0	0	0	
3427	0	0	1	
3428	0	0	0	
3429	0	0	0	
3430	0	0	1	
3431	0	0	0	
3432	0	0	0	
3433	0	1	1	
3434	0	0	0	
3435	0	0	0	
3436	0	0	1	
3437	0	0	0	
3438	1	0	0	
3439	1	1	0	
3440	0	0	0	
3441	1	0	0	
3442	0	0	0	
3443	0	1	1	
3444	0	0	1	
3445	1	0	0	
3446	0	1	0	
3447	0	1	0	
3448	1	0	0	
3449	0	1	0	
3450	0	0	0	
3451	0	0	0	
3452	0	1	0	
3453	0	0	0	
3454	1	0	1	
3455	1	1	1	
3456	0	0	0	
3457	0	0	1	
3458	0	0	1	
3459	0	0	0	
3460	0	0	0	
3461	1	0	0	
3462	1	0	1	
3463	0	0	1	
3464	1	0	1	
3465	0	0	0	
3466	0	0	1	
3467	0	0	0	
3468	0	1	1	
3469	0	0	0	
3470	0	0	0	
3471	1	0	1	
3472	1	0	0	
3473	0	0	0	
3474	0	0	1	
3475	1	1	0	
3476	0	0	0	
3477	0	1	1	
3478	0	1	0	
3479	0	0	1	
3480	1	0	1	
3481	1	1	0	
3482	0	0	0	
3483	0	0	0	
3484	1	1	0	
3485	0	1	1	
3486	0	0	0	
3487	0	0	0	
3488	1	0	1	
3489	0	0	0	
3490	0	0	1	
3491	0	1	0	
3492	0	1	0	
3493	1	0	0	
3494	0	0	0	
3495	0	0	1	
3496	0	0	1	
3497	1	1	1	
3498	0	0	1	
3499	0	0	0	
3500	1	1	1	
3501	0	0	1	
3502	0	1	0	
3503	0	1	0	
3504	1	1	0	
3505	1	1	1	
3506	1	0	0	
3507	0	0	0	
3508	0	1	1	
3509	0	0	1	
3510	0	1	1	
3511	0	1	1	
3512	0	0	1	
3513	0	0	1	
3514	0	0	0	
3515	0	1	0	
3516	0	0	1	
3517	0	0	0	
3518	0	1	0	
3519	0	1	0	
3520	0	1	1	
3521	0	1	0	
3522	0	1	0	
3523	0	0	0	
3524	1	0	0	
3525	0	1	0	
3526	0	1	0	
3527	1	0	0	
3528	0	0	0	
3529	0	1	1	
3530	0	0	0	
3531	0	0	0	
3532	1	0	0	
3533	0	0	0	
3534	0	0	1	
3535	1	1	1	
3536	0	1	1	
3537	1	0	1	
3538	0	1	1	
3539	0	0	0	
3540	0	1	1	
3541	0	0	0	
3542	1	1	0	
3543	0	0	1	
3544	0	0	0	
3545	0	0	0	
3546	0	1	0	
3547	0	0	0	
3548	1	1	1	
3549	0	0	1	
3550	0	1	0	
3551	0	0	1	
3552	1	0	1	
3553	0	0	0	
3554	0	0	1	
3555	0	0	0	
3556	0	0	1	
3557	0	0	1	
3558	1	0	0	
3559	0	1	1	
3560	1	1	0	
3561	0	0	0	
3562	0	0	0	
3563	1	0	1	
3564	0	1	0	
3565	0	0	0	
3566	0	0	1	
3567	1	0	1	
3568	0	1	1	
3569	0	0	0	
3570	0	1	1	
3571	0	1	0	
3572	0	1	0	
3573	1	0	0	
3574	0	0	0	
3575	0	0	0	
3576	0	0	1	
3577	1	0	1	
3578	1	0	1	
3579	1	1	1	
3580	0	0	1	
3581	0	0	0	
3582	0	0	0	
3583	0	0	0	
3584	0	1	1	
3585	0	1	1	
3586	1	0	0	
3587	0	0	1	
3588	0	1	0	
3589	0	0	0	
3590	0	1	0	
3591	0	0	1	
3592	0	0	1	
3593	1	1	0	
3594	0	0	0	
3595	0	0	1	
3596	0	1	1	
3597	0	0	0	
3598	0	1	0	
3599	0	1	1	
3600	0	0	0	
3601	0	0	1	
3602	0	0	0	
3603	0	0	1	
3604	1	0	1	
3605	0	1	1	
3606	0	1	1	
3607	0	1	0	
3608	0	0	0	
3609	0	1	0	
3610	0	0	1	
3611	0	1	1	
3612	0	1	1	
3613	1	0	0	
3614	1	1	0	
3615	0	1	1	
3616	0	1	1	
3617	1	0	1	
3618	0	1	1	
3619	0	0	0	
3620	0	0	0	
3621	0	0	1	
3622	0	0	0	
3623	1	0	0	
3624	0	0	1	
3625	1	0	1	
3626	0	0	0	
3627	0	0	0	
3628	0	0	1	
3629	1	0	1	
3630	0	0	1	
3631	0	1	1	
3632	1	1	1	
3633	0	0	0	
3634	0	0	0	
3635	0	0	0	
3636	0	1	0	
3637	0	1	1	
3638	0	1	1	
3639	0	0	0	
3640	0	0	1	
3641	0	0	0	
3642	0	0	1	
3643	0	0	0	
3644	0	0	0	
3645	0	1	1	
3646	0	1	1	
3647	0	0	1	
3648	0	0	1	
3649	0	0	1	
3650	1	0	0	
3651	0	0	0	
3652	1	0	0	
3653	0	0	0	
3654	1	0	1	
3655	0	1	0	
3656	1	0	1	
3657	0	0	0	
3658	0	0	0	
3659	0	1	1	
3660	0	0	1	
3661	1	1	0	
3662	0	1	0	
3663	0	0	0	
3664	0	1	0	
3665	0	0	0	
3666	0	0	1	
3667	0	1	1	
3668	0	1	1	
3669	1	0	0	
3670	1	0	1	
3671	0	1	1	
3672	1	0	1	
3673	0	1	0	
3674	0	1	0	
3675	0	0	0	
3676	0	0	1	
3677	0	1	0	
3678	0	0	1	
3679	0	0	0	
3680	0	0	1	
3681	0	1	0	
3682	0	0	1	
3683	0	1	0	
3684	0	0	1	
3685	0	1	0	
3686	1	0	1	
3687	0	1	0	
3688	0	0	0	
3689	0	0	0	
3690	0	0	1	
3691	1	0	0	
3692	0	0	0	
3693	0	0	0	
3694	0	0	0	
3695	0	0	0	
3696	1	0	0	
3697	1	0	1	
3698	0	1	0	
3699	0	0	0	
3700	0	0	0	
3701	0	0	1	
3702	1	0	1	
3703	1	0	0	
3704	0	0	0	
3705	0	1	1	
3706	0	0	1	
3707	0	1	0	
3708	1	0	1	
3709	1	0	1	
3710	0	0	1	
3711	0	0	0	
3712	0	0	1	
3713	0	0	0	
3714	0	0	0	
3715	0	1	0	
3716	1	0	1	
3717	0	0	0	
3718	0	0	1	
3719	0	0	0	
3720	0	0	0	
3721	0	0	1	
3722	0	0	0	
3723	0	0	0	
3724	0	0	0	
3725	0	0	1	
3726	1	0	1	
3727	0	0	1	
3728	1	1	1	
3729	1	1	1	
3730	0	1	1	
3731	0	0	0	
3732	1	1	0	
3733	0	1	1	
3734	1	0	1	
3735	1	0	0	
3736	1	1	0	
3737	0	1	0	
3738	0	0	0	
3739	0	1	1	
3740	0	1	1	
3741	0	0	0	
3742	0	0	0	
3743	0	0	1	
3744	1	1	0	
3745	0	1	1	
3746	0	0	0	
3747	0	0	0	
3748	0	0	1	
3749	0	0	0	
3750	0	1	1	
3751	0	0	1	
3752	0	1	1	
3753	0	1	0	
3754	0	1	0	
3755	0	1	1	
3756	0	1	1	
3757	0	1	1	
3758	0	1	1	
3759	0	0	1	
3760	0	1	1	
3761	0	0	1	
3762	0	0	0	
3763	0	1	0	
3764	0	0	0	
3765	0	1	0	
3766	0	0	1	
3767	0	1	0	
3768	0	1	0	
3769	0	0	1	
3770	0	1	0	
3771	0	1	1	
3772	1	0	1	
3773	1	0	0	
3774	0	1	1	
3775	1	1	0	
3776	0	1	0	
3777	0	1	0	
3778	1	0	1	
3779	0	1	1	
3780	0	1	0	
3781	0	1	1	
3782	1	1	0	
3783	0	0	0	
3784	0	0	1	
3785	1	0	0	
3786	0	1	0	
3787	0	0	1	
3788	0	0	0	
3789	0	0	0	
3790	0	0	0	
3791	0	0	0	
3792	0	1	0	
3793	0	0	0	
3794	0	0	0	
3795	1	1	0	
3796	0	0	1	
3797	1	0	0	
3798	0	0	1	
3799	0	0	0	
3800	0	0	0	
3801	0	1	0	
3802	0	0	1	
3803	0	0	0	
3804	0	0	1	
3805	0	1	0	
3806	0	0	0	
3807	0	1	0	
3808	0	0	1	
3809	0	1	0	
3810	1	0	0	
3811	1	0	0	
3812	1	1	1	
3813	0	0	0	
3814	1	1	1	
3815	0	0	0	
3816	1	0	1	
3817	0	0	1	
3818	0	0	0	
3819	1	0	1	
3820	0	1	1	
3821	0	1	0	
3822	0	0	0	
3823	0	0	0	
3824	1	0	0	
3825	0	0	1	
3826	0	0	0	
3827	1	1	0	
3828	0	0	1	
3829	0	1	0	
3830	0	0	0	
3831	0	1	0	
3832	0	1	0	
3833	0	0	1	
3834	1	1	1	
3835	0	0	1	
3836	0	0	0	
3837	1	0	0	
3838	0	1	0	
3839	0	0	0	
3840	1	0	1	
3841	0	1	0	
3842	1	1	1	
3843	1	0	0	
3844	0	0	0	
3845	1	0	0	
3846	0	1	0	
3847	0	0	1	
3848	0	1	1	
3849	0	0	1	
3850	0	0	1	
3851	0	0	0	
3852	0	1	0	
3853	1	1	1	
3854	0	0	1	
3855	0	1	1	
3856	0	0	1	
3857	1	0	1	
3858	0	0	0	
3859	0	1	0	
3860	1	0	0	
3861	0	0	1	
3862	0	0	1	
3863	1	0	1	
3864	0	1	0	
3865	1	1	1	
3866	0	0	1	
3867	0	0	0	
3868	1	0	1	
3869	0	1	1	
3870	0	0	0	
3871	1	0	1	
3872	0	0	1	
3873	0	0	0	
3874	0	0	0	
3875	0	0	0	
3876	0	1	0	
3877	0	1	0	
3878	0	1	0	
3879	0	1	1	
3880	1	0	0	
3881	1	0	0	
3882	1	0	0	
3883	0	0	0	
3884	0	1	1	
3885	0	1	1	
3886	0	0	1	
3887	1	0	0	
3888	1	0	1	
3889	0	0	0	
3890	0	0	1	
3891	0	0	1	
3892	0	0	1	
3893	0	0	0	
3894	0	1	0	
3895	1	0	0	
3896	1	0	1	
3897	0	0	1	
3898	0	0	1	
3899	0	0	0	
3900	0	0	1	
3901	0	0	0	
3902	0	1	0	
3903	0	1	0	
3904	0	1	1	
3905	0	0	0	
3906	0	1	1	
3907	0	0	1	
3908	0	0	0	
3909	1	0	0	
3910	0	0	1	
3911	0	0	1	
3912	0	0	1	
3913	0	1	0	
3914	1	0	0	
3915	0	0	0	
3916	0	1	0	
3917	0	0	1	
3918	1	1	1	
3919	0	0	0	
3920	0	1	1	
3921	0	0	0	
3922	0	0	1	
3923	0	1	0	
3924	1	1	1	
3925	0	0	0	
3926	1	1	1	
3927	0	0	1	
3928	0	1	1	
3929	0	0	0	
3930	0	0	0	
3931	1	1	0	
3932	0	0	1	
3933	1	1	1	
3934	0	0	1	
3935	0	0	0	
3936	0	0	0	
3937	0	0	1	
3938	0	0	1	
3939	1	0	1	
3940	1	0	0	
3941	0	0	1	
3942	0	0	1	
3943	0	0	1	
3944	0	0	0	
3945	0	1	0	
3946	0	0	0	
3947	0	0	1	
3948	0	0	0	
3949	0	0	0	
3950	0	0	0	
3951	1	1	0	
3952	0	1	1	
3953	1	0	1	
3954	0	0	0	
3955	1	1	1	
3956	0	0	0	
3957	0	0	0	
3958	0	0	0	
3959	0	0	0	
3960	0	0	0	
3961	0	1	1	
3962	0	0	0	
3963	0	0	1	
3964	0	1	0	
3965	0	0	0	
3966	0	1	1	
3967	0	0	0	
3968	0	1	1	
3969	0	0	1	
3970	0	0	1	
3971	0	0	0	
3972	0	1	1	
3973	0	0	0	
3974	0	1	0	
3975	0	0	1	
3976	0	0	1	
3977	0	0	1	
3978	0	1	0	
3979	0	0	0	
3980	0	0	0	
3981	1	1	0	
3982	0	0	0	
3983	1	0	0	
3984	0	1	1	
3985	0	0	0	
3986	0	0	0	
3987	1	0	0	
3988	0	1	1	
3989	0	1	1	
3990	0	1	1	
3991	0	0	1	
3992	0	0	1	
3993	0	0	0	
3994	0	1	1	
3995	0	0	0	
3996	0	0	1	
3997	0	0	1	
3998	1	0	1	
3999	0	1	1	
4000	0	1	0	
4001	0	0	1	
4002	1	0	0	
4003	0	0	1	
4004	0	0	1	
4005	0	1	1	
4006	1	1	0	
4007	0	0	1	
4008	0	0	0	
4009	1	0	0	
4010	0	0	0	
4011	0	1	0	
4012	0	0	1	
4013	1	1	0	
4014	1	0	0	
4015	1	0	0	
4016	1	1	0	
4017	1	0	0	
4018	0	0	1	
4019	1	0	0	
4020	0	0	1	
4021	0	1	1	
4022	0	1	0	
4023	0	1	0	
4024	0	0	1	
4025	1	1	0	
4026	0	0	0	
4027	1	1	1	
4028	1	0	1	
4029	0	0	0	
4030	1	0	0	
4031	0	1	0	
4032	0	0	0	
4033	1	1	1	
4034	0	0	0	
4035	0	0	0	
4036	0	1	1	
4037	1	0	1	
4038	0	1	1	
4039	1	0	1	
4040	1	0	0	
4041	0	1	0	
4042	1	1	0	
4043	0	0	0	
4044	0	0	0	
4045	1	0	0	
4046	0	0	1	
4047	0	1	1	
4048	0	1	0	
4049	0	1	1	
4050	0	0	1	
4051	0	0	1	
4052	1	0	0	
4053	0	0	1	
4054	0	1	1	
4055	0	0	1	
4056	1	0	1	
4057	0	0	0	
4058	0	0	0	
4059	0	1	0	
4060	0	1	1	
4061	0	0	0	
4062	1	1	0	
4063	1	1	1	
4064	1	0	1	
4065	0	1	0	
4066	0	0	0	
4067	0	1	0	
4068	0	0	1	
4069	1	1	1	
4070	0	0	0	
4071	0	0	1	
4072	0	1	1	
4073	0	0	0	
4074	0	0	1	
4075	0	0	0	
4076	0	1	0	
4077	0	0	0	
4078	1	0	0	
4079	1	0	0	
4080	0	0	0	
4081	0	1	1	
4082	1	0	0	
4083	0	1	1	
4084	0	0	1	
4085	0	1	0	
4086	1	0	0	
4087	0	0	0	
4088	0	1	0	
4089	0	0	0	
4090	0	0	0	
4091	1	1	0	
4092	0	0	1	
4093	0	1	0	
4094	0	0	0	
4095	1	0	0	
4096	1	0	1	
4097	0	1	0	
4098	0	1	0	
4099	0	0	1	
4100	0	0	0	
4101	1	0	0	
4102	1	0	1	
4103	1	1	0	
4104	0	1	0	
4105	0	0	0	
4106	0	0	1	
4107	1	1	0	
4108	1	1	0	
4109	0	0	1	
4110	0	1	0	
4111	1	1	1	
4112	1	1	0	
4113	0	0	0	
4114	1	0	0	
4115	0	0	0	
4116	0	0	0	
4117	0	0	1	
4118	0	0	1	
4119	0	1	0	
4120	1	0	0	
4121	0	0	1	
4122	1	0	0	
4123	1	0	1	
4124	1	1	1	
4125	0	1	1	
4126	1	0	1	
4127	0	0	1	
4128	1	0	0	
4129	1	0	1	
4130	0	0	0	
4131	1	0	0	
4132	0	1	0	
4133	0	1	0	
4134	1	1	0	
4135	0	1	0	
4136	0	0	0	
4137	0	1	0	
4138	0	0	0	
4139	0	0	0	
4140	0	0	0	
4141	0	1	0	
4142	0	0	0	
4143	0	0	0	
4144	0	1	0	
4145	0	1	0	
4146	0	1	1	
4147	0	1	0	
4148	1	0	1	
4149	1	0	0	
4150	0	1	0	
4151	1	0	0	
4152	1	1	0	
4153	0	0	0	
4154	1	1	0	
4155	1	1	1	
4156	1	0	0	
4157	0	0	1	
4158	0	0	1	
4159	0	0	0	
4160	0	0	0	
4161	0	0	1	
4162	1	0	0	
4163	1	0	1	
4164	1	0	0	
4165	1	0	1	
4166	0	1	0	
4167	1	0	1	
4168	0	1	1	
4169	0	0	0	
4170	1	0	0	
4171	0	1	0	
4172	0	1	0	
4173	0	1	0	
4174	1	0	1	
4175	1	0	0	
4176	0	1	1	
4177	0	1	0	
4178	0	0	1	
4179	0	1	1	
4180	0	1	0	
4181	0	1	0	
4182	1	0	1	
4183	1	0	1	
4184	0	0	0	
4185	0	0	1	
4186	0	0	1	
4187	0	1	0	
4188	0	0	0	
4189	0	1	0	
4190	1	0	0	
4191	0	1	0	
4192	0	0	1	
4193	0	0	1	
4194	0	1	0	
4195	1	0	0	
4196	0	0	0	
4197	0	0	1	
4198	0	0	1	
4199	1	1	1	
4200	0	0	0	
4201	0	0	1	
4202	0	0	1	
4203	1	1	0	
4204	1	1	0	
4205	0	0	0	
4206	0	1	0	
4207	0	0	0	
4208	0	1	0	
4209	0	1	0	
4210	0	1	1	
4211	0	0	0	
4212	0	0	0	
4213	0	0	1	
4214	1	0	0	
4215	0	0	0	
4216	0	1	0	
4217	0	1	1	
4218	1	0	1	
4219	1	0	0	
4220	0	1	0	
4221	0	0	0	
4222	0	1	0	
4223	0	1	1	
4224	1	1	1	
4225	0	0	1	
4226	0	1	1	
4227	1	0	0	
4228	0	1	1	
4229	0	1	0	
4230	1	0	1	
4231	0	0	1	
4232	0	0	0	
4233	1	0	0	
4234	0	0	0	
4235	1	1	0	
4236	0	0	1	
4237	1	0	0	
4238	1	1	0	
4239	0	1	1	
4240	0	0	0	
4241	0	1	0	
4242	0	1	0	
4243	0	0	1	
4244	0	1	1	
4245	0	0	1	
4246	0	0	0	
4247	0	0	0	
4248	1	1	1	
4249	0	1	1	
4250	0	0	1	
4251	1	1	1	
4252	0	0	0	
4253	0	1	1	
4254	0	0	1	
4255	0	1	0	
4256	0	1	1	
4257	1	1	1	
4258	0	1	1	
4259	0	0	1	
4260	1	0	1	
4261	0	0	0	
4262	0	0	1	
4263	0	1	1	
4264	0	0	0	
4265	0	1	1	
4266	0	0	0	
4267	1	0	0	
4268	0	1	0	
4269	1	1	1	
4270	0	1	1	
4271	1	1	0	
4272	0	0	0	
4273	0	1	1	
4274	0	0	1	
4275	0	0	0	
4276	0	0	0	
4277	0	0	0	
4278	1	1	0	
4279	1	1	1	
4280	0	0	0	
4281	0	0	0	
4282	0	1	0	
4283	0	1	0	
4284	0	0	0	
4285	1	1	1	
4286	0	0	0	
4287	1	0	1	
4288	1	1	0	
4289	0	1	1	
4290	1	1	0	
4291	0	0	0	
4292	0	1	1	
4293	0	1	0	
4294	0	1	1	
4295	0	1	0	
4296	0	0	0	
4297	0	0	0	
4298	0	0	0	
4299	0	0	0	
4300	1	1	0	
4301	0	0	0	
4302	0	1	1	
4303	0	0	1	
4304	0	1	1	
4305	0	0	1	
4306	1	1	0	
4307	0	0	1	
4308	0	0	1	
4309	1	1	0	
4310	0	1	1	
4311	0	1	1	
4312	0	0	0	
4313	0	0	0	
4314	0	0	1	
4315	0	0	0	
4316	1	1	1	
4317	1	1	0	
4318	0	0	0	
4319	1	0	0	
4320	0	0	0	
4321	0	1	0	
4322	0	0	1	
4323	0	0	1	
4324	0	0	0	
4325	0	0	0	
4326	1	1	0	
4327	0	1	0	
4328	0	0	1	
4329	0	0	1	
4330	0	0	1	
4331	1	0	0	
4332	0	0	0	
4333	0	1	0	
4334	0	0	0	
4335	0	1	1	
4336	0	0	1	
4337	0	0	1	
4338	0	0	1	
4339	0	1	1	
4340	0	1	0	
4341	0	0	0	
4342	1	1	1	
4343	0	0	0	
4344	0	0	0	
4345	0	0	0	
4346	0	0	0	
4347	0	0	0	
4348	0	0	0	
4349	0	0	0	
4350	0	0	0	
4351	0	0	0	
4352	0	0	0	
4353	0	0	0	
4354	1	0	0	
4355	0	0	0	
4356	1	1	0	
4357	1	1	0	
4358	0	1	0	
4359	1	1	0	
4360	1	0	0	
4361	0	0	0	
4362	1	0	1	
4363	0	0	1	
4364	0	0	0	
4365	1	0	1	
4366	0	1	1	
4367	1	1	1	
4368	1	1	0	
4369	0	0	1	
4370	1	0	1	
4371	0	0	1	
4372	0	0	0	
4373	0	0	1	
4374	0	1	0	
4375	0	1	0	
4376	0	0	0	
4377	0	1	0	
4378	0	1	0	
4379	0	0	1	
4380	1	0	0	
4381	0	1	0	
4382	0	0	0	
4383	1	1	0	
4384	0	0	0	
4385	1	0	1	
4386	0	1	1	
4387	0	0	1	
4388	0	1	1	
4389	0	0	1	
4390	0	0	0	
4391	0	1	0	
4392	0	1	1	
4393	0	0	1	
4394	1	1	1	
4395	0	1	0	
4396	0	1	1	
4397	0	0	0	
4398	0	1	1	
4399	0	0	0	
4400	1	1	0	
4401	0	0	1	
4402	0	1	1	
4403	0	0	0	
4404	1	0	1	
4405	1	0	1	
4406	0	0	0	
4407	0	1	0	
4408	0	0	0	
4409	0	0	1	
4410	0	0	0	
4411	0	0	0	
4412	0	0	1	
4413	0	0	0	
4414	0	1	0	
4415	0	1	0	
4416	0	0	1	
4417	1	0	0	
4418	0	0	0	
4419	0	1	1	
4420	1	0	1	
4421	0	1	0	
4422	0	0	1	
4423	0	0	1	
4424	0	0	0	
4425	1	1	1	
4426	0	0	0	
4427	0	0	1	
4428	0	0	0	
4429	1	1	0	
4430	0	1	1	
4431	0	0	0	
4432	0	0	1	
4433	1	1	1	
4434	0	0	0	
4435	1	1	1	
4436	0	0	0	
4437	0	0	1	
4438	1	1	0	
4439	0	0	0	
4440	0	0	0	
4441	0	0	1	
4442	0	0	0	
4443	0	1	0	
4444	0	1	0	
4445	0	1	1	
4446	0	0	1	
4447	1	1	1	
4448	0	0	1	
4449	0	0	0	
4450	1	0	0	
4451	0	0	0	
4452	1	0	1	
4453	0	0	1	
4454	0	0	1	
4455	1	0	0	
4456	0	1	1	
4457	0	1	1	
4458	0	0	0	
4459	0	0	1	
4460	0	0	0	
4461	0	0	0	
4462	0	0	0	
4463	0	0	0	
4464	0	0	0	
4465	0	1	0	
4466	1	0	0	
4467	0	1	0	
4468	0	0	0	
4469	0	0	1	
4470	0	1	1	
4471	0	1	0	
4472	0	1	1	
4473	0	0	0	
4474	0	1	0	
4475	0	0	1	
4476	0	0	1	
4477	0	1	0	
4478	1	1	1	
4479	0	0	1	
4480	1	1	1	
4481	1	0	0	
4482	0	1	0	
4483	1	1	1	
4484	0	0	1	
4485	0	1	0	
4486	0	1	0	
4487	1	0	0	
4488	1	0	1	
4489	1	0	0	
4490	1	0	0	
4491	0	1	1	
4492	0	1	1	
4493	0	0	0	
4494	1	1	1	
4495	0	1	0	
4496	0	1	1	
4497	0	0	0	
4498	0	0	1	
4499	0	0	0	
4500	1	1	1	
4501	0	1	1	
4502	1	1	1	
4503	0	1	0	
4504	0	0	1	
4505	0	0	0	
4506	0	1	0	
4507	0	0	1	
4508	1	0	1	
4509	1	0	1	
4510	0	1	1	
4511	1	1	0	
4512	0	0	0	
4513	0	1	1	
4514	0	0	0	
4515	0	1	0	
4516	0	0	0	
4517	1	0	0	
4518	0	0	1	
4519	0	0	1	
4520	1	1	1	
4521	0	1	0	
4522	0	0	1	
4523	0	1	0	
4524	1	0	1	
4525	0	0	0	
4526	1	0	1	
4527	0	0	0	
4528	0	1	1	
4529	0	0	0	
4530	0	0	1	
4531	1	1	0	
4532	0	0	0	
4533	0	1	1	
4534	1	0	1	
4535	0	0	0	
4536	0	0	1	
4537	0	1	0	
4538	0	0	0	
4539	0	0	0	
4540	1	0	0	
4541	1	0	0	
4542	0	0	1	
4543	0	0	0	
4544	1	0	1	
4545	0	1	1	
4546	0	0	0	
4547	0	1	1	
4548	0	0	0	
4549	0	1	1	
4550	0	0	1	
4551	0	0	0	
4552	0	0	1	
4553	1	0	1	
4554	0	0	0	
4555	1	0	1	
4556	0	0	0	
4557	1	0	0	
4558	0	0	1	
4559	1	0	1	
4560	1	1	0	
4561	0	1	1	
4562	0	1	0	
4563	0	0	1	
4564	0	0	0	
4565	0	0	1	
4566	0	1	0	
4567	0	1	1	
4568	0	0	0	
4569	0	1	0	
4570	0	1	0	
4571	0	0	1	
4572	1	1	1	
4573	0	0	1	
4574	1	1	0	
4575	0	0	0	
4576	0	1	1	
4577	0	0	1	
4578	0	0	1	
4579	0	0	0	
4580	1	0	1	
4581	1	1	0	
4582	0	0	0	
4583	1	0	1	
4584	0	1	1	
4585	0	0	0	
4586	0	1	1	
4587	1	0	1	
4588	1	0	0	
4589	0	0	0	
4590	0	1	1	
4591	0	0	1	
4592	0	0	1	
4593	0	0	0	
4594	0	1	0	
4595	1	0	0	
4596	0	0	0	
4597	1	1	0	
4598	0	0	0	
4599	1	0	1	
4600	0	0	0	
4601	0	0	0	
4602	0	1	0	
4603	0	0	0	
4604	0	1	0	
4605	1	0	0	
4606	1	0	1	
4607	0	0	0	
4608	1	1	0	
4609	0	0	0	
4610	0	1	0	
4611	0	1	1	
4612	1	1	1	
4613	0	1	0	
4614	1	0	0	
4615	0	0	0	
4616	1	1	1	
4617	1	1	0	
4618	0	1	1	
4619	0	1	0	
4620	1	0	1	
4621	1	0	1	
4622	0	1	0	
4623	0	0	0	
4624	0	1	1	
4625	0	0	0	
4626	1	1	0	
4627	1	0	0	
4628	0	0	0	
4629	1	0	0	
4630	0	1	1	
4631	0	0	0	
4632	0	1	1	
4633	0	1	0	
4634	0	1	0	
4635	0	0	0	
4636	1	0	1	
4637	0	0	0	
4638	0	0	1	
4639	0	0	0	
4640	1	0	1	
4641	0	0	1	
4642	1	0	0	
4643	0	0	1	
4644	0	0	0	
4645	0	0	0	
4646	0	0	0	
4647	0	0	0	
4648	0	0	1	
4649	0	0	1	
4650	0	0	0	
4651	0	0	0	
4652	0	0	1	
4653	0	0	0	
4654	1	1	1	
4655	0	1	0	
4656	1	1	1	
4657	0	1	0	
4658	0	0	0	
4659	1	0	0	
4660	1	0	1	
4661	0	1	0	
4662	0	1	0	
4663	1	1	0	
4664	0	0	0	
4665	0	1	1	
4666	0	0	0	
4667	0	1	0	
4668	1	1	0	
4669	1	1	0	
4670	0	0	0	
4671	0	0	0	
4672	0	1	0	
4673	0	1	0	
4674	1	1	0	
4675	1	1	0	
4676	0	1	1	
4677	1	0	0	
4678	0	0	0	
4679	0	1	1	
4680	1	0	1	
4681	0	0	0	
4682	0	0	0	
4683	0	0	0	
4684	1	1	0	
4685	0	0	0	
4686	0	0	0	
4687	1	1	1	
4688	0	0	1	
4689	0	1	1	
4690	0	0	0	
4691	0	0	1	
4692	0	1	1	
4693	0	0	0	
4694	1	1	0	
4695	0	1	0	
4696	0	0	0	
4697	0	0	0	
4698	0	0	0	
4699	0	1	0	
4700	1	0	0	
4701	0	0	1	
4702	1	1	1	
4703	0	0	0	
4704	1	0	1	
4705	0	0	0	
4706	0	0	0	
4707	0	0	0	
4708	1	0	1	
4709	0	0	0	
4710	1	1	0	
4711	1	0	0	
4712	0	0	1	
4713	0	0	0	
4714	0	0	0	
4715	1	0	0	
4716	0	0	0	
4717	0	0	0	
4718	0	0	0	
4719	0	1	1	
4720	1	1	0	
4721	0	0	0	
4722	0	1	1	
4723	1	0	0	
4724	0	0	0	
4725	0	1	0	
4726	0	0	1	
4727	0	0	1	
4728	1	1	1	
4729	0	0	1	
4730	0	1	0	
4731	0	0	0	
4732	0	1	1	
4733	1	0	0	
4734	0	1	0	
4735	0	0	0	
4736	1	0	0	
4737	0	1	0	
4738	0	1	0	
4739	1	0	0	
4740	0	1	0	
4741	1	1	1	
4742	0	0	1	
4743	0	1	1	
4744	1	0	0	
4745	1	1	1	
4746	0	1	1	
4747	0	0	0	
4748	0	0	0	
4749	0	0	1	
4750	0	0	0	
4751	0	0	1	
4752	0	0	1	
4753	0	0	1	
4754	0	0	0	
4755	1	1	0	
4756	0	1	0	
4757	0	1	0	
4758	0	1	1	
4759	0	1	1	
4760	1	0	0	
4761	1	1	1	
4762	0	0	1	
4763	1	1	0	
4764	1	1	1	
4765	0	1	0	
4766	0	0	0	
4767	0	0	0	
4768	0	0	0	
4769	0	1	0	
4770	0	1	0	
4771	0	0	0	
4772	1	0	0	
4773	0	0	0	
4774	0	0	0	
4775	1	0	1	
4776	0	1	0	
4777	1	1	1	
4778	0	1	1	
4779	0	1	0	
4780	1	1	0	
4781	0	0	1	
4782	0	0	1	
4783	1	0	1	
4784	0	0	1	
4785	0	0	1	
4786	0	0	0	
4787	0	0	0	
4788	0	1	0	
4789	0	0	1	
4790	0	0	0	
4791	0	0	0	
4792	1	1	0	
4793	0	0	0	
4794	0	1	1	
4795	0	0	0	
4796	1	0	0	
4797	0	0	0	
4798	0	0	0	
4799	0	1	0	
4800	0	0	1	
4801	0	0	0	
4802	0	0	0	
4803	0	1	1	
4804	0	0	1	
4805	0	0	1	
4806	0	1	0	
4807	0	0	0	
4808	0	0	1	
4809	0	1	0	
4810	0	1	1	
4811	1	0	1	
4812	0	0	0	
4813	0	0	0	
4814	0	1	1	
4815	0	1	1	
4816	0	0	0	
4817	1	1	1	
4818	0	0	1	
4819	0	1	1	
4820	1	0	1	
4821	1	0	0	
4822	0	0	0	
4823	0	1	1	
4824	1	0	1	
4825	0	0	0	
4826	0	0	0	
4827	0	1	0	
4828	0	0	0	
4829	0	0	0	
4830	0	0	1	
4831	0	0	0	
4832	1	0	0	
4833	0	0	1	
4834	0	0	0	
4835	0	0	0	
4836	0	0	0	
4837	0	0	0	
4838	0	1	0	
4839	1	0	1	
4840	0	1	0	
4841	1	1	0	
4842	0	1	1	
4843	0	0	0	
4844	1	0	0	
4845	1	0	1	
4846	1	0	1	
4847	0	0	1	
4848	1	0	0	
4849	0	0	0	
4850	0	0	0	
4851	0	0	0	
4852	0	1	0	
4853	0	0	0	
4854	0	0	0	
4855	1	0	1	
4856	0	0	0	
4857	1	1	1	
4858	0	0	0	
4859	0	1	0	
4860	0	1	1	
4861	0	1	1	
4862	0	0	1	
4863	0	0	0	
4864	1	1	0	
4865	0	1	1	
4866	0	0	0	
4867	0	1	1	
4868	0	1	0	
4869	0	0	1	
4870	0	1	0	
4871	0	0	0	
4872	0	0	1	
4873	0	1	0	
4874	0	0	1	
4875	0	1	0	
4876	0	1	1	
4877	0	1	1	
4878	0	0	1	
4879	0	1	1	
4880	1	1	0	
4881	0	0	0	
4882	0	1	1	
4883	0	0	0	
4884	1	1	0	
4885	0	0	1	
4886	0	0	1	
4887	0	0	0	
4888	0	1	0	
4889	1	1	0	
4890	0	0	1	
4891	0	0	1	
4892	0	0	0	
4893	0	0	0	
4894	0	1	0	
4895	0	0	0	
4896	0	1	0	
4897	0	0	0	
4898	1	1	0	
4899	1	0	0	
4900	0	1	0	
4901	1	1	1	
4902	0	0	0	
4903	1	1	1	
4904	0	0	0	
4905	1	1	0	
4906	0	0	0	
4907	0	1	0	
4908	1	0	0	
4909	1	0	1	
4910	0	1	0	
4911	0	0	0	
4912	1	0	1	
4913	0	1	1	
4914	0	0	1	
4915	1	1	1	
4916	0	0	1	
4917	0	0	0	
4918	0	0	0	
4919	0	0	0	
4920	0	0	0	
4921	0	0	1	
4922	0	0	1	
4923	1	0	1	
4924	0	0	0	
4925	0	1	0	
4926	1	1	1	
4927	0	1	0	
4928	0	0	0	
4929	0	1	0	
4930	0	0	1	
4931	0	0	0	
4932	0	0	0	
4933	0	0	0	
4934	0	1	1	
4935	0	0	0	
4936	0	0	0	
4937	0	1	1	
4938	0	1	0	
4939	0	0	1	
4940	0	0	1	
4941	1	0	0	
4942	0	1	0	
4943	1	1	1	
4944	0	0	0	
4945	0	0	0	
4946	0	0	0	
4947	1	0	0	
4948	0	1	1	
4949	0	1	0	
4950	0	0	0	
4951	1	0	0	
4952	0	0	1	
4953	0	0	0	
4954	0	1	0	
4955	1	0	0	
4956	1	1	1	
4957	0	1	0	
4958	0	0	0	
4959	0	0	1	
4960	1	0	1	
4961	0	0	1	
4962	1	0	0	
4963	0	0	0	
4964	0	1	1	
4965	0	0	0	
4966	0	0	1	
4967	0	0	1	
4968	0	0	1	
4969	0	0	0	
4970	0	0	1	
4971	0	0	0	
4972	0	1	1	
4973	1	1	0	
4974	0	1	1	
4975	0	1	1	
4976	0	0	1	
4977	0	1	1	
4978	1	0	0	
4979	0	0	1	
4980	0	1	1	
4981	0	0	1	
4982	0	0	1	
4983	0	0	0	
4984	0	1	1	
4985	0	0	1	
4986	1	0	0	
4987	0	0	0	
4988	0	1	0	
4989	1	0	0	
4990	0	0	0	
4991	1	0	0	
4992	0	0	1	
4993	0	0	1	
4994	1	0	0	
4995	0	0	0	
4996	1	1	0	
4997	0	1	0	
4998	0	0	0	
4999	1	0	1	
