0	0
1	1
2	0
3	1
4	0
5	1
6	0
7	0
8	1
9	1
10	0
11	0
12	0
13	0
14	0
15	0
16	1
17	1
18	0
19	0
20	0
21	0
22	1
23	1
24	1
25	1
26	1
27	0
28	0
29	1
30	1
31	1
32	0
33	0
34	1
35	0
36	0
37	0
38	0
39	1
40	0
41	1
42	0
43	1
44	0
45	0
46	1
47	1
48	0
49	1
50	1
51	1
52	0
53	0
54	1
55	1
56	0
57	1
58	1
59	1
60	0
61	1
62	1
63	0
64	0
65	0
66	0
67	0
68	0
69	0
70	0
71	1
72	1
73	1
74	0
75	0
76	1
77	1
78	0
79	1
80	0
81	0
82	0
83	0
84	0
85	0
86	0
87	1
88	0
89	1
90	0
91	0
92	0
93	1
94	1
95	0
96	1
97	0
98	0
99	0
100	1
101	0
102	1
103	0
104	1
105	0
106	0
107	1
108	0
109	0
110	0
111	0
112	0
113	0
114	0
115	1
116	0
117	1
118	0
119	1
120	0
121	0
122	0
123	1
124	0
125	0
126	1
127	0
128	1
129	1
130	0
131	1
132	1
133	0
134	0
135	0
136	0
137	1
138	1
139	1
140	0
141	1
142	1
143	0
144	0
145	0
146	1
147	0
148	1
149	1
150	1
151	0
152	0
153	1
154	0
155	1
156	0
157	0
158	0
159	1
160	1
161	1
162	1
163	1
164	1
165	1
166	0
167	1
168	1
169	0
170	1
171	0
172	1
173	1
174	0
175	1
176	1
177	1
178	1
179	1
180	0
181	1
182	0
183	1
184	0
185	0
186	0
187	1
188	0
189	1
190	1
191	0
192	1
193	1
194	1
195	1
196	1
197	0
198	0
199	0
200	0
201	1
202	0
203	1
204	0
205	0
206	0
207	0
208	1
209	1
210	0
211	1
212	0
213	1
214	0
215	0
216	0
217	1
218	0
219	1
220	0
221	1
222	0
223	1
224	0
225	1
226	0
227	1
228	0
229	0
230	1
231	0
232	1
233	0
234	1
235	1
236	0
237	1
238	0
239	0
240	1
241	1
242	0
243	0
244	1
245	1
246	1
247	0
248	1
249	1
250	0
251	0
252	1
253	1
254	1
255	0
256	0
257	1
258	1
259	0
260	0
261	1
262	1
263	0
264	0
265	1
266	1
267	1
268	1
269	1
270	0
271	0
272	1
273	1
274	0
275	0
276	0
277	0
278	0
279	0
280	0
281	0
282	1
283	1
284	0
285	0
286	1
287	1
288	1
289	0
290	0
291	0
292	1
293	0
294	0
295	0
296	0
297	1
298	0
299	1
300	0
301	0
302	0
303	0
304	0
305	0
306	0
307	0
308	0
309	0
310	1
311	0
312	1
313	0
314	0
315	0
316	1
317	0
318	0
319	0
320	1
321	0
322	1
323	0
324	0
325	0
326	0
327	0
328	1
329	1
330	0
331	1
332	1
333	0
334	0
335	0
336	0
337	0
338	1
339	1
340	1
341	0
342	0
343	0
344	1
345	0
346	1
347	1
348	1
349	0
350	1
351	1
352	0
353	1
354	1
355	0
356	1
357	1
358	0
359	0
360	0
361	1
362	0
363	1
364	1
365	1
366	1
367	1
368	1
369	0
370	0
371	0
372	0
373	1
374	1
375	1
376	0
377	1
378	0
379	1
380	1
381	0
382	0
383	0
384	0
385	0
386	0
387	1
388	0
389	0
390	0
391	0
392	0
393	0
394	1
395	1
396	0
397	1
398	1
399	1
400	0
401	0
402	0
403	1
404	0
405	0
406	0
407	0
408	0
409	0
410	1
411	0
412	1
413	0
414	0
415	1
416	1
417	1
418	1
419	0
420	0
421	1
422	1
423	0
424	0
425	1
426	0
427	0
428	1
429	0
430	0
431	1
432	1
433	1
434	0
435	0
436	0
437	0
438	0
439	1
440	1
441	0
442	0
443	1
444	1
445	0
446	0
447	0
448	0
449	0
450	1
451	0
452	1
453	1
454	1
455	1
456	0
457	1
458	0
459	1
460	0
461	1
462	0
463	0
464	0
465	0
466	0
467	1
468	0
469	0
470	0
471	1
472	1
473	1
474	1
475	0
476	0
477	0
478	1
479	0
480	0
481	1
482	0
483	0
484	1
485	1
486	0
487	1
488	0
489	1
490	1
491	0
492	1
493	1
494	0
495	0
496	0
497	1
498	0
499	0
500	1
501	0
502	1
503	1
504	0
505	0
506	0
507	0
508	0
509	1
510	1
511	1
512	1
513	1
514	0
515	0
516	1
517	0
518	1
519	0
520	1
521	1
522	1
523	0
524	0
525	0
526	0
527	0
528	0
529	0
530	0
531	0
532	1
533	1
534	0
535	1
536	1
537	1
538	1
539	0
540	0
541	1
542	0
543	0
544	1
545	1
546	0
547	0
548	1
549	0
550	0
551	1
552	1
553	1
554	0
555	0
556	1
557	1
558	0
559	0
560	0
561	1
562	1
563	0
564	1
565	0
566	0
567	1
568	0
569	0
570	0
571	0
572	1
573	0
574	1
575	1
576	0
577	0
578	0
579	0
580	0
581	1
582	1
583	1
584	1
585	0
586	0
587	0
588	0
589	1
590	1
591	0
592	1
593	0
594	1
595	0
596	1
597	0
598	0
599	1
600	0
601	1
602	0
603	0
604	0
605	0
606	1
607	0
608	0
609	1
610	1
611	1
612	0
613	1
614	1
615	1
616	1
617	0
618	1
619	0
620	1
621	1
622	1
623	0
624	1
625	0
626	0
627	1
628	1
629	0
630	1
631	0
632	0
633	1
634	0
635	0
636	0
637	1
638	0
639	1
640	0
641	0
642	1
643	0
644	1
645	0
646	0
647	0
648	0
649	0
650	1
651	1
652	1
653	0
654	1
655	1
656	0
657	0
658	0
659	1
660	0
661	0
662	0
663	1
664	1
665	0
666	0
667	1
668	0
669	0
670	1
671	1
672	0
673	1
674	1
675	1
676	0
677	0
678	0
679	0
680	0
681	1
682	1
683	1
684	0
685	1
686	0
687	0
688	1
689	0
690	1
691	0
692	1
693	0
694	0
695	0
696	1
697	1
698	0
699	1
700	1
701	0
702	1
703	1
704	1
705	1
706	0
707	1
708	1
709	1
710	0
711	1
712	0
713	1
714	1
715	1
716	0
717	0
718	0
719	0
720	1
721	1
722	1
723	1
724	0
725	1
726	0
727	0
728	0
729	1
730	0
731	0
732	1
733	0
734	1
735	0
736	1
737	0
738	0
739	0
740	0
741	0
742	1
743	0
744	1
745	1
746	0
747	1
748	1
749	1
750	1
751	1
752	0
753	1
754	1
755	0
756	1
757	0
758	0
759	0
760	1
761	0
762	0
763	0
764	1
765	0
766	0
767	1
768	0
769	0
770	1
771	1
772	1
773	1
774	0
775	1
776	1
777	0
778	0
779	0
780	0
781	1
782	0
783	0
784	0
785	1
786	0
787	0
788	1
789	0
790	0
791	0
792	1
793	0
794	0
795	0
796	1
797	0
798	0
799	0
800	0
801	0
802	1
803	0
804	0
805	1
806	0
807	1
808	0
809	0
810	0
811	0
812	0
813	0
814	1
815	1
816	0
817	1
818	0
819	1
820	1
821	1
822	1
823	1
824	0
825	0
826	0
827	0
828	0
829	1
830	0
831	1
832	1
833	1
834	0
835	1
836	1
837	0
838	1
839	1
840	0
841	0
842	0
843	1
844	0
845	0
846	0
847	0
848	0
849	1
850	0
851	0
852	0
853	1
854	0
855	0
856	1
857	0
858	1
859	0
860	0
861	1
862	0
863	1
864	0
865	1
866	1
867	0
868	1
869	1
870	0
871	0
872	0
873	1
874	1
875	1
876	1
877	0
878	0
879	0
880	1
881	0
882	0
883	1
884	1
885	0
886	1
887	0
888	1
889	1
890	0
891	1
892	1
893	1
894	0
895	0
896	1
897	1
898	1
899	0
900	1
901	0
902	1
903	0
904	0
905	1
906	0
907	0
908	1
909	0
910	0
911	0
912	0
913	1
914	1
915	1
916	1
917	1
918	0
919	0
920	1
921	0
922	0
923	0
924	0
925	0
926	0
927	0
928	0
929	1
930	1
931	1
932	0
933	1
934	0
935	0
936	0
937	1
938	1
939	0
940	1
941	0
942	0
943	0
944	1
945	1
946	1
947	0
948	1
949	0
950	0
951	1
952	0
953	0
954	1
955	0
956	1
957	1
958	1
959	1
960	1
961	0
962	0
963	0
964	1
965	0
966	0
967	1
968	1
969	0
970	0
971	1
972	0
973	0
974	1
975	1
976	0
977	0
978	0
979	1
980	1
981	0
982	1
983	0
984	0
985	0
986	1
987	1
988	0
989	0
990	0
991	1
992	1
993	0
994	0
995	1
996	0
997	1
998	1
999	1
1000	0
1001	1
1002	1
1003	1
1004	0
1005	0
1006	0
1007	1
1008	0
1009	1
1010	0
1011	0
1012	1
1013	0
1014	1
1015	0
1016	0
1017	1
1018	0
1019	0
1020	1
1021	1
1022	0
1023	0
1024	1
1025	0
1026	1
1027	0
1028	0
1029	0
1030	0
1031	0
1032	0
1033	0
1034	0
1035	1
1036	1
1037	0
1038	0
1039	1
1040	0
1041	1
1042	1
1043	1
1044	1
1045	1
1046	0
1047	1
1048	1
1049	0
1050	0
1051	1
1052	0
1053	0
1054	1
1055	1
1056	0
1057	0
1058	0
1059	0
1060	0
1061	0
1062	1
1063	0
1064	0
1065	1
1066	0
1067	1
1068	1
1069	1
1070	0
1071	1
1072	1
1073	1
1074	1
1075	0
1076	1
1077	0
1078	0
1079	0
1080	0
1081	0
1082	1
1083	0
1084	0
1085	1
1086	0
1087	1
1088	0
1089	1
1090	1
1091	0
1092	1
1093	0
1094	0
1095	0
1096	0
1097	0
1098	1
1099	1
1100	0
1101	0
1102	0
1103	0
1104	1
1105	0
1106	0
1107	1
1108	1
1109	1
1110	1
1111	1
1112	0
1113	1
1114	0
1115	0
1116	1
1117	0
1118	0
1119	0
1120	1
1121	0
1122	0
1123	0
1124	1
1125	1
1126	0
1127	1
1128	0
1129	1
1130	0
1131	0
1132	1
1133	0
1134	1
1135	0
1136	1
1137	1
1138	0
1139	0
1140	0
1141	1
1142	0
1143	0
1144	1
1145	0
1146	0
1147	1
1148	1
1149	1
1150	0
1151	1
1152	1
1153	0
1154	0
1155	1
1156	0
1157	1
1158	1
1159	0
1160	1
1161	0
1162	1
1163	0
1164	1
1165	1
1166	0
1167	1
1168	1
1169	1
1170	0
1171	1
1172	0
1173	0
1174	0
1175	0
1176	0
1177	0
1178	1
1179	0
1180	0
1181	1
1182	0
1183	0
1184	0
1185	1
1186	0
1187	1
1188	0
1189	0
1190	1
1191	0
1192	1
1193	0
1194	1
1195	1
1196	1
1197	0
1198	0
1199	1
1200	1
1201	1
1202	0
1203	1
1204	1
1205	0
1206	1
1207	1
1208	1
1209	0
1210	1
1211	0
1212	0
1213	0
1214	0
1215	0
1216	1
1217	0
1218	1
1219	1
1220	0
1221	1
1222	1
1223	0
1224	0
1225	0
1226	0
1227	0
1228	0
1229	0
1230	1
1231	0
1232	0
1233	1
1234	0
1235	0
1236	0
1237	0
1238	1
1239	0
1240	0
1241	0
1242	1
1243	1
1244	0
1245	0
1246	0
1247	0
1248	1
1249	0
1250	0
1251	0
1252	1
1253	0
1254	0
1255	1
1256	0
1257	1
1258	0
1259	1
1260	1
1261	0
1262	1
1263	0
1264	0
1265	1
1266	1
1267	1
1268	0
1269	0
1270	1
1271	0
1272	0
1273	0
1274	0
1275	0
1276	0
1277	1
1278	0
1279	0
1280	1
1281	0
1282	1
1283	1
1284	0
1285	1
1286	0
1287	0
1288	0
1289	1
1290	1
1291	1
1292	1
1293	1
1294	0
1295	0
1296	1
1297	1
1298	1
1299	0
1300	0
1301	0
1302	1
1303	0
1304	0
1305	0
1306	0
1307	1
1308	1
1309	1
1310	0
1311	1
1312	1
1313	0
1314	0
1315	1
1316	1
1317	1
1318	1
1319	0
1320	1
1321	0
1322	0
1323	1
1324	1
1325	0
1326	0
1327	0
1328	0
1329	0
1330	0
1331	0
1332	1
1333	1
1334	0
1335	1
1336	1
1337	1
1338	1
1339	0
1340	0
1341	0
1342	0
1343	1
1344	0
1345	0
1346	1
1347	0
1348	1
1349	1
1350	1
1351	0
1352	1
1353	0
1354	0
1355	0
1356	0
1357	0
1358	1
1359	1
1360	0
1361	1
1362	0
1363	0
1364	1
1365	1
1366	0
1367	1
1368	0
1369	0
1370	1
1371	1
1372	0
1373	0
1374	0
1375	0
1376	0
1377	0
1378	0
1379	1
1380	0
1381	1
1382	1
1383	0
1384	0
1385	1
1386	1
1387	1
1388	1
1389	1
1390	0
1391	0
1392	1
1393	0
1394	1
1395	1
1396	0
1397	1
1398	1
1399	0
1400	1
1401	1
1402	1
1403	1
1404	0
1405	0
1406	0
1407	0
1408	0
1409	0
1410	0
1411	0
1412	0
1413	0
1414	1
1415	0
1416	0
1417	0
1418	0
1419	1
1420	1
1421	0
1422	1
1423	1
1424	0
1425	1
1426	1
1427	1
1428	1
1429	0
1430	1
1431	0
1432	0
1433	1
1434	0
1435	1
1436	1
1437	0
1438	0
1439	1
1440	0
1441	1
1442	0
1443	1
1444	0
1445	0
1446	0
1447	1
1448	0
1449	1
1450	0
1451	0
1452	0
1453	0
1454	0
1455	0
1456	1
1457	0
1458	0
1459	1
1460	1
1461	1
1462	0
1463	1
1464	1
1465	0
1466	1
1467	1
1468	0
1469	1
1470	0
1471	1
1472	1
1473	1
1474	0
1475	1
1476	0
1477	1
1478	0
1479	0
1480	0
1481	1
1482	1
1483	1
1484	1
1485	1
1486	0
1487	0
1488	0
1489	1
1490	1
1491	0
1492	0
1493	0
1494	0
1495	0
1496	1
1497	1
1498	0
1499	0
1500	0
1501	0
1502	0
1503	1
1504	1
1505	1
1506	0
1507	1
1508	1
1509	1
1510	0
1511	0
1512	1
1513	0
1514	0
1515	0
1516	1
1517	0
1518	0
1519	1
1520	1
1521	1
1522	0
1523	0
1524	0
1525	0
1526	0
1527	1
1528	0
1529	0
1530	0
1531	0
1532	1
1533	0
1534	1
1535	1
1536	1
1537	1
1538	1
1539	1
1540	0
1541	0
1542	0
1543	0
1544	0
1545	0
1546	0
1547	0
1548	1
1549	1
1550	1
1551	1
1552	1
1553	0
1554	1
1555	0
1556	1
1557	0
1558	0
1559	0
1560	1
1561	0
1562	1
1563	1
1564	0
1565	0
1566	0
1567	0
1568	0
1569	0
1570	1
1571	1
1572	0
1573	1
1574	0
1575	1
1576	0
1577	0
1578	0
1579	0
1580	0
1581	1
1582	0
1583	0
1584	0
1585	0
1586	0
1587	0
1588	1
1589	1
1590	0
1591	1
1592	1
1593	1
1594	0
1595	1
1596	1
1597	1
1598	0
1599	0
1600	1
1601	1
1602	1
1603	1
1604	0
1605	0
1606	0
1607	1
1608	1
1609	0
1610	0
1611	0
1612	0
1613	0
1614	0
1615	0
1616	0
1617	0
1618	1
1619	1
1620	1
1621	0
1622	0
1623	0
1624	0
1625	0
1626	1
1627	1
1628	0
1629	1
1630	0
1631	1
1632	1
1633	0
1634	0
1635	1
1636	0
1637	1
1638	0
1639	0
1640	0
1641	0
1642	0
1643	1
1644	1
1645	0
1646	0
1647	0
1648	1
1649	1
1650	1
1651	1
1652	0
1653	1
1654	1
1655	0
1656	1
1657	1
1658	1
1659	1
1660	1
1661	0
1662	1
1663	0
1664	0
1665	0
1666	0
1667	0
1668	1
1669	0
1670	0
1671	1
1672	0
1673	1
1674	0
1675	0
1676	1
1677	1
1678	0
1679	1
1680	1
1681	1
1682	0
1683	0
1684	0
1685	0
1686	0
1687	1
1688	0
1689	0
1690	0
1691	0
1692	1
1693	1
1694	1
1695	0
1696	0
1697	1
1698	0
1699	0
1700	0
1701	1
1702	0
1703	1
1704	0
1705	0
1706	0
1707	0
1708	0
1709	0
1710	1
1711	0
1712	1
1713	0
1714	1
1715	0
1716	0
1717	0
1718	0
1719	0
1720	0
1721	0
1722	1
1723	0
1724	1
1725	0
1726	1
1727	1
1728	0
1729	0
1730	0
1731	0
1732	1
1733	0
1734	0
1735	0
1736	0
1737	1
1738	1
1739	1
1740	1
1741	1
1742	1
1743	0
1744	1
1745	0
1746	0
1747	1
1748	0
1749	1
1750	1
1751	1
1752	1
1753	0
1754	0
1755	1
1756	1
1757	1
1758	1
1759	1
1760	1
1761	0
1762	1
1763	1
1764	0
1765	0
1766	1
1767	0
1768	0
1769	0
1770	0
1771	0
1772	0
1773	1
1774	0
1775	1
1776	1
1777	0
1778	0
1779	0
1780	0
1781	1
1782	0
1783	0
1784	0
1785	0
1786	1
1787	0
1788	0
1789	1
1790	0
1791	1
1792	1
1793	0
1794	0
1795	1
1796	1
1797	0
1798	1
1799	1
1800	0
1801	0
1802	0
1803	0
1804	0
1805	1
1806	0
1807	0
1808	1
1809	1
1810	1
1811	0
1812	1
1813	0
1814	1
1815	1
1816	0
1817	1
1818	1
1819	1
1820	0
1821	0
1822	1
1823	0
1824	1
1825	0
1826	1
1827	1
1828	1
1829	0
1830	1
1831	1
1832	0
1833	0
1834	0
1835	0
1836	1
1837	0
1838	0
1839	0
1840	0
1841	1
1842	1
1843	0
1844	1
1845	0
1846	0
1847	0
1848	1
1849	0
1850	1
1851	0
1852	0
1853	0
1854	0
1855	1
1856	0
1857	0
1858	1
1859	0
1860	0
1861	0
1862	1
1863	0
1864	1
1865	0
1866	1
1867	0
1868	0
1869	1
1870	0
1871	1
1872	0
1873	0
1874	1
1875	1
1876	1
1877	0
1878	0
1879	0
1880	1
1881	1
1882	0
1883	0
1884	0
1885	0
1886	1
1887	0
1888	1
1889	0
1890	1
1891	0
1892	0
1893	1
1894	1
1895	1
1896	0
1897	0
1898	0
1899	0
1900	0
1901	1
1902	0
1903	0
1904	0
1905	0
1906	1
1907	0
1908	0
1909	0
1910	0
1911	1
1912	0
1913	0
1914	1
1915	0
1916	1
1917	1
1918	1
1919	1
1920	0
1921	1
1922	0
1923	0
1924	1
1925	1
1926	1
1927	0
1928	0
1929	0
1930	1
1931	1
1932	0
1933	1
1934	0
1935	0
1936	1
1937	0
1938	0
1939	0
1940	0
1941	1
1942	0
1943	0
1944	1
1945	0
1946	1
1947	0
1948	1
1949	0
1950	1
1951	0
1952	0
1953	1
1954	0
1955	1
1956	1
1957	1
1958	0
1959	0
1960	0
1961	1
1962	0
1963	0
1964	1
1965	0
1966	0
1967	0
1968	1
1969	0
1970	0
1971	0
1972	0
1973	0
1974	1
1975	1
1976	0
1977	1
1978	1
1979	1
1980	1
1981	1
1982	0
1983	0
1984	1
1985	0
1986	0
1987	1
1988	0
1989	0
1990	0
1991	0
1992	0
1993	1
1994	0
1995	0
1996	0
1997	1
1998	1
1999	0
2000	1
2001	0
2002	1
2003	1
2004	0
2005	0
2006	1
2007	0
2008	0
2009	1
2010	0
2011	1
2012	1
2013	0
2014	0
2015	1
2016	1
2017	0
2018	1
2019	0
2020	0
2021	0
2022	0
2023	1
2024	1
2025	0
2026	0
2027	0
2028	1
2029	0
2030	1
2031	0
2032	1
2033	1
2034	1
2035	0
2036	0
2037	1
2038	1
2039	1
2040	1
2041	0
2042	1
2043	0
2044	0
2045	0
2046	0
2047	0
2048	1
2049	1
2050	1
2051	1
2052	0
2053	0
2054	0
2055	0
2056	0
2057	0
2058	0
2059	0
2060	0
2061	0
2062	1
2063	0
2064	1
2065	1
2066	1
2067	1
2068	1
2069	0
2070	1
2071	0
2072	1
2073	1
2074	0
2075	0
2076	0
2077	0
2078	0
2079	0
2080	0
2081	1
2082	0
2083	1
2084	1
2085	0
2086	0
2087	1
2088	1
2089	0
2090	1
2091	0
2092	1
2093	1
2094	0
2095	0
2096	1
2097	0
2098	1
2099	1
2100	0
2101	1
2102	1
2103	0
2104	1
2105	1
2106	0
2107	0
2108	0
2109	0
2110	1
2111	1
2112	1
2113	0
2114	1
2115	0
2116	0
2117	0
2118	0
2119	0
2120	0
2121	0
2122	1
2123	0
2124	0
2125	0
2126	0
2127	0
2128	0
2129	1
2130	1
2131	0
2132	0
2133	0
2134	0
2135	1
2136	1
2137	0
2138	1
2139	0
2140	1
2141	1
2142	0
2143	1
2144	0
2145	0
2146	0
2147	0
2148	1
2149	0
2150	0
2151	0
2152	1
2153	0
2154	1
2155	1
2156	0
2157	0
2158	0
2159	1
2160	0
2161	0
2162	0
2163	1
2164	0
2165	1
2166	0
2167	0
2168	1
2169	1
2170	0
2171	1
2172	0
2173	1
2174	1
2175	1
2176	1
2177	0
2178	0
2179	0
2180	0
2181	0
2182	0
2183	1
2184	0
2185	1
2186	0
2187	1
2188	0
2189	0
2190	1
2191	0
2192	1
2193	1
2194	1
2195	0
2196	0
2197	0
2198	0
2199	0
2200	0
2201	1
2202	0
2203	1
2204	1
2205	1
2206	0
2207	0
2208	1
2209	0
2210	0
2211	1
2212	1
2213	1
2214	1
2215	0
2216	0
2217	1
2218	1
2219	1
2220	0
2221	1
2222	0
2223	0
2224	0
2225	1
2226	1
2227	1
2228	1
2229	0
2230	0
2231	0
2232	1
2233	0
2234	1
2235	0
2236	1
2237	1
2238	1
2239	0
2240	1
2241	0
2242	1
2243	0
2244	1
2245	0
2246	1
2247	1
2248	1
2249	0
2250	0
2251	1
2252	0
2253	1
2254	0
2255	1
2256	0
2257	0
2258	1
2259	1
2260	1
2261	0
2262	0
2263	0
2264	1
2265	1
2266	0
2267	0
2268	1
2269	0
2270	1
2271	1
2272	0
2273	1
2274	1
2275	1
2276	1
2277	0
2278	0
2279	0
2280	0
2281	0
2282	0
2283	0
2284	0
2285	1
2286	0
2287	0
2288	1
2289	1
2290	1
2291	0
2292	1
2293	1
2294	0
2295	0
2296	1
2297	1
2298	0
2299	0
2300	0
2301	0
2302	1
2303	0
2304	0
2305	1
2306	0
2307	1
2308	0
2309	1
2310	1
2311	0
2312	0
2313	0
2314	0
2315	1
2316	1
2317	0
2318	0
2319	1
2320	1
2321	1
2322	0
2323	0
2324	1
2325	0
2326	1
2327	1
2328	1
2329	1
2330	0
2331	0
2332	0
2333	0
2334	1
2335	1
2336	0
2337	0
2338	0
2339	0
2340	0
2341	0
2342	0
2343	0
2344	0
2345	1
2346	0
2347	0
2348	0
2349	0
2350	1
2351	0
2352	1
2353	0
2354	0
2355	1
2356	1
2357	0
2358	0
2359	1
2360	0
2361	1
2362	1
2363	1
2364	1
2365	0
2366	1
2367	1
2368	0
2369	0
2370	0
2371	0
2372	1
2373	0
2374	0
2375	1
2376	1
2377	0
2378	1
2379	1
2380	1
2381	0
2382	1
2383	1
2384	0
2385	1
2386	0
2387	0
2388	1
2389	0
2390	0
2391	1
2392	0
2393	0
2394	0
2395	1
2396	1
2397	0
2398	1
2399	0
2400	0
2401	0
2402	0
2403	0
2404	0
2405	0
2406	0
2407	1
2408	1
2409	1
2410	0
2411	1
2412	0
2413	0
2414	0
2415	0
2416	0
2417	1
2418	0
2419	0
2420	0
2421	1
2422	0
2423	0
2424	1
2425	1
2426	1
2427	0
2428	1
2429	0
2430	0
2431	1
2432	1
2433	1
2434	1
2435	1
2436	1
2437	0
2438	1
2439	0
2440	1
2441	0
2442	0
2443	0
2444	0
2445	1
2446	0
2447	0
2448	0
2449	0
2450	1
2451	1
2452	1
2453	0
2454	1
2455	0
2456	1
2457	0
2458	1
2459	1
2460	1
2461	1
2462	1
2463	0
2464	0
2465	0
2466	0
2467	1
2468	0
2469	0
2470	1
2471	0
2472	1
2473	1
2474	0
2475	1
2476	0
2477	0
2478	0
2479	1
2480	0
2481	1
2482	0
2483	1
2484	0
2485	0
2486	0
2487	0
2488	0
2489	0
2490	1
2491	0
2492	0
2493	0
2494	0
2495	0
2496	0
2497	0
2498	0
2499	1
2500	1
2501	0
2502	1
2503	0
2504	0
2505	0
2506	0
2507	0
2508	0
2509	1
2510	0
2511	1
2512	1
2513	0
2514	1
2515	0
2516	1
2517	0
2518	0
2519	0
2520	0
2521	1
2522	0
2523	1
2524	1
2525	1
2526	0
2527	0
2528	1
2529	1
2530	0
2531	1
2532	1
2533	0
2534	0
2535	0
2536	0
2537	1
2538	0
2539	1
2540	0
2541	0
2542	0
2543	0
2544	1
2545	0
2546	1
2547	1
2548	0
2549	1
2550	1
2551	0
2552	1
2553	0
2554	1
2555	0
2556	1
2557	1
2558	1
2559	0
2560	0
2561	0
2562	1
2563	1
2564	1
2565	1
2566	0
2567	1
2568	0
2569	0
2570	0
2571	0
2572	1
2573	0
2574	0
2575	0
2576	0
2577	0
2578	0
2579	0
2580	1
2581	0
2582	1
2583	0
2584	0
2585	1
2586	0
2587	0
2588	1
2589	1
2590	1
2591	0
2592	0
2593	1
2594	1
2595	1
2596	0
2597	0
2598	1
2599	1
2600	0
2601	0
2602	1
2603	1
2604	0
2605	0
2606	0
2607	0
2608	0
2609	0
2610	0
2611	1
2612	1
2613	1
2614	0
2615	1
2616	0
2617	1
2618	1
2619	0
2620	1
2621	1
2622	0
2623	1
2624	1
2625	0
2626	1
2627	0
2628	1
2629	0
2630	0
2631	1
2632	1
2633	0
2634	1
2635	0
2636	1
2637	1
2638	1
2639	0
2640	1
2641	0
2642	1
2643	1
2644	1
2645	1
2646	0
2647	1
2648	1
2649	1
2650	0
2651	1
2652	1
2653	1
2654	1
2655	0
2656	1
2657	0
2658	0
2659	0
2660	0
2661	0
2662	0
2663	0
2664	0
2665	0
2666	0
2667	1
2668	1
2669	1
2670	0
2671	1
2672	1
2673	0
2674	0
2675	1
2676	0
2677	1
2678	0
2679	1
2680	0
2681	0
2682	1
2683	1
2684	0
2685	1
2686	1
2687	0
2688	1
2689	0
2690	1
2691	1
2692	1
2693	1
2694	1
2695	1
2696	1
2697	1
2698	0
2699	0
2700	1
2701	1
2702	1
2703	0
2704	1
2705	1
2706	0
2707	1
2708	0
2709	1
2710	1
2711	0
2712	1
2713	0
2714	1
2715	1
2716	1
2717	0
2718	1
2719	1
2720	1
2721	1
2722	1
2723	0
2724	0
2725	0
2726	1
2727	0
2728	1
2729	0
2730	1
2731	0
2732	0
2733	0
2734	1
2735	1
2736	0
2737	0
2738	0
2739	0
2740	1
2741	0
2742	1
2743	0
2744	0
2745	0
2746	0
2747	0
2748	0
2749	0
2750	1
2751	0
2752	1
2753	0
2754	0
2755	0
2756	0
2757	0
2758	1
2759	0
2760	1
2761	1
2762	0
2763	0
2764	1
2765	0
2766	1
2767	1
2768	1
2769	0
2770	0
2771	0
2772	0
2773	0
2774	1
2775	1
2776	1
2777	0
2778	1
2779	0
2780	1
2781	0
2782	1
2783	0
2784	1
2785	0
2786	0
2787	0
2788	0
2789	1
2790	1
2791	0
2792	0
2793	1
2794	1
2795	0
2796	1
2797	0
2798	0
2799	1
2800	1
2801	1
2802	0
2803	1
2804	0
2805	1
2806	0
2807	0
2808	1
2809	1
2810	1
2811	0
2812	0
2813	0
2814	0
2815	0
2816	1
2817	0
2818	0
2819	0
2820	1
2821	1
2822	0
2823	0
2824	1
2825	0
2826	1
2827	1
2828	1
2829	0
2830	1
2831	1
2832	1
2833	0
2834	0
2835	1
2836	1
2837	0
2838	1
2839	0
2840	0
2841	1
2842	1
2843	1
2844	1
2845	0
2846	0
2847	1
2848	1
2849	1
2850	0
2851	0
2852	0
2853	1
2854	1
2855	0
2856	1
2857	1
2858	0
2859	0
2860	1
2861	1
2862	1
2863	1
2864	1
2865	0
2866	0
2867	1
2868	1
2869	1
2870	0
2871	0
2872	0
2873	1
2874	1
2875	0
2876	0
2877	1
2878	1
2879	0
2880	0
2881	1
2882	0
2883	1
2884	0
2885	1
2886	0
2887	0
2888	0
2889	0
2890	0
2891	1
2892	0
2893	1
2894	0
2895	0
2896	0
2897	1
2898	0
2899	0
2900	1
2901	0
2902	0
2903	1
2904	1
2905	1
2906	1
2907	1
2908	1
2909	0
2910	1
2911	1
2912	1
2913	1
2914	0
2915	1
2916	1
2917	1
2918	1
2919	1
2920	0
2921	0
2922	0
2923	1
2924	1
2925	1
2926	1
2927	0
2928	0
2929	0
2930	0
2931	1
2932	0
2933	1
2934	0
2935	1
2936	0
2937	1
2938	0
2939	1
2940	1
2941	0
2942	1
2943	0
2944	0
2945	0
2946	1
2947	1
2948	0
2949	1
2950	1
2951	0
2952	1
2953	1
2954	0
2955	1
2956	1
2957	1
2958	0
2959	0
2960	0
2961	1
2962	1
2963	1
2964	0
2965	0
2966	1
2967	1
2968	0
2969	0
2970	1
2971	0
2972	1
2973	0
2974	0
2975	0
2976	0
2977	0
2978	1
2979	0
2980	1
2981	1
2982	0
2983	1
2984	0
2985	1
2986	0
2987	1
2988	0
2989	1
2990	1
2991	0
2992	1
2993	0
2994	0
2995	0
2996	0
2997	1
2998	0
2999	1
3000	1
3001	0
3002	1
3003	1
3004	1
3005	0
3006	1
3007	1
3008	1
3009	0
3010	1
3011	1
3012	0
3013	1
3014	0
3015	1
3016	0
3017	1
3018	0
3019	0
3020	1
3021	1
3022	0
3023	0
3024	1
3025	0
3026	1
3027	1
3028	0
3029	1
3030	0
3031	0
3032	0
3033	0
3034	0
3035	1
3036	1
3037	0
3038	1
3039	1
3040	0
3041	1
3042	1
3043	0
3044	1
3045	1
3046	0
3047	0
3048	0
3049	0
3050	1
3051	0
3052	0
3053	1
3054	1
3055	0
3056	1
3057	1
3058	0
3059	0
3060	1
3061	1
3062	0
3063	1
3064	1
3065	0
3066	1
3067	1
3068	0
3069	1
3070	0
3071	0
3072	1
3073	0
3074	0
3075	0
3076	1
3077	1
3078	0
3079	0
3080	1
3081	0
3082	1
3083	0
3084	0
3085	0
3086	0
3087	1
3088	1
3089	0
3090	0
3091	0
3092	0
3093	1
3094	1
3095	0
3096	1
3097	0
3098	0
3099	0
3100	0
3101	1
3102	1
3103	0
3104	0
3105	0
3106	0
3107	0
3108	0
3109	1
3110	1
3111	1
3112	0
3113	1
3114	0
3115	0
3116	0
3117	1
3118	1
3119	1
3120	1
3121	0
3122	1
3123	1
3124	1
3125	0
3126	0
3127	0
3128	0
3129	0
3130	1
3131	0
3132	0
3133	0
3134	0
3135	0
3136	0
3137	1
3138	1
3139	0
3140	0
3141	1
3142	0
3143	1
3144	1
3145	0
3146	0
3147	1
3148	1
3149	0
3150	1
3151	1
3152	1
3153	0
3154	1
3155	1
3156	1
3157	0
3158	0
3159	0
3160	1
3161	0
3162	1
3163	0
3164	1
3165	1
3166	0
3167	1
3168	0
3169	0
3170	0
3171	1
3172	1
3173	1
3174	1
3175	0
3176	1
3177	0
3178	1
3179	1
3180	1
3181	0
3182	1
3183	1
3184	0
3185	0
3186	0
3187	1
3188	0
3189	0
3190	0
3191	0
3192	1
3193	0
3194	1
3195	1
3196	0
3197	0
3198	1
3199	0
3200	0
3201	0
3202	0
3203	0
3204	0
3205	0
3206	0
3207	0
3208	0
3209	0
3210	0
3211	1
3212	1
3213	0
3214	1
3215	1
3216	1
3217	0
3218	1
3219	0
3220	0
3221	0
3222	1
3223	0
3224	0
3225	0
3226	0
3227	1
3228	0
3229	1
3230	0
3231	0
3232	0
3233	0
3234	1
3235	0
3236	0
3237	1
3238	0
3239	1
3240	0
3241	0
3242	1
3243	0
3244	1
3245	0
3246	1
3247	0
3248	0
3249	1
3250	0
3251	1
3252	0
3253	1
3254	1
3255	0
3256	0
3257	0
3258	0
3259	0
3260	0
3261	0
3262	1
3263	0
3264	1
3265	1
3266	0
3267	0
3268	1
3269	1
3270	0
3271	0
3272	0
3273	0
3274	1
3275	0
3276	1
3277	1
3278	0
3279	1
3280	0
3281	0
3282	0
3283	1
3284	0
3285	1
3286	1
3287	0
3288	0
3289	0
3290	0
3291	0
3292	1
3293	0
3294	1
3295	0
3296	1
3297	0
3298	0
3299	0
3300	0
3301	1
3302	1
3303	1
3304	0
3305	1
3306	1
3307	0
3308	0
3309	0
3310	1
3311	1
3312	0
3313	0
3314	0
3315	1
3316	0
3317	0
3318	1
3319	1
3320	0
3321	1
3322	0
3323	0
3324	1
3325	1
3326	0
3327	0
3328	1
3329	0
3330	1
3331	0
3332	1
3333	0
3334	0
3335	0
3336	0
3337	0
3338	0
3339	1
3340	1
3341	0
3342	0
3343	1
3344	0
3345	0
3346	0
3347	0
3348	1
3349	1
3350	0
3351	1
3352	0
3353	0
3354	0
3355	1
3356	0
3357	1
3358	1
3359	1
3360	0
3361	0
3362	0
3363	0
3364	1
3365	1
3366	1
3367	0
3368	1
3369	0
3370	1
3371	1
3372	0
3373	0
3374	1
3375	0
3376	0
3377	1
3378	0
3379	1
3380	1
3381	1
3382	0
3383	0
3384	1
3385	0
3386	1
3387	0
3388	1
3389	0
3390	0
3391	0
3392	0
3393	1
3394	0
3395	0
3396	0
3397	0
3398	1
3399	0
3400	0
3401	0
3402	1
3403	1
3404	1
3405	0
3406	0
3407	0
3408	0
3409	1
3410	1
3411	0
3412	1
3413	1
3414	0
3415	1
3416	0
3417	1
3418	1
3419	1
3420	1
3421	1
3422	0
3423	1
3424	1
3425	1
3426	0
3427	1
3428	0
3429	0
3430	1
3431	0
3432	0
3433	1
3434	0
3435	0
3436	1
3437	0
3438	0
3439	0
3440	0
3441	0
3442	0
3443	1
3444	1
3445	0
3446	0
3447	0
3448	0
3449	0
3450	0
3451	0
3452	0
3453	0
3454	1
3455	1
3456	0
3457	1
3458	1
3459	0
3460	0
3461	0
3462	1
3463	1
3464	1
3465	0
3466	1
3467	0
3468	1
3469	0
3470	0
3471	1
3472	0
3473	0
3474	1
3475	0
3476	0
3477	1
3478	0
3479	1
3480	1
3481	0
3482	0
3483	0
3484	0
3485	1
3486	0
3487	0
3488	1
3489	0
3490	1
3491	0
3492	0
3493	0
3494	0
3495	1
3496	1
3497	1
3498	1
3499	0
3500	1
3501	1
3502	0
3503	0
3504	0
3505	1
3506	0
3507	0
3508	1
3509	1
3510	1
3511	1
3512	1
3513	1
3514	0
3515	0
3516	1
3517	0
3518	0
3519	0
3520	1
3521	0
3522	0
3523	0
3524	0
3525	0
3526	0
3527	0
3528	0
3529	1
3530	0
3531	0
3532	0
3533	0
3534	1
3535	1
3536	1
3537	1
3538	1
3539	0
3540	1
3541	0
3542	0
3543	1
3544	0
3545	0
3546	0
3547	0
3548	1
3549	1
3550	0
3551	1
3552	1
3553	0
3554	1
3555	0
3556	1
3557	1
3558	0
3559	1
3560	0
3561	0
3562	0
3563	1
3564	0
3565	0
3566	1
3567	1
3568	1
3569	0
3570	1
3571	0
3572	0
3573	0
3574	0
3575	0
3576	1
3577	1
3578	1
3579	1
3580	1
3581	0
3582	0
3583	0
3584	1
3585	1
3586	0
3587	1
3588	0
3589	0
3590	0
3591	1
3592	1
3593	0
3594	0
3595	1
3596	1
3597	0
3598	0
3599	1
3600	0
3601	1
3602	0
3603	1
3604	1
3605	1
3606	1
3607	0
3608	0
3609	0
3610	1
3611	1
3612	1
3613	0
3614	0
3615	1
3616	1
3617	1
3618	1
3619	0
3620	0
3621	1
3622	0
3623	0
3624	1
3625	1
3626	0
3627	0
3628	1
3629	1
3630	1
3631	1
3632	1
3633	0
3634	0
3635	0
3636	0
3637	1
3638	1
3639	0
3640	1
3641	0
3642	1
3643	0
3644	0
3645	1
3646	1
3647	1
3648	1
3649	1
3650	0
3651	0
3652	0
3653	0
3654	1
3655	0
3656	1
3657	0
3658	0
3659	1
3660	1
3661	0
3662	0
3663	0
3664	0
3665	0
3666	1
3667	1
3668	1
3669	0
3670	1
3671	1
3672	1
3673	0
3674	0
3675	0
3676	1
3677	0
3678	1
3679	0
3680	1
3681	0
3682	1
3683	0
3684	1
3685	0
3686	1
3687	0
3688	0
3689	0
3690	1
3691	0
3692	0
3693	0
3694	0
3695	0
3696	0
3697	1
3698	0
3699	0
3700	0
3701	1
3702	1
3703	0
3704	0
3705	1
3706	1
3707	0
3708	1
3709	1
3710	1
3711	0
3712	1
3713	0
3714	0
3715	0
3716	1
3717	0
3718	1
3719	0
3720	0
3721	1
3722	0
3723	0
3724	0
3725	1
3726	1
3727	1
3728	1
3729	1
3730	1
3731	0
3732	0
3733	1
3734	1
3735	0
3736	0
3737	0
3738	0
3739	1
3740	1
3741	0
3742	0
3743	1
3744	0
3745	1
3746	0
3747	0
3748	1
3749	0
3750	1
3751	1
3752	1
3753	0
3754	0
3755	1
3756	1
3757	1
3758	1
3759	1
3760	1
3761	1
3762	0
3763	0
3764	0
3765	0
3766	1
3767	0
3768	0
3769	1
3770	0
3771	1
3772	1
3773	0
3774	1
3775	0
3776	0
3777	0
3778	1
3779	1
3780	0
3781	1
3782	0
3783	0
3784	1
3785	0
3786	0
3787	1
3788	0
3789	0
3790	0
3791	0
3792	0
3793	0
3794	0
3795	0
3796	1
3797	0
3798	1
3799	0
3800	0
3801	0
3802	1
3803	0
3804	1
3805	0
3806	0
3807	0
3808	1
3809	0
3810	0
3811	0
3812	1
3813	0
3814	1
3815	0
3816	1
3817	1
3818	0
3819	1
3820	1
3821	0
3822	0
3823	0
3824	0
3825	1
3826	0
3827	0
3828	1
3829	0
3830	0
3831	0
3832	0
3833	1
3834	1
3835	1
3836	0
3837	0
3838	0
3839	0
3840	1
3841	0
3842	1
3843	0
3844	0
3845	0
3846	0
3847	1
3848	1
3849	1
3850	1
3851	0
3852	0
3853	1
3854	1
3855	1
3856	1
3857	1
3858	0
3859	0
3860	0
3861	1
3862	1
3863	1
3864	0
3865	1
3866	1
3867	0
3868	1
3869	1
3870	0
3871	1
3872	1
3873	0
3874	0
3875	0
3876	0
3877	0
3878	0
3879	1
3880	0
3881	0
3882	0
3883	0
3884	1
3885	1
3886	1
3887	0
3888	1
3889	0
3890	1
3891	1
3892	1
3893	0
3894	0
3895	0
3896	1
3897	1
3898	1
3899	0
3900	1
3901	0
3902	0
3903	0
3904	1
3905	0
3906	1
3907	1
3908	0
3909	0
3910	1
3911	1
3912	1
3913	0
3914	0
3915	0
3916	0
3917	1
3918	1
3919	0
3920	1
3921	0
3922	1
3923	0
3924	1
3925	0
3926	1
3927	1
3928	1
3929	0
3930	0
3931	0
3932	1
3933	1
3934	1
3935	0
3936	0
3937	1
3938	1
3939	1
3940	0
3941	1
3942	1
3943	1
3944	0
3945	0
3946	0
3947	1
3948	0
3949	0
3950	0
3951	0
3952	1
3953	1
3954	0
3955	1
3956	0
3957	0
3958	0
3959	0
3960	0
3961	1
3962	0
3963	1
3964	0
3965	0
3966	1
3967	0
3968	1
3969	1
3970	1
3971	0
3972	1
3973	0
3974	0
3975	1
3976	1
3977	1
3978	0
3979	0
3980	0
3981	0
3982	0
3983	0
3984	1
3985	0
3986	0
3987	0
3988	1
3989	1
3990	1
3991	1
3992	1
3993	0
3994	1
3995	0
3996	1
3997	1
3998	1
3999	1
4000	0
4001	1
4002	0
4003	1
4004	1
4005	1
4006	0
4007	1
4008	0
4009	0
4010	0
4011	0
4012	1
4013	0
4014	0
4015	0
4016	0
4017	0
4018	1
4019	0
4020	1
4021	1
4022	0
4023	0
4024	1
4025	0
4026	0
4027	1
4028	1
4029	0
4030	0
4031	0
4032	0
4033	1
4034	0
4035	0
4036	1
4037	1
4038	1
4039	1
4040	0
4041	0
4042	0
4043	0
4044	0
4045	0
4046	1
4047	1
4048	0
4049	1
4050	1
4051	1
4052	0
4053	1
4054	1
4055	1
4056	1
4057	0
4058	0
4059	0
4060	1
4061	0
4062	0
4063	1
4064	1
4065	0
4066	0
4067	0
4068	1
4069	1
4070	0
4071	1
4072	1
4073	0
4074	1
4075	0
4076	0
4077	0
4078	0
4079	0
4080	0
4081	1
4082	0
4083	1
4084	1
4085	0
4086	0
4087	0
4088	0
4089	0
4090	0
4091	0
4092	1
4093	0
4094	0
4095	0
4096	1
4097	0
4098	0
4099	1
4100	0
4101	0
4102	1
4103	0
4104	0
4105	0
4106	1
4107	0
4108	0
4109	1
4110	0
4111	1
4112	0
4113	0
4114	0
4115	0
4116	0
4117	1
4118	1
4119	0
4120	0
4121	1
4122	0
4123	1
4124	1
4125	1
4126	1
4127	1
4128	0
4129	1
4130	0
4131	0
4132	0
4133	0
4134	0
4135	0
4136	0
4137	0
4138	0
4139	0
4140	0
4141	0
4142	0
4143	0
4144	0
4145	0
4146	1
4147	0
4148	1
4149	0
4150	0
4151	0
4152	0
4153	0
4154	0
4155	1
4156	0
4157	1
4158	1
4159	0
4160	0
4161	1
4162	0
4163	1
4164	0
4165	1
4166	0
4167	1
4168	1
4169	0
4170	0
4171	0
4172	0
4173	0
4174	1
4175	0
4176	1
4177	0
4178	1
4179	1
4180	0
4181	0
4182	1
4183	1
4184	0
4185	1
4186	1
4187	0
4188	0
4189	0
4190	0
4191	0
4192	1
4193	1
4194	0
4195	0
4196	0
4197	1
4198	1
4199	1
4200	0
4201	1
4202	1
4203	0
4204	0
4205	0
4206	0
4207	0
4208	0
4209	0
4210	1
4211	0
4212	0
4213	1
4214	0
4215	0
4216	0
4217	1
4218	1
4219	0
4220	0
4221	0
4222	0
4223	1
4224	1
4225	1
4226	1
4227	0
4228	1
4229	0
4230	1
4231	1
4232	0
4233	0
4234	0
4235	0
4236	1
4237	0
4238	0
4239	1
4240	0
4241	0
4242	0
4243	1
4244	1
4245	1
4246	0
4247	0
4248	1
4249	1
4250	1
4251	1
4252	0
4253	1
4254	1
4255	0
4256	1
4257	1
4258	1
4259	1
4260	1
4261	0
4262	1
4263	1
4264	0
4265	1
4266	0
4267	0
4268	0
4269	1
4270	1
4271	0
4272	0
4273	1
4274	1
4275	0
4276	0
4277	0
4278	0
4279	1
4280	0
4281	0
4282	0
4283	0
4284	0
4285	1
4286	0
4287	1
4288	0
4289	1
4290	0
4291	0
4292	1
4293	0
4294	1
4295	0
4296	0
4297	0
4298	0
4299	0
4300	0
4301	0
4302	1
4303	1
4304	1
4305	1
4306	0
4307	1
4308	1
4309	0
4310	1
4311	1
4312	0
4313	0
4314	1
4315	0
4316	1
4317	0
4318	0
4319	0
4320	0
4321	0
4322	1
4323	1
4324	0
4325	0
4326	0
4327	0
4328	1
4329	1
4330	1
4331	0
4332	0
4333	0
4334	0
4335	1
4336	1
4337	1
4338	1
4339	1
4340	0
4341	0
4342	1
4343	0
4344	0
4345	0
4346	0
4347	0
4348	0
4349	0
4350	0
4351	0
4352	0
4353	0
4354	0
4355	0
4356	0
4357	0
4358	0
4359	0
4360	0
4361	0
4362	1
4363	1
4364	0
4365	1
4366	1
4367	1
4368	0
4369	1
4370	1
4371	1
4372	0
4373	1
4374	0
4375	0
4376	0
4377	0
4378	0
4379	1
4380	0
4381	0
4382	0
4383	0
4384	0
4385	1
4386	1
4387	1
4388	1
4389	1
4390	0
4391	0
4392	1
4393	1
4394	1
4395	0
4396	1
4397	0
4398	1
4399	0
4400	0
4401	1
4402	1
4403	0
4404	1
4405	1
4406	0
4407	0
4408	0
4409	1
4410	0
4411	0
4412	1
4413	0
4414	0
4415	0
4416	1
4417	0
4418	0
4419	1
4420	1
4421	0
4422	1
4423	1
4424	0
4425	1
4426	0
4427	1
4428	0
4429	0
4430	1
4431	0
4432	1
4433	1
4434	0
4435	1
4436	0
4437	1
4438	0
4439	0
4440	0
4441	1
4442	0
4443	0
4444	0
4445	1
4446	1
4447	1
4448	1
4449	0
4450	0
4451	0
4452	1
4453	1
4454	1
4455	0
4456	1
4457	1
4458	0
4459	1
4460	0
4461	0
4462	0
4463	0
4464	0
4465	0
4466	0
4467	0
4468	0
4469	1
4470	1
4471	0
4472	1
4473	0
4474	0
4475	1
4476	1
4477	0
4478	1
4479	1
4480	1
4481	0
4482	0
4483	1
4484	1
4485	0
4486	0
4487	0
4488	1
4489	0
4490	0
4491	1
4492	1
4493	0
4494	1
4495	0
4496	1
4497	0
4498	1
4499	0
4500	1
4501	1
4502	1
4503	0
4504	1
4505	0
4506	0
4507	1
4508	1
4509	1
4510	1
4511	0
4512	0
4513	1
4514	0
4515	0
4516	0
4517	0
4518	1
4519	1
4520	1
4521	0
4522	1
4523	0
4524	1
4525	0
4526	1
4527	0
4528	1
4529	0
4530	1
4531	0
4532	0
4533	1
4534	1
4535	0
4536	1
4537	0
4538	0
4539	0
4540	0
4541	0
4542	1
4543	0
4544	1
4545	1
4546	0
4547	1
4548	0
4549	1
4550	1
4551	0
4552	1
4553	1
4554	0
4555	1
4556	0
4557	0
4558	1
4559	1
4560	0
4561	1
4562	0
4563	1
4564	0
4565	1
4566	0
4567	1
4568	0
4569	0
4570	0
4571	1
4572	1
4573	1
4574	0
4575	0
4576	1
4577	1
4578	1
4579	0
4580	1
4581	0
4582	0
4583	1
4584	1
4585	0
4586	1
4587	1
4588	0
4589	0
4590	1
4591	1
4592	1
4593	0
4594	0
4595	0
4596	0
4597	0
4598	0
4599	1
4600	0
4601	0
4602	0
4603	0
4604	0
4605	0
4606	1
4607	0
4608	0
4609	0
4610	0
4611	1
4612	1
4613	0
4614	0
4615	0
4616	1
4617	0
4618	1
4619	0
4620	1
4621	1
4622	0
4623	0
4624	1
4625	0
4626	0
4627	0
4628	0
4629	0
4630	1
4631	0
4632	1
4633	0
4634	0
4635	0
4636	1
4637	0
4638	1
4639	0
4640	1
4641	1
4642	0
4643	1
4644	0
4645	0
4646	0
4647	0
4648	1
4649	1
4650	0
4651	0
4652	1
4653	0
4654	1
4655	0
4656	1
4657	0
4658	0
4659	0
4660	1
4661	0
4662	0
4663	0
4664	0
4665	1
4666	0
4667	0
4668	0
4669	0
4670	0
4671	0
4672	0
4673	0
4674	0
4675	0
4676	1
4677	0
4678	0
4679	1
4680	1
4681	0
4682	0
4683	0
4684	0
4685	0
4686	0
4687	1
4688	1
4689	1
4690	0
4691	1
4692	1
4693	0
4694	0
4695	0
4696	0
4697	0
4698	0
4699	0
4700	0
4701	1
4702	1
4703	0
4704	1
4705	0
4706	0
4707	0
4708	1
4709	0
4710	0
4711	0
4712	1
4713	0
4714	0
4715	0
4716	0
4717	0
4718	0
4719	1
4720	0
4721	0
4722	1
4723	0
4724	0
4725	0
4726	1
4727	1
4728	1
4729	1
4730	0
4731	0
4732	1
4733	0
4734	0
4735	0
4736	0
4737	0
4738	0
4739	0
4740	0
4741	1
4742	1
4743	1
4744	0
4745	1
4746	1
4747	0
4748	0
4749	1
4750	0
4751	1
4752	1
4753	1
4754	0
4755	0
4756	0
4757	0
4758	1
4759	1
4760	0
4761	1
4762	1
4763	0
4764	1
4765	0
4766	0
4767	0
4768	0
4769	0
4770	0
4771	0
4772	0
4773	0
4774	0
4775	1
4776	0
4777	1
4778	1
4779	0
4780	0
4781	1
4782	1
4783	1
4784	1
4785	1
4786	0
4787	0
4788	0
4789	1
4790	0
4791	0
4792	0
4793	0
4794	1
4795	0
4796	0
4797	0
4798	0
4799	0
4800	1
4801	0
4802	0
4803	1
4804	1
4805	1
4806	0
4807	0
4808	1
4809	0
4810	1
4811	1
4812	0
4813	0
4814	1
4815	1
4816	0
4817	1
4818	1
4819	1
4820	1
4821	0
4822	0
4823	1
4824	1
4825	0
4826	0
4827	0
4828	0
4829	0
4830	1
4831	0
4832	0
4833	1
4834	0
4835	0
4836	0
4837	0
4838	0
4839	1
4840	0
4841	0
4842	1
4843	0
4844	0
4845	1
4846	1
4847	1
4848	0
4849	0
4850	0
4851	0
4852	0
4853	0
4854	0
4855	1
4856	0
4857	1
4858	0
4859	0
4860	1
4861	1
4862	1
4863	0
4864	0
4865	1
4866	0
4867	1
4868	0
4869	1
4870	0
4871	0
4872	1
4873	0
4874	1
4875	0
4876	1
4877	1
4878	1
4879	1
4880	0
4881	0
4882	1
4883	0
4884	0
4885	1
4886	1
4887	0
4888	0
4889	0
4890	1
4891	1
4892	0
4893	0
4894	0
4895	0
4896	0
4897	0
4898	0
4899	0
4900	0
4901	1
4902	0
4903	1
4904	0
4905	0
4906	0
4907	0
4908	0
4909	1
4910	0
4911	0
4912	1
4913	1
4914	1
4915	1
4916	1
4917	0
4918	0
4919	0
4920	0
4921	1
4922	1
4923	1
4924	0
4925	0
4926	1
4927	0
4928	0
4929	0
4930	1
4931	0
4932	0
4933	0
4934	1
4935	0
4936	0
4937	1
4938	0
4939	1
4940	1
4941	0
4942	0
4943	1
4944	0
4945	0
4946	0
4947	0
4948	1
4949	0
4950	0
4951	0
4952	1
4953	0
4954	0
4955	0
4956	1
4957	0
4958	0
4959	1
4960	1
4961	1
4962	0
4963	0
4964	1
4965	0
4966	1
4967	1
4968	1
4969	0
4970	1
4971	0
4972	1
4973	0
4974	1
4975	1
4976	1
4977	1
4978	0
4979	1
4980	1
4981	1
4982	1
4983	0
4984	1
4985	1
4986	0
4987	0
4988	0
4989	0
4990	0
4991	0
4992	1
4993	1
4994	0
4995	0
4996	0
4997	0
4998	0
4999	1
