0	1 0 0
1	0 0 1
2	0 0 1
3	1 0 0
4	0 0 1
5	1 0 0
6	0 0 1
7	0 0 1
8	0 0 1
9	0 1 0
10	0 1 0
11	1 0 0
12	1 0 0
13	0 0 1
14	1 0 0
15	1 0 0
16	1 0 0
17	1 0 0
18	0 0 1
19	1 0 0
20	0 1 0
21	0 0 1
22	1 0 0
23	0 1 0
24	0 1 0
25	0 0 1
26	0 0 1
27	1 0 0
28	0 1 0
29	0 1 0
30	1 0 0
31	0 1 0
32	1 0 0
33	1 0 0
34	1 0 0
35	1 0 0
36	0 0 1
37	0 0 1
38	0 0 1
39	0 0 1
40	0 1 0
41	1 0 0
42	1 0 0
43	1 0 0
44	0 1 0
45	0 0 1
46	1 0 0
47	1 0 0
48	0 1 0
49	1 0 0
50	0 0 1
51	0 0 1
52	0 0 1
53	0 0 1
54	1 0 0
55	0 1 0
56	1 0 0
57	0 0 1
58	1 0 0
59	0 0 1
60	1 0 0
61	0 0 1
62	1 0 0
63	1 0 0
64	0 1 0
65	1 0 0
66	0 0 1
67	0 0 1
68	0 0 1
69	1 0 0
70	0 0 1
71	1 0 0
72	1 0 0
73	1 0 0
74	0 1 0
75	1 0 0
76	0 1 0
77	0 0 1
78	0 0 1
79	0 1 0
80	0 1 0
81	1 0 0
82	1 0 0
83	0 0 1
84	0 0 1
85	1 0 0
86	0 0 1
87	1 0 0
88	1 0 0
89	0 0 1
90	0 1 0
91	0 0 1
92	0 1 0
93	1 0 0
94	0 1 0
95	0 0 1
96	1 0 0
97	0 0 1
98	0 0 1
99	1 0 0
100	0 0 1
101	1 0 0
102	0 0 1
103	0 0 1
104	0 1 0
105	0 1 0
106	0 1 0
107	0 1 0
108	0 0 1
109	0 0 1
110	0 0 1
111	0 1 0
112	0 1 0
113	0 1 0
114	1 0 0
115	0 0 1
116	0 0 1
117	1 0 0
118	0 0 1
119	0 0 1
120	1 0 0
121	0 0 1
122	0 1 0
123	0 0 1
124	1 0 0
125	1 0 0
126	0 1 0
127	0 0 1
128	0 1 0
129	0 1 0
130	0 0 1
131	0 0 1
132	1 0 0
133	0 0 1
134	0 0 1
135	0 1 0
136	1 0 0
137	1 0 0
138	0 0 1
139	0 1 0
140	0 0 1
141	0 1 0
142	0 1 0
143	0 0 1
144	0 1 0
145	0 1 0
146	0 1 0
147	1 0 0
148	0 1 0
149	0 0 1
150	0 0 1
151	1 0 0
152	0 1 0
153	0 1 0
154	1 0 0
155	0 0 1
156	1 0 0
157	1 0 0
158	1 0 0
159	0 0 1
160	0 0 1
161	0 1 0
162	0 0 1
163	1 0 0
164	0 1 0
165	0 0 1
166	1 0 0
167	0 0 1
168	0 0 1
169	0 1 0
170	1 0 0
171	0 1 0
172	0 0 1
173	0 0 1
174	0 0 1
175	1 0 0
176	0 0 1
177	1 0 0
178	0 1 0
179	0 0 1
180	0 0 1
181	0 0 1
182	0 1 0
183	0 1 0
184	1 0 0
185	0 1 0
186	0 0 1
187	0 0 1
188	1 0 0
189	0 1 0
190	1 0 0
191	0 1 0
192	0 1 0
193	1 0 0
194	1 0 0
195	0 0 1
196	0 1 0
197	1 0 0
198	0 1 0
199	0 0 1
200	0 1 0
201	0 0 1
202	0 0 1
203	0 0 1
204	0 1 0
205	1 0 0
206	1 0 0
207	1 0 0
208	1 0 0
209	0 1 0
210	0 0 1
211	0 0 1
212	1 0 0
213	0 1 0
214	0 1 0
215	0 1 0
216	0 1 0
217	0 1 0
218	0 0 1
219	0 0 1
220	0 1 0
221	1 0 0
222	1 0 0
223	1 0 0
224	0 1 0
225	0 1 0
226	1 0 0
227	1 0 0
228	0 0 1
229	0 1 0
230	1 0 0
231	0 1 0
232	0 1 0
233	0 1 0
234	0 1 0
235	1 0 0
236	1 0 0
237	0 1 0
238	1 0 0
239	0 0 1
240	0 1 0
241	1 0 0
242	0 1 0
243	0 1 0
244	0 1 0
245	1 0 0
246	1 0 0
247	0 0 1
248	1 0 0
249	1 0 0
250	0 1 0
251	0 1 0
252	0 1 0
253	0 0 1
254	0 1 0
255	1 0 0
256	0 0 1
257	0 0 1
258	0 0 1
259	0 1 0
260	0 1 0
261	0 1 0
262	1 0 0
263	0 1 0
264	0 0 1
265	0 1 0
266	0 0 1
267	1 0 0
268	0 0 1
269	0 1 0
270	1 0 0
271	0 0 1
272	0 1 0
273	0 0 1
274	0 1 0
275	1 0 0
276	0 1 0
277	0 0 1
278	0 1 0
279	0 0 1
280	0 0 1
281	1 0 0
282	1 0 0
283	1 0 0
284	0 0 1
285	1 0 0
286	0 1 0
287	0 1 0
288	0 1 0
289	1 0 0
290	1 0 0
291	0 0 1
292	0 0 1
293	0 1 0
294	0 1 0
295	0 1 0
296	1 0 0
297	0 1 0
298	0 0 1
299	0 0 1
300	0 1 0
301	0 0 1
302	0 1 0
303	0 1 0
304	0 0 1
305	0 0 1
306	1 0 0
307	0 1 0
308	0 0 1
309	0 1 0
310	0 1 0
311	0 1 0
312	0 1 0
313	0 0 1
314	1 0 0
315	0 1 0
316	0 1 0
317	0 0 1
318	0 1 0
319	1 0 0
320	0 0 1
321	1 0 0
322	1 0 0
323	0 1 0
324	0 1 0
325	0 1 0
326	0 1 0
327	0 1 0
328	1 0 0
329	1 0 0
330	0 1 0
331	0 1 0
332	0 0 1
333	1 0 0
334	0 1 0
335	0 0 1
336	1 0 0
337	0 0 1
338	0 1 0
339	0 1 0
340	1 0 0
341	0 1 0
342	0 1 0
343	1 0 0
344	0 0 1
345	0 0 1
346	0 0 1
347	1 0 0
348	1 0 0
349	0 0 1
350	0 1 0
351	1 0 0
352	0 0 1
353	0 1 0
354	0 0 1
355	0 0 1
356	0 0 1
357	0 1 0
358	0 0 1
359	1 0 0
360	0 0 1
361	0 1 0
362	0 0 1
363	1 0 0
364	0 0 1
365	1 0 0
366	0 0 1
367	1 0 0
368	1 0 0
369	0 0 1
370	0 1 0
371	0 0 1
372	0 0 1
373	0 1 0
374	1 0 0
375	0 1 0
376	0 0 1
377	1 0 0
378	0 1 0
379	0 0 1
380	1 0 0
381	1 0 0
382	0 1 0
383	0 0 1
384	0 1 0
385	0 1 0
386	0 1 0
387	0 0 1
388	0 1 0
389	1 0 0
390	0 1 0
391	0 0 1
392	1 0 0
393	1 0 0
394	0 0 1
395	1 0 0
396	0 1 0
397	0 1 0
398	0 1 0
399	0 0 1
400	0 1 0
401	0 1 0
402	0 1 0
403	0 0 1
404	0 0 1
405	0 1 0
406	0 0 1
407	0 1 0
408	0 1 0
409	0 1 0
410	0 1 0
411	0 1 0
412	0 0 1
413	0 0 1
414	0 0 1
415	0 0 1
416	0 0 1
417	0 0 1
418	0 0 1
419	1 0 0
420	0 0 1
421	0 0 1
422	0 0 1
423	1 0 0
424	0 0 1
425	1 0 0
426	0 0 1
427	1 0 0
428	0 1 0
429	0 0 1
430	0 0 1
431	1 0 0
432	1 0 0
433	0 0 1
434	1 0 0
435	1 0 0
436	0 0 1
437	0 0 1
438	0 0 1
439	0 0 1
440	1 0 0
441	0 1 0
442	0 1 0
443	1 0 0
444	1 0 0
445	0 1 0
446	0 0 1
447	1 0 0
448	0 1 0
449	1 0 0
450	0 1 0
451	0 1 0
452	1 0 0
453	0 1 0
454	0 0 1
455	0 0 1
456	0 0 1
457	1 0 0
458	0 0 1
459	0 1 0
460	1 0 0
461	0 0 1
462	0 0 1
463	1 0 0
464	1 0 0
465	1 0 0
466	1 0 0
467	1 0 0
468	0 1 0
469	1 0 0
470	0 0 1
471	0 0 1
472	1 0 0
473	0 1 0
474	0 0 1
475	1 0 0
476	0 1 0
477	0 0 1
478	0 0 1
479	0 1 0
480	0 0 1
481	1 0 0
482	0 0 1
483	0 1 0
484	1 0 0
485	0 1 0
486	0 0 1
487	0 1 0
488	0 1 0
489	0 0 1
490	0 1 0
491	0 1 0
492	0 1 0
493	0 0 1
494	0 0 1
495	0 0 1
496	0 0 1
497	1 0 0
498	1 0 0
499	1 0 0
500	1 0 0
501	0 0 1
502	0 1 0
503	0 1 0
504	0 0 1
505	1 0 0
506	0 0 1
507	1 0 0
508	1 0 0
509	1 0 0
510	1 0 0
511	1 0 0
512	0 0 1
513	0 0 1
514	0 0 1
515	0 1 0
516	0 0 1
517	0 0 1
518	1 0 0
519	0 0 1
520	0 1 0
521	1 0 0
522	0 0 1
523	1 0 0
524	1 0 0
525	0 1 0
526	0 1 0
527	1 0 0
528	0 1 0
529	1 0 0
530	0 0 1
531	0 0 1
532	0 1 0
533	0 1 0
534	0 1 0
535	0 0 1
536	0 0 1
537	0 1 0
538	1 0 0
539	0 1 0
540	0 1 0
541	0 0 1
542	0 0 1
543	1 0 0
544	0 0 1
545	0 0 1
546	0 0 1
547	1 0 0
548	0 1 0
549	1 0 0
550	1 0 0
551	0 1 0
552	0 1 0
553	0 0 1
554	0 0 1
555	1 0 0
556	1 0 0
557	1 0 0
558	1 0 0
559	0 1 0
560	0 0 1
561	0 1 0
562	0 0 1
563	0 1 0
564	1 0 0
565	0 1 0
566	0 0 1
567	0 0 1
568	0 0 1
569	1 0 0
570	1 0 0
571	1 0 0
572	0 1 0
573	0 0 1
574	0 1 0
575	0 0 1
576	0 0 1
577	0 1 0
578	0 0 1
579	1 0 0
580	0 0 1
581	1 0 0
582	0 0 1
583	0 0 1
584	0 0 1
585	0 1 0
586	0 1 0
587	0 0 1
588	0 1 0
589	0 1 0
590	0 0 1
591	0 1 0
592	0 0 1
593	1 0 0
594	0 1 0
595	0 1 0
596	0 1 0
597	0 0 1
598	0 1 0
599	0 1 0
600	0 0 1
601	0 0 1
602	0 1 0
603	0 1 0
604	0 1 0
605	1 0 0
606	1 0 0
607	0 0 1
608	0 1 0
609	0 1 0
610	0 1 0
611	0 1 0
612	0 1 0
613	0 1 0
614	1 0 0
615	0 1 0
616	0 1 0
617	0 1 0
618	1 0 0
619	0 0 1
620	1 0 0
621	0 0 1
622	0 0 1
623	1 0 0
624	1 0 0
625	1 0 0
626	1 0 0
627	0 0 1
628	0 1 0
629	0 1 0
630	0 0 1
631	0 0 1
632	1 0 0
633	0 1 0
634	0 1 0
635	0 1 0
636	0 0 1
637	0 0 1
638	0 1 0
639	0 0 1
640	0 1 0
641	0 1 0
642	0 0 1
643	0 0 1
644	0 0 1
645	0 1 0
646	1 0 0
647	0 1 0
648	0 0 1
649	1 0 0
650	0 1 0
651	0 0 1
652	0 1 0
653	1 0 0
654	1 0 0
655	0 1 0
656	0 0 1
657	0 1 0
658	0 0 1
659	0 0 1
660	1 0 0
661	0 0 1
662	0 1 0
663	0 1 0
664	1 0 0
665	1 0 0
666	0 0 1
667	0 0 1
668	0 1 0
669	0 0 1
670	1 0 0
671	0 0 1
672	1 0 0
673	0 1 0
674	0 1 0
675	1 0 0
676	1 0 0
677	0 1 0
678	0 1 0
679	0 0 1
680	0 1 0
681	1 0 0
682	0 0 1
683	0 0 1
684	0 0 1
685	0 0 1
686	1 0 0
687	1 0 0
688	0 0 1
689	0 1 0
690	1 0 0
691	0 1 0
692	0 0 1
693	0 1 0
694	0 1 0
695	0 1 0
696	1 0 0
697	0 1 0
698	0 1 0
699	0 0 1
700	1 0 0
701	1 0 0
702	0 1 0
703	0 0 1
704	1 0 0
705	1 0 0
706	1 0 0
707	0 1 0
708	1 0 0
709	0 1 0
710	1 0 0
711	1 0 0
712	0 1 0
713	0 0 1
714	0 1 0
715	0 1 0
716	1 0 0
717	1 0 0
718	1 0 0
719	0 1 0
720	1 0 0
721	0 1 0
722	0 0 1
723	0 1 0
724	0 1 0
725	0 0 1
726	1 0 0
727	1 0 0
728	0 0 1
729	0 0 1
730	0 0 1
731	0 0 1
732	0 1 0
733	0 0 1
734	1 0 0
735	1 0 0
736	1 0 0
737	0 1 0
738	0 1 0
739	1 0 0
740	0 0 1
741	0 0 1
742	1 0 0
743	0 1 0
744	0 1 0
745	1 0 0
746	0 0 1
747	0 0 1
748	1 0 0
749	0 1 0
750	1 0 0
751	0 0 1
752	0 1 0
753	0 1 0
754	1 0 0
755	0 1 0
756	0 0 1
757	1 0 0
758	0 1 0
759	1 0 0
760	0 0 1
761	0 0 1
762	1 0 0
763	0 0 1
764	0 0 1
765	0 0 1
766	0 1 0
767	1 0 0
768	1 0 0
769	0 0 1
770	0 1 0
771	0 1 0
772	1 0 0
773	0 1 0
774	1 0 0
775	1 0 0
776	0 0 1
777	1 0 0
778	0 0 1
779	0 1 0
780	0 1 0
781	0 1 0
782	0 1 0
783	0 0 1
784	1 0 0
785	1 0 0
786	0 1 0
787	1 0 0
788	0 1 0
789	1 0 0
790	1 0 0
791	1 0 0
792	0 0 1
793	0 1 0
794	1 0 0
795	1 0 0
796	0 1 0
797	0 1 0
798	0 0 1
799	0 1 0
800	0 1 0
801	0 0 1
802	0 1 0
803	1 0 0
804	0 0 1
805	1 0 0
806	0 0 1
807	0 0 1
808	0 0 1
809	1 0 0
810	1 0 0
811	0 1 0
812	1 0 0
813	0 1 0
814	1 0 0
815	0 0 1
816	0 1 0
817	0 0 1
818	0 1 0
819	1 0 0
820	1 0 0
821	1 0 0
822	0 0 1
823	0 0 1
824	0 0 1
825	0 0 1
826	0 1 0
827	0 0 1
828	0 0 1
829	1 0 0
830	1 0 0
831	0 0 1
832	0 1 0
833	0 1 0
834	0 1 0
835	0 1 0
836	0 0 1
837	0 0 1
838	0 1 0
839	1 0 0
840	0 0 1
841	1 0 0
842	0 0 1
843	0 1 0
844	0 1 0
845	0 1 0
846	1 0 0
847	1 0 0
848	1 0 0
849	0 1 0
850	0 1 0
851	1 0 0
852	1 0 0
853	1 0 0
854	1 0 0
855	1 0 0
856	0 0 1
857	0 1 0
858	0 0 1
859	0 1 0
860	1 0 0
861	0 0 1
862	1 0 0
863	0 1 0
864	1 0 0
865	0 1 0
866	0 0 1
867	0 0 1
868	0 1 0
869	0 1 0
870	0 0 1
871	0 0 1
872	0 1 0
873	1 0 0
874	1 0 0
875	0 0 1
876	0 1 0
877	0 1 0
878	0 0 1
879	1 0 0
880	0 1 0
881	1 0 0
882	0 0 1
883	1 0 0
884	0 0 1
885	1 0 0
886	0 1 0
887	1 0 0
888	0 1 0
889	1 0 0
890	0 0 1
891	1 0 0
892	0 1 0
893	0 0 1
894	0 1 0
895	1 0 0
896	0 0 1
897	0 0 1
898	0 0 1
899	0 1 0
900	0 0 1
901	0 0 1
902	1 0 0
903	1 0 0
904	0 1 0
905	0 1 0
906	0 0 1
907	0 1 0
908	0 0 1
909	1 0 0
910	0 0 1
911	1 0 0
912	0 1 0
913	0 0 1
914	0 0 1
915	0 1 0
916	1 0 0
917	1 0 0
918	1 0 0
919	0 1 0
920	0 1 0
921	0 0 1
922	0 0 1
923	0 1 0
924	0 1 0
925	0 1 0
926	1 0 0
927	1 0 0
928	0 1 0
929	0 0 1
930	0 0 1
931	0 0 1
932	1 0 0
933	1 0 0
934	0 0 1
935	0 1 0
936	0 0 1
937	0 0 1
938	0 1 0
939	0 0 1
940	1 0 0
941	1 0 0
942	0 0 1
943	0 0 1
944	0 1 0
945	1 0 0
946	0 1 0
947	1 0 0
948	0 0 1
949	0 0 1
950	1 0 0
951	0 1 0
952	0 1 0
953	0 1 0
954	1 0 0
955	0 1 0
956	1 0 0
957	1 0 0
958	0 1 0
959	1 0 0
960	0 0 1
961	0 1 0
962	0 1 0
963	0 1 0
964	0 1 0
965	1 0 0
966	0 1 0
967	0 0 1
968	1 0 0
969	0 0 1
970	1 0 0
971	0 1 0
972	1 0 0
973	1 0 0
974	1 0 0
975	1 0 0
976	1 0 0
977	0 0 1
978	0 1 0
979	1 0 0
980	0 1 0
981	1 0 0
982	1 0 0
983	1 0 0
984	0 1 0
985	0 1 0
986	1 0 0
987	0 1 0
988	1 0 0
989	1 0 0
990	1 0 0
991	0 0 1
992	0 1 0
993	0 0 1
994	0 0 1
995	0 0 1
996	0 0 1
997	0 1 0
998	0 0 1
999	0 0 1
1000	0 0 1
1001	1 0 0
1002	0 1 0
1003	1 0 0
1004	0 1 0
1005	0 0 1
1006	0 1 0
1007	0 0 1
1008	0 1 0
1009	0 0 1
1010	0 0 1
1011	0 0 1
1012	1 0 0
1013	0 1 0
1014	0 1 0
1015	0 0 1
1016	1 0 0
1017	0 0 1
1018	0 1 0
1019	0 0 1
1020	0 0 1
1021	0 0 1
1022	1 0 0
1023	1 0 0
1024	1 0 0
1025	0 1 0
1026	1 0 0
1027	1 0 0
1028	0 0 1
1029	0 0 1
1030	0 0 1
1031	1 0 0
1032	1 0 0
1033	0 0 1
1034	0 1 0
1035	1 0 0
1036	0 1 0
1037	1 0 0
1038	0 1 0
1039	0 0 1
1040	1 0 0
1041	0 0 1
1042	0 1 0
1043	0 1 0
1044	0 0 1
1045	1 0 0
1046	0 0 1
1047	0 1 0
1048	0 1 0
1049	0 0 1
1050	1 0 0
1051	1 0 0
1052	0 0 1
1053	0 1 0
1054	1 0 0
1055	0 1 0
1056	1 0 0
1057	0 0 1
1058	0 0 1
1059	1 0 0
1060	0 1 0
1061	1 0 0
1062	1 0 0
1063	0 1 0
1064	1 0 0
1065	0 0 1
1066	1 0 0
1067	0 1 0
1068	1 0 0
1069	0 1 0
1070	0 1 0
1071	0 0 1
1072	0 0 1
1073	1 0 0
1074	1 0 0
1075	0 0 1
1076	0 1 0
1077	0 0 1
1078	0 0 1
1079	0 0 1
1080	1 0 0
1081	1 0 0
1082	1 0 0
1083	0 0 1
1084	0 0 1
1085	1 0 0
1086	0 1 0
1087	0 1 0
1088	0 1 0
1089	0 1 0
1090	0 0 1
1091	1 0 0
1092	0 1 0
1093	1 0 0
1094	0 1 0
1095	0 1 0
1096	0 0 1
1097	0 1 0
1098	0 0 1
1099	1 0 0
1100	1 0 0
1101	1 0 0
1102	0 1 0
1103	0 1 0
1104	1 0 0
1105	1 0 0
1106	0 0 1
1107	0 1 0
1108	1 0 0
1109	1 0 0
1110	0 1 0
1111	0 0 1
1112	0 1 0
1113	1 0 0
1114	1 0 0
1115	0 0 1
1116	1 0 0
1117	1 0 0
1118	0 0 1
1119	1 0 0
1120	0 1 0
1121	0 0 1
1122	0 0 1
1123	1 0 0
1124	0 0 1
1125	0 1 0
1126	0 0 1
1127	0 1 0
1128	0 0 1
1129	0 1 0
1130	0 0 1
1131	1 0 0
1132	0 0 1
1133	1 0 0
1134	0 1 0
1135	1 0 0
1136	0 0 1
1137	0 0 1
1138	0 1 0
1139	1 0 0
1140	1 0 0
1141	1 0 0
1142	0 1 0
1143	1 0 0
1144	1 0 0
1145	1 0 0
1146	0 0 1
1147	0 0 1
1148	0 0 1
1149	0 1 0
1150	0 1 0
1151	1 0 0
1152	0 0 1
1153	1 0 0
1154	1 0 0
1155	0 0 1
1156	1 0 0
1157	0 0 1
1158	0 1 0
1159	1 0 0
1160	1 0 0
1161	0 0 1
1162	0 1 0
1163	0 0 1
1164	1 0 0
1165	0 0 1
1166	0 0 1
1167	0 0 1
1168	1 0 0
1169	1 0 0
1170	1 0 0
1171	0 0 1
1172	1 0 0
1173	0 0 1
1174	1 0 0
1175	1 0 0
1176	0 1 0
1177	0 1 0
1178	0 1 0
1179	0 1 0
1180	1 0 0
1181	1 0 0
1182	0 1 0
1183	1 0 0
1184	0 0 1
1185	0 1 0
1186	1 0 0
1187	1 0 0
1188	0 1 0
1189	0 0 1
1190	0 1 0
1191	1 0 0
1192	1 0 0
1193	0 1 0
1194	1 0 0
1195	0 0 1
1196	0 1 0
1197	0 1 0
1198	1 0 0
1199	0 0 1
1200	1 0 0
1201	0 1 0
1202	0 0 1
1203	0 0 1
1204	0 0 1
1205	0 0 1
1206	1 0 0
1207	0 0 1
1208	1 0 0
1209	0 0 1
1210	1 0 0
1211	0 1 0
1212	0 0 1
1213	0 0 1
1214	0 1 0
1215	0 1 0
1216	1 0 0
1217	1 0 0
1218	0 1 0
1219	0 0 1
1220	1 0 0
1221	0 0 1
1222	0 0 1
1223	0 0 1
1224	0 0 1
1225	0 0 1
1226	1 0 0
1227	1 0 0
1228	0 1 0
1229	1 0 0
1230	1 0 0
1231	1 0 0
1232	0 1 0
1233	0 1 0
1234	1 0 0
1235	0 0 1
1236	1 0 0
1237	0 0 1
1238	0 1 0
1239	0 1 0
1240	0 0 1
1241	0 1 0
1242	0 1 0
1243	1 0 0
1244	0 0 1
1245	0 0 1
1246	1 0 0
1247	0 1 0
1248	0 1 0
1249	0 1 0
1250	0 0 1
1251	1 0 0
1252	0 0 1
1253	1 0 0
1254	1 0 0
1255	0 1 0
1256	0 0 1
1257	0 1 0
1258	0 0 1
1259	0 0 1
1260	1 0 0
1261	0 1 0
1262	1 0 0
1263	1 0 0
1264	0 0 1
1265	1 0 0
1266	0 0 1
1267	0 0 1
1268	1 0 0
1269	0 1 0
1270	1 0 0
1271	0 1 0
1272	0 1 0
1273	0 1 0
1274	1 0 0
1275	1 0 0
1276	0 0 1
1277	1 0 0
1278	0 0 1
1279	1 0 0
1280	0 0 1
1281	0 1 0
1282	0 0 1
1283	0 1 0
1284	0 1 0
1285	0 0 1
1286	0 1 0
1287	1 0 0
1288	0 1 0
1289	0 1 0
1290	0 1 0
1291	0 0 1
1292	0 0 1
1293	1 0 0
1294	0 1 0
1295	1 0 0
1296	1 0 0
1297	0 0 1
1298	1 0 0
1299	1 0 0
1300	1 0 0
1301	0 0 1
1302	0 1 0
1303	1 0 0
1304	1 0 0
1305	1 0 0
1306	0 1 0
1307	0 0 1
1308	1 0 0
1309	0 1 0
1310	1 0 0
1311	1 0 0
1312	0 0 1
1313	0 1 0
1314	0 0 1
1315	0 1 0
1316	0 0 1
1317	0 1 0
1318	1 0 0
1319	0 1 0
1320	0 1 0
1321	0 1 0
1322	0 1 0
1323	1 0 0
1324	0 0 1
1325	0 0 1
1326	1 0 0
1327	0 0 1
1328	0 1 0
1329	1 0 0
1330	1 0 0
1331	0 1 0
1332	0 0 1
1333	1 0 0
1334	0 0 1
1335	0 0 1
1336	0 0 1
1337	0 1 0
1338	1 0 0
1339	1 0 0
1340	0 0 1
1341	1 0 0
1342	0 0 1
1343	0 1 0
1344	0 0 1
1345	1 0 0
1346	0 1 0
1347	0 0 1
1348	1 0 0
1349	0 1 0
1350	1 0 0
1351	0 1 0
1352	0 0 1
1353	0 1 0
1354	0 0 1
1355	0 1 0
1356	1 0 0
1357	0 1 0
1358	0 0 1
1359	1 0 0
1360	0 1 0
1361	0 0 1
1362	0 1 0
1363	1 0 0
1364	1 0 0
1365	1 0 0
1366	0 0 1
1367	0 1 0
1368	0 1 0
1369	1 0 0
1370	0 0 1
1371	0 1 0
1372	0 0 1
1373	0 0 1
1374	1 0 0
1375	0 0 1
1376	0 1 0
1377	0 0 1
1378	0 1 0
1379	1 0 0
1380	0 0 1
1381	1 0 0
1382	0 1 0
1383	0 1 0
1384	1 0 0
1385	1 0 0
1386	0 0 1
1387	1 0 0
1388	0 1 0
1389	0 0 1
1390	0 0 1
1391	1 0 0
1392	0 1 0
1393	0 1 0
1394	0 1 0
1395	1 0 0
1396	1 0 0
1397	0 0 1
1398	0 1 0
1399	0 1 0
1400	0 0 1
1401	1 0 0
1402	1 0 0
1403	0 0 1
1404	0 1 0
1405	0 0 1
1406	1 0 0
1407	1 0 0
1408	1 0 0
1409	0 0 1
1410	1 0 0
1411	0 0 1
1412	0 0 1
1413	0 1 0
1414	1 0 0
1415	1 0 0
1416	0 0 1
1417	1 0 0
1418	0 0 1
1419	1 0 0
1420	0 0 1
1421	0 1 0
1422	1 0 0
1423	1 0 0
1424	0 0 1
1425	0 0 1
1426	0 1 0
1427	0 1 0
1428	0 1 0
1429	1 0 0
1430	1 0 0
1431	1 0 0
1432	0 1 0
1433	0 0 1
1434	0 0 1
1435	0 0 1
1436	0 1 0
1437	0 0 1
1438	1 0 0
1439	0 1 0
1440	1 0 0
1441	0 0 1
1442	0 1 0
1443	0 0 1
1444	0 1 0
1445	0 1 0
1446	1 0 0
1447	0 0 1
1448	1 0 0
1449	0 0 1
1450	0 0 1
1451	1 0 0
1452	1 0 0
1453	0 1 0
1454	1 0 0
1455	0 1 0
1456	0 1 0
1457	1 0 0
1458	0 0 1
1459	0 0 1
1460	0 1 0
1461	1 0 0
1462	0 0 1
1463	0 1 0
1464	0 1 0
1465	0 0 1
1466	0 1 0
1467	0 0 1
1468	0 0 1
1469	0 0 1
1470	0 0 1
1471	0 1 0
1472	0 1 0
1473	0 1 0
1474	0 1 0
1475	1 0 0
1476	0 1 0
1477	0 1 0
1478	0 0 1
1479	1 0 0
1480	1 0 0
1481	0 0 1
1482	0 1 0
1483	0 1 0
1484	0 0 1
1485	0 1 0
1486	0 0 1
1487	0 1 0
1488	0 0 1
1489	1 0 0
1490	0 0 1
1491	1 0 0
1492	0 0 1
1493	1 0 0
1494	0 0 1
1495	0 0 1
1496	0 0 1
1497	1 0 0
1498	0 0 1
1499	0 1 0
1500	0 0 1
1501	1 0 0
1502	0 0 1
1503	0 1 0
1504	1 0 0
1505	0 0 1
1506	0 1 0
1507	0 1 0
1508	0 1 0
1509	1 0 0
1510	0 0 1
1511	1 0 0
1512	0 0 1
1513	0 1 0
1514	1 0 0
1515	0 0 1
1516	0 1 0
1517	1 0 0
1518	0 1 0
1519	0 1 0
1520	0 0 1
1521	0 0 1
1522	0 1 0
1523	0 0 1
1524	0 0 1
1525	0 1 0
1526	1 0 0
1527	0 0 1
1528	0 0 1
1529	0 0 1
1530	1 0 0
1531	0 0 1
1532	0 1 0
1533	1 0 0
1534	1 0 0
1535	0 0 1
1536	0 1 0
1537	0 1 0
1538	1 0 0
1539	1 0 0
1540	0 0 1
1541	1 0 0
1542	0 0 1
1543	1 0 0
1544	1 0 0
1545	1 0 0
1546	0 1 0
1547	0 0 1
1548	0 1 0
1549	1 0 0
1550	0 1 0
1551	1 0 0
1552	0 0 1
1553	1 0 0
1554	0 1 0
1555	0 0 1
1556	0 0 1
1557	0 1 0
1558	0 1 0
1559	0 1 0
1560	1 0 0
1561	1 0 0
1562	1 0 0
1563	0 0 1
1564	0 1 0
1565	0 0 1
1566	0 0 1
1567	1 0 0
1568	0 1 0
1569	0 1 0
1570	1 0 0
1571	1 0 0
1572	1 0 0
1573	0 0 1
1574	1 0 0
1575	0 1 0
1576	0 1 0
1577	1 0 0
1578	1 0 0
1579	1 0 0
1580	0 1 0
1581	0 1 0
1582	0 1 0
1583	0 1 0
1584	1 0 0
1585	1 0 0
1586	0 0 1
1587	0 0 1
1588	1 0 0
1589	0 1 0
1590	1 0 0
1591	0 1 0
1592	0 1 0
1593	0 0 1
1594	1 0 0
1595	0 1 0
1596	1 0 0
1597	1 0 0
1598	0 1 0
1599	0 1 0
1600	0 0 1
1601	0 0 1
1602	1 0 0
1603	0 0 1
1604	0 1 0
1605	1 0 0
1606	0 0 1
1607	0 1 0
1608	0 1 0
1609	0 1 0
1610	0 1 0
1611	0 0 1
1612	1 0 0
1613	0 0 1
1614	0 1 0
1615	1 0 0
1616	0 1 0
1617	0 1 0
1618	0 1 0
1619	0 0 1
1620	0 1 0
1621	1 0 0
1622	0 0 1
1623	0 1 0
1624	1 0 0
1625	1 0 0
1626	0 1 0
1627	1 0 0
1628	0 1 0
1629	1 0 0
1630	1 0 0
1631	0 1 0
1632	0 1 0
1633	0 1 0
1634	0 0 1
1635	1 0 0
1636	0 0 1
1637	0 1 0
1638	0 1 0
1639	0 1 0
1640	1 0 0
1641	0 1 0
1642	1 0 0
1643	0 0 1
1644	0 0 1
1645	1 0 0
1646	0 1 0
1647	1 0 0
1648	0 1 0
1649	0 0 1
1650	1 0 0
1651	0 0 1
1652	0 0 1
1653	0 0 1
1654	0 0 1
1655	0 0 1
1656	0 1 0
1657	0 1 0
1658	1 0 0
1659	0 0 1
1660	0 1 0
1661	0 0 1
1662	1 0 0
1663	0 0 1
1664	0 1 0
1665	0 1 0
1666	1 0 0
1667	0 1 0
1668	1 0 0
1669	1 0 0
1670	1 0 0
1671	0 1 0
1672	0 1 0
1673	0 0 1
1674	0 1 0
1675	0 1 0
1676	1 0 0
1677	1 0 0
1678	0 0 1
1679	1 0 0
1680	0 1 0
1681	0 1 0
1682	1 0 0
1683	0 1 0
1684	0 0 1
1685	0 0 1
1686	0 1 0
1687	1 0 0
1688	0 0 1
1689	0 1 0
1690	0 0 1
1691	0 0 1
1692	0 1 0
1693	1 0 0
1694	0 1 0
1695	0 0 1
1696	0 1 0
1697	1 0 0
1698	1 0 0
1699	0 1 0
1700	0 1 0
1701	1 0 0
1702	0 1 0
1703	0 1 0
1704	0 1 0
1705	1 0 0
1706	0 1 0
1707	0 1 0
1708	0 1 0
1709	0 1 0
1710	0 0 1
1711	1 0 0
1712	1 0 0
1713	0 0 1
1714	0 0 1
1715	0 1 0
1716	0 1 0
1717	0 1 0
1718	0 1 0
1719	0 0 1
1720	0 1 0
1721	1 0 0
1722	0 0 1
1723	0 1 0
1724	1 0 0
1725	0 0 1
1726	0 1 0
1727	1 0 0
1728	0 1 0
1729	0 0 1
1730	0 1 0
1731	0 1 0
1732	0 1 0
1733	0 1 0
1734	0 0 1
1735	0 0 1
1736	1 0 0
1737	0 0 1
1738	0 0 1
1739	0 1 0
1740	0 1 0
1741	0 0 1
1742	0 0 1
1743	1 0 0
1744	0 0 1
1745	0 0 1
1746	0 1 0
1747	1 0 0
1748	0 1 0
1749	0 0 1
1750	1 0 0
1751	1 0 0
1752	0 1 0
1753	1 0 0
1754	1 0 0
1755	0 1 0
1756	0 1 0
1757	0 0 1
1758	1 0 0
1759	0 1 0
1760	1 0 0
1761	1 0 0
1762	0 0 1
1763	0 1 0
1764	0 1 0
1765	0 0 1
1766	0 1 0
1767	1 0 0
1768	1 0 0
1769	0 1 0
1770	0 0 1
1771	1 0 0
1772	0 1 0
1773	0 1 0
1774	0 1 0
1775	0 0 1
1776	0 1 0
1777	0 1 0
1778	1 0 0
1779	0 1 0
1780	0 1 0
1781	0 0 1
1782	0 1 0
1783	0 0 1
1784	0 1 0
1785	1 0 0
1786	0 1 0
1787	1 0 0
1788	0 0 1
1789	0 1 0
1790	1 0 0
1791	0 1 0
1792	0 1 0
1793	1 0 0
1794	1 0 0
1795	0 1 0
1796	0 1 0
1797	0 1 0
1798	0 0 1
1799	0 0 1
1800	0 1 0
1801	0 0 1
1802	0 1 0
1803	0 1 0
1804	0 1 0
1805	0 0 1
1806	0 0 1
1807	1 0 0
1808	0 1 0
1809	1 0 0
1810	0 1 0
1811	0 1 0
1812	1 0 0
1813	1 0 0
1814	1 0 0
1815	0 0 1
1816	1 0 0
1817	0 1 0
1818	1 0 0
1819	0 1 0
1820	1 0 0
1821	0 0 1
1822	0 0 1
1823	1 0 0
1824	0 1 0
1825	0 1 0
1826	0 1 0
1827	0 1 0
1828	0 1 0
1829	1 0 0
1830	1 0 0
1831	0 1 0
1832	0 1 0
1833	1 0 0
1834	0 1 0
1835	0 0 1
1836	0 0 1
1837	1 0 0
1838	0 0 1
1839	0 0 1
1840	0 0 1
1841	0 0 1
1842	0 0 1
1843	0 1 0
1844	1 0 0
1845	0 1 0
1846	0 1 0
1847	0 0 1
1848	1 0 0
1849	0 0 1
1850	1 0 0
1851	0 1 0
1852	0 1 0
1853	0 0 1
1854	0 0 1
1855	0 1 0
1856	0 1 0
1857	0 1 0
1858	0 0 1
1859	1 0 0
1860	0 0 1
1861	1 0 0
1862	0 0 1
1863	0 0 1
1864	1 0 0
1865	1 0 0
1866	0 0 1
1867	0 0 1
1868	0 1 0
1869	0 0 1
1870	0 1 0
1871	0 1 0
1872	0 1 0
1873	0 1 0
1874	0 1 0
1875	0 0 1
1876	1 0 0
1877	1 0 0
1878	0 1 0
1879	1 0 0
1880	0 0 1
1881	0 1 0
1882	0 0 1
1883	1 0 0
1884	0 1 0
1885	0 1 0
1886	0 0 1
1887	0 1 0
1888	1 0 0
1889	0 0 1
1890	0 0 1
1891	0 1 0
1892	0 1 0
1893	0 0 1
1894	0 0 1
1895	1 0 0
1896	0 0 1
1897	0 0 1
1898	0 0 1
1899	0 0 1
1900	0 1 0
1901	1 0 0
1902	1 0 0
1903	1 0 0
1904	0 1 0
1905	1 0 0
1906	0 0 1
1907	0 1 0
1908	1 0 0
1909	0 0 1
1910	1 0 0
1911	1 0 0
1912	1 0 0
1913	0 1 0
1914	0 0 1
1915	0 0 1
1916	1 0 0
1917	0 1 0
1918	1 0 0
1919	0 1 0
1920	1 0 0
1921	0 1 0
1922	0 1 0
1923	1 0 0
1924	1 0 0
1925	1 0 0
1926	0 0 1
1927	1 0 0
1928	0 1 0
1929	0 1 0
1930	1 0 0
1931	0 1 0
1932	0 0 1
1933	0 1 0
1934	0 0 1
1935	1 0 0
1936	0 1 0
1937	0 0 1
1938	0 0 1
1939	0 1 0
1940	0 0 1
1941	0 0 1
1942	1 0 0
1943	0 1 0
1944	0 0 1
1945	0 0 1
1946	1 0 0
1947	1 0 0
1948	0 0 1
1949	0 0 1
1950	0 1 0
1951	0 0 1
1952	1 0 0
1953	0 1 0
1954	0 1 0
1955	0 1 0
1956	0 1 0
1957	1 0 0
1958	0 1 0
1959	1 0 0
1960	0 1 0
1961	0 0 1
1962	0 1 0
1963	0 0 1
1964	0 0 1
1965	0 1 0
1966	1 0 0
1967	1 0 0
1968	1 0 0
1969	0 0 1
1970	0 1 0
1971	1 0 0
1972	1 0 0
1973	0 0 1
1974	0 1 0
1975	0 0 1
1976	1 0 0
1977	1 0 0
1978	0 1 0
1979	0 1 0
1980	1 0 0
1981	0 0 1
1982	0 1 0
1983	1 0 0
1984	1 0 0
1985	1 0 0
1986	1 0 0
1987	1 0 0
1988	0 0 1
1989	0 0 1
1990	0 1 0
1991	0 0 1
1992	0 1 0
1993	1 0 0
1994	0 0 1
1995	0 0 1
1996	0 0 1
1997	0 1 0
1998	1 0 0
1999	0 1 0
2000	0 1 0
2001	0 0 1
2002	1 0 0
2003	1 0 0
2004	0 0 1
2005	1 0 0
2006	1 0 0
2007	0 0 1
2008	0 0 1
2009	1 0 0
2010	1 0 0
2011	1 0 0
2012	0 1 0
2013	1 0 0
2014	0 1 0
2015	0 0 1
2016	0 0 1
2017	0 1 0
2018	1 0 0
2019	0 1 0
2020	0 1 0
2021	0 1 0
2022	0 0 1
2023	0 1 0
2024	0 1 0
2025	0 1 0
2026	0 0 1
2027	1 0 0
2028	1 0 0
2029	1 0 0
2030	0 1 0
2031	0 1 0
2032	0 0 1
2033	0 1 0
2034	0 1 0
2035	0 1 0
2036	0 1 0
2037	1 0 0
2038	0 1 0
2039	0 0 1
2040	1 0 0
2041	0 0 1
2042	0 1 0
2043	0 0 1
2044	0 0 1
2045	0 1 0
2046	1 0 0
2047	0 0 1
2048	1 0 0
2049	0 0 1
2050	1 0 0
2051	0 1 0
2052	0 1 0
2053	0 0 1
2054	0 0 1
2055	1 0 0
2056	0 0 1
2057	1 0 0
2058	1 0 0
2059	0 1 0
2060	1 0 0
2061	0 1 0
2062	0 0 1
2063	1 0 0
2064	1 0 0
2065	0 1 0
2066	0 1 0
2067	0 1 0
2068	1 0 0
2069	0 0 1
2070	0 1 0
2071	0 0 1
2072	0 1 0
2073	0 1 0
2074	1 0 0
2075	1 0 0
2076	0 1 0
2077	0 0 1
2078	0 1 0
2079	1 0 0
2080	0 0 1
2081	0 1 0
2082	0 1 0
2083	0 0 1
2084	1 0 0
2085	0 1 0
2086	1 0 0
2087	1 0 0
2088	1 0 0
2089	0 1 0
2090	0 1 0
2091	1 0 0
2092	0 0 1
2093	0 0 1
2094	1 0 0
2095	0 0 1
2096	0 0 1
2097	0 1 0
2098	0 0 1
2099	0 0 1
2100	0 0 1
2101	1 0 0
2102	0 1 0
2103	1 0 0
2104	0 0 1
2105	0 0 1
2106	0 1 0
2107	0 0 1
2108	1 0 0
2109	0 0 1
2110	0 1 0
2111	0 0 1
2112	0 0 1
2113	1 0 0
2114	1 0 0
2115	0 1 0
2116	0 0 1
2117	0 0 1
2118	0 0 1
2119	0 0 1
2120	0 0 1
2121	1 0 0
2122	0 0 1
2123	0 1 0
2124	1 0 0
2125	0 0 1
2126	0 1 0
2127	1 0 0
2128	1 0 0
2129	1 0 0
2130	1 0 0
2131	0 1 0
2132	0 1 0
2133	0 0 1
2134	0 1 0
2135	1 0 0
2136	0 0 1
2137	0 0 1
2138	1 0 0
2139	0 0 1
2140	0 0 1
2141	0 1 0
2142	1 0 0
2143	1 0 0
2144	0 0 1
2145	1 0 0
2146	0 1 0
2147	0 0 1
2148	0 0 1
2149	0 1 0
2150	1 0 0
2151	1 0 0
2152	0 0 1
2153	1 0 0
2154	0 1 0
2155	1 0 0
2156	0 0 1
2157	0 0 1
2158	0 1 0
2159	0 0 1
2160	0 0 1
2161	0 0 1
2162	0 1 0
2163	1 0 0
2164	0 1 0
2165	1 0 0
2166	1 0 0
2167	1 0 0
2168	1 0 0
2169	0 0 1
2170	1 0 0
2171	0 0 1
2172	0 0 1
2173	0 1 0
2174	0 0 1
2175	0 1 0
2176	0 0 1
2177	0 0 1
2178	0 0 1
2179	1 0 0
2180	0 0 1
2181	0 0 1
2182	0 0 1
2183	0 0 1
2184	0 1 0
2185	1 0 0
2186	1 0 0
2187	0 1 0
2188	1 0 0
2189	1 0 0
2190	1 0 0
2191	1 0 0
2192	0 1 0
2193	0 0 1
2194	1 0 0
2195	1 0 0
2196	0 1 0
2197	1 0 0
2198	1 0 0
2199	1 0 0
2200	0 1 0
2201	0 0 1
2202	0 0 1
2203	0 0 1
2204	0 1 0
2205	0 1 0
2206	1 0 0
2207	0 1 0
2208	0 0 1
2209	1 0 0
2210	1 0 0
2211	0 1 0
2212	0 0 1
2213	0 0 1
2214	0 1 0
2215	0 0 1
2216	0 1 0
2217	1 0 0
2218	1 0 0
2219	0 0 1
2220	0 0 1
2221	1 0 0
2222	0 1 0
2223	0 0 1
2224	1 0 0
2225	1 0 0
2226	1 0 0
2227	0 0 1
2228	0 0 1
2229	0 1 0
2230	1 0 0
2231	0 0 1
2232	0 1 0
2233	0 1 0
2234	0 1 0
2235	1 0 0
2236	1 0 0
2237	0 0 1
2238	1 0 0
2239	0 0 1
2240	0 1 0
2241	0 1 0
2242	0 0 1
2243	0 0 1
2244	0 0 1
2245	0 0 1
2246	0 0 1
2247	0 0 1
2248	0 1 0
2249	0 1 0
2250	1 0 0
2251	0 1 0
2252	0 1 0
2253	0 0 1
2254	0 1 0
2255	0 1 0
2256	0 0 1
2257	0 1 0
2258	0 0 1
2259	0 1 0
2260	0 1 0
2261	1 0 0
2262	0 0 1
2263	0 1 0
2264	0 0 1
2265	1 0 0
2266	1 0 0
2267	1 0 0
2268	0 1 0
2269	1 0 0
2270	1 0 0
2271	1 0 0
2272	0 1 0
2273	1 0 0
2274	0 1 0
2275	0 0 1
2276	0 1 0
2277	1 0 0
2278	0 0 1
2279	0 0 1
2280	0 0 1
2281	0 0 1
2282	0 1 0
2283	0 0 1
2284	1 0 0
2285	0 0 1
2286	1 0 0
2287	0 0 1
2288	1 0 0
2289	0 1 0
2290	1 0 0
2291	0 0 1
2292	0 1 0
2293	0 1 0
2294	0 0 1
2295	1 0 0
2296	0 1 0
2297	0 0 1
2298	0 0 1
2299	0 0 1
2300	0 1 0
2301	0 0 1
2302	0 1 0
2303	1 0 0
2304	0 1 0
2305	0 1 0
2306	1 0 0
2307	1 0 0
2308	1 0 0
2309	0 1 0
2310	0 0 1
2311	0 1 0
2312	1 0 0
2313	1 0 0
2314	0 0 1
2315	0 1 0
2316	1 0 0
2317	0 1 0
2318	1 0 0
2319	1 0 0
2320	1 0 0
2321	1 0 0
2322	0 0 1
2323	1 0 0
2324	1 0 0
2325	0 1 0
2326	0 0 1
2327	1 0 0
2328	0 0 1
2329	0 0 1
2330	0 0 1
2331	1 0 0
2332	0 0 1
2333	0 0 1
2334	1 0 0
2335	1 0 0
2336	0 0 1
2337	1 0 0
2338	1 0 0
2339	1 0 0
2340	1 0 0
2341	0 0 1
2342	0 1 0
2343	0 1 0
2344	1 0 0
2345	0 0 1
2346	0 1 0
2347	0 1 0
2348	0 1 0
2349	0 1 0
2350	1 0 0
2351	0 1 0
2352	0 0 1
2353	0 1 0
2354	0 1 0
2355	0 1 0
2356	1 0 0
2357	0 0 1
2358	1 0 0
2359	0 0 1
2360	0 1 0
2361	1 0 0
2362	0 0 1
2363	1 0 0
2364	1 0 0
2365	0 1 0
2366	0 1 0
2367	0 1 0
2368	0 0 1
2369	0 0 1
2370	1 0 0
2371	0 0 1
2372	0 0 1
2373	1 0 0
2374	0 0 1
2375	1 0 0
2376	1 0 0
2377	1 0 0
2378	1 0 0
2379	0 0 1
2380	0 1 0
2381	0 1 0
2382	0 0 1
2383	1 0 0
2384	0 1 0
2385	1 0 0
2386	1 0 0
2387	1 0 0
2388	0 0 1
2389	0 0 1
2390	0 1 0
2391	0 0 1
2392	1 0 0
2393	0 1 0
2394	1 0 0
2395	0 1 0
2396	0 0 1
2397	1 0 0
2398	1 0 0
2399	0 0 1
2400	0 1 0
2401	0 1 0
2402	0 0 1
2403	0 0 1
2404	1 0 0
2405	0 0 1
2406	0 0 1
2407	1 0 0
2408	1 0 0
2409	1 0 0
2410	0 1 0
2411	0 0 1
2412	1 0 0
2413	0 0 1
2414	0 0 1
2415	1 0 0
2416	1 0 0
2417	0 1 0
2418	0 0 1
2419	1 0 0
2420	0 1 0
2421	0 1 0
2422	0 0 1
2423	1 0 0
2424	0 1 0
2425	0 1 0
2426	0 0 1
2427	1 0 0
2428	0 0 1
2429	0 1 0
2430	0 1 0
2431	0 1 0
2432	1 0 0
2433	1 0 0
2434	0 0 1
2435	0 1 0
2436	0 0 1
2437	1 0 0
2438	1 0 0
2439	0 1 0
2440	0 1 0
2441	1 0 0
2442	0 0 1
2443	1 0 0
2444	0 0 1
2445	0 1 0
2446	0 0 1
2447	1 0 0
2448	1 0 0
2449	1 0 0
2450	0 0 1
2451	0 0 1
2452	0 1 0
2453	0 0 1
2454	0 1 0
2455	1 0 0
2456	1 0 0
2457	0 1 0
2458	0 1 0
2459	1 0 0
2460	1 0 0
2461	0 1 0
2462	0 0 1
2463	0 1 0
2464	1 0 0
2465	0 0 1
2466	1 0 0
2467	1 0 0
2468	0 1 0
2469	0 1 0
2470	0 1 0
2471	0 1 0
2472	0 1 0
2473	0 1 0
2474	1 0 0
2475	0 1 0
2476	0 1 0
2477	0 1 0
2478	1 0 0
2479	1 0 0
2480	1 0 0
2481	0 0 1
2482	0 1 0
2483	0 1 0
2484	0 1 0
2485	1 0 0
2486	0 0 1
2487	1 0 0
2488	0 0 1
2489	1 0 0
2490	0 1 0
2491	0 1 0
2492	0 0 1
2493	1 0 0
2494	0 1 0
2495	0 0 1
2496	0 1 0
2497	1 0 0
2498	0 0 1
2499	0 1 0
2500	1 0 0
2501	0 1 0
2502	0 0 1
2503	0 1 0
2504	0 1 0
2505	0 0 1
2506	1 0 0
2507	0 0 1
2508	0 0 1
2509	0 0 1
2510	1 0 0
2511	0 0 1
2512	1 0 0
2513	0 0 1
2514	0 1 0
2515	0 0 1
2516	0 0 1
2517	0 1 0
2518	1 0 0
2519	1 0 0
2520	1 0 0
2521	1 0 0
2522	0 0 1
2523	0 1 0
2524	1 0 0
2525	1 0 0
2526	1 0 0
2527	0 0 1
2528	1 0 0
2529	0 0 1
2530	0 1 0
2531	0 1 0
2532	0 1 0
2533	0 1 0
2534	1 0 0
2535	1 0 0
2536	0 1 0
2537	0 1 0
2538	0 0 1
2539	1 0 0
2540	1 0 0
2541	1 0 0
2542	1 0 0
2543	0 1 0
2544	0 1 0
2545	1 0 0
2546	0 1 0
2547	0 1 0
2548	1 0 0
2549	0 1 0
2550	0 1 0
2551	0 1 0
2552	0 0 1
2553	0 0 1
2554	0 1 0
2555	1 0 0
2556	1 0 0
2557	1 0 0
2558	0 1 0
2559	1 0 0
2560	1 0 0
2561	0 0 1
2562	0 0 1
2563	1 0 0
2564	0 0 1
2565	0 0 1
2566	0 0 1
2567	1 0 0
2568	1 0 0
2569	0 0 1
2570	0 1 0
2571	0 1 0
2572	0 1 0
2573	1 0 0
2574	0 0 1
2575	0 1 0
2576	0 0 1
2577	0 1 0
2578	0 1 0
2579	0 0 1
2580	0 0 1
2581	1 0 0
2582	0 1 0
2583	1 0 0
2584	0 1 0
2585	0 0 1
2586	1 0 0
2587	0 1 0
2588	1 0 0
2589	0 0 1
2590	0 0 1
2591	0 1 0
2592	1 0 0
2593	0 0 1
2594	0 0 1
2595	0 0 1
2596	0 0 1
2597	0 1 0
2598	1 0 0
2599	0 0 1
2600	0 1 0
2601	1 0 0
2602	0 0 1
2603	0 1 0
2604	1 0 0
2605	1 0 0
2606	0 0 1
2607	0 0 1
2608	0 1 0
2609	0 0 1
2610	1 0 0
2611	0 1 0
2612	0 0 1
2613	0 0 1
2614	0 1 0
2615	0 1 0
2616	0 1 0
2617	0 1 0
2618	0 0 1
2619	0 1 0
2620	0 1 0
2621	1 0 0
2622	0 1 0
2623	0 1 0
2624	0 1 0
2625	0 0 1
2626	0 0 1
2627	0 1 0
2628	0 0 1
2629	0 1 0
2630	0 1 0
2631	0 1 0
2632	0 0 1
2633	0 1 0
2634	0 1 0
2635	0 0 1
2636	0 0 1
2637	0 1 0
2638	1 0 0
2639	0 0 1
2640	0 0 1
2641	1 0 0
2642	0 0 1
2643	0 1 0
2644	0 1 0
2645	1 0 0
2646	0 0 1
2647	0 0 1
2648	0 0 1
2649	0 1 0
2650	0 1 0
2651	0 0 1
2652	1 0 0
2653	0 1 0
2654	0 1 0
2655	1 0 0
2656	1 0 0
2657	1 0 0
2658	0 1 0
2659	1 0 0
2660	0 0 1
2661	0 1 0
2662	0 0 1
2663	1 0 0
2664	0 1 0
2665	1 0 0
2666	1 0 0
2667	1 0 0
2668	0 0 1
2669	0 1 0
2670	1 0 0
2671	1 0 0
2672	1 0 0
2673	1 0 0
2674	0 1 0
2675	0 1 0
2676	0 1 0
2677	0 1 0
2678	0 0 1
2679	0 1 0
2680	1 0 0
2681	0 0 1
2682	0 0 1
2683	1 0 0
2684	1 0 0
2685	0 1 0
2686	0 1 0
2687	0 0 1
2688	1 0 0
2689	1 0 0
2690	0 0 1
2691	0 1 0
2692	0 0 1
2693	0 0 1
2694	1 0 0
2695	1 0 0
2696	1 0 0
2697	1 0 0
2698	0 1 0
2699	0 0 1
2700	1 0 0
2701	1 0 0
2702	0 0 1
2703	0 1 0
2704	1 0 0
2705	0 1 0
2706	0 0 1
2707	1 0 0
2708	0 1 0
2709	0 1 0
2710	1 0 0
2711	1 0 0
2712	0 1 0
2713	0 0 1
2714	0 0 1
2715	0 0 1
2716	0 0 1
2717	0 1 0
2718	0 1 0
2719	1 0 0
2720	0 1 0
2721	0 1 0
2722	0 0 1
2723	1 0 0
2724	0 1 0
2725	1 0 0
2726	0 0 1
2727	0 1 0
2728	0 0 1
2729	1 0 0
2730	0 1 0
2731	0 0 1
2732	0 0 1
2733	0 1 0
2734	0 1 0
2735	0 0 1
2736	0 1 0
2737	0 0 1
2738	1 0 0
2739	1 0 0
2740	0 1 0
2741	0 1 0
2742	0 1 0
2743	0 0 1
2744	1 0 0
2745	1 0 0
2746	1 0 0
2747	0 1 0
2748	0 0 1
2749	1 0 0
2750	0 0 1
2751	0 0 1
2752	0 1 0
2753	0 1 0
2754	1 0 0
2755	0 1 0
2756	1 0 0
2757	0 0 1
2758	0 0 1
2759	0 0 1
2760	0 0 1
2761	0 1 0
2762	0 1 0
2763	1 0 0
2764	0 1 0
2765	0 1 0
2766	0 0 1
2767	0 1 0
2768	1 0 0
2769	1 0 0
2770	1 0 0
2771	1 0 0
2772	0 1 0
2773	0 1 0
2774	0 0 1
2775	0 0 1
2776	0 1 0
2777	0 1 0
2778	0 0 1
2779	0 0 1
2780	1 0 0
2781	0 1 0
2782	1 0 0
2783	0 0 1
2784	0 1 0
2785	0 1 0
2786	0 1 0
2787	0 0 1
2788	1 0 0
2789	0 0 1
2790	0 0 1
2791	1 0 0
2792	0 1 0
2793	1 0 0
2794	0 0 1
2795	1 0 0
2796	0 1 0
2797	0 1 0
2798	0 1 0
2799	0 0 1
2800	0 0 1
2801	1 0 0
2802	1 0 0
2803	0 1 0
2804	0 1 0
2805	0 0 1
2806	1 0 0
2807	0 0 1
2808	1 0 0
2809	1 0 0
2810	1 0 0
2811	0 0 1
2812	1 0 0
2813	0 0 1
2814	0 0 1
2815	1 0 0
2816	0 0 1
2817	0 0 1
2818	0 0 1
2819	0 0 1
2820	1 0 0
2821	0 0 1
2822	0 0 1
2823	1 0 0
2824	0 0 1
2825	0 1 0
2826	0 1 0
2827	1 0 0
2828	1 0 0
2829	0 1 0
2830	0 0 1
2831	0 0 1
2832	0 1 0
2833	0 1 0
2834	0 0 1
2835	1 0 0
2836	0 0 1
2837	1 0 0
2838	0 1 0
2839	0 1 0
2840	0 1 0
2841	0 1 0
2842	0 1 0
2843	0 1 0
2844	0 1 0
2845	0 0 1
2846	1 0 0
2847	1 0 0
2848	0 1 0
2849	1 0 0
2850	0 0 1
2851	0 1 0
2852	0 1 0
2853	1 0 0
2854	1 0 0
2855	1 0 0
2856	1 0 0
2857	1 0 0
2858	1 0 0
2859	0 0 1
2860	1 0 0
2861	0 0 1
2862	0 0 1
2863	1 0 0
2864	0 0 1
2865	0 0 1
2866	1 0 0
2867	0 0 1
2868	0 1 0
2869	0 1 0
2870	1 0 0
2871	0 1 0
2872	0 0 1
2873	0 1 0
2874	1 0 0
2875	0 1 0
2876	0 1 0
2877	0 0 1
2878	0 1 0
2879	0 1 0
2880	1 0 0
2881	1 0 0
2882	0 1 0
2883	0 0 1
2884	0 1 0
2885	0 1 0
2886	0 1 0
2887	1 0 0
2888	0 1 0
2889	1 0 0
2890	0 0 1
2891	0 0 1
2892	0 1 0
2893	0 0 1
2894	0 0 1
2895	1 0 0
2896	1 0 0
2897	0 1 0
2898	0 1 0
2899	0 0 1
2900	0 1 0
2901	0 0 1
2902	0 1 0
2903	0 0 1
2904	0 1 0
2905	1 0 0
2906	0 0 1
2907	0 0 1
2908	0 1 0
2909	0 1 0
2910	0 0 1
2911	0 0 1
2912	0 0 1
2913	0 1 0
2914	0 0 1
2915	1 0 0
2916	0 0 1
2917	0 0 1
2918	0 0 1
2919	0 1 0
2920	0 1 0
2921	1 0 0
2922	0 1 0
2923	0 0 1
2924	0 0 1
2925	1 0 0
2926	1 0 0
2927	0 0 1
2928	0 0 1
2929	0 0 1
2930	0 0 1
2931	0 1 0
2932	0 0 1
2933	0 0 1
2934	0 1 0
2935	0 0 1
2936	0 1 0
2937	1 0 0
2938	1 0 0
2939	1 0 0
2940	0 0 1
2941	0 0 1
2942	0 1 0
2943	0 0 1
2944	0 0 1
2945	0 0 1
2946	1 0 0
2947	0 0 1
2948	0 1 0
2949	0 0 1
2950	0 0 1
2951	1 0 0
2952	1 0 0
2953	1 0 0
2954	0 0 1
2955	0 1 0
2956	0 1 0
2957	0 0 1
2958	0 1 0
2959	0 0 1
2960	0 1 0
2961	0 0 1
2962	0 0 1
2963	1 0 0
2964	1 0 0
2965	1 0 0
2966	0 0 1
2967	0 0 1
2968	0 1 0
2969	0 0 1
2970	1 0 0
2971	0 0 1
2972	0 1 0
2973	0 1 0
2974	0 0 1
2975	1 0 0
2976	0 0 1
2977	0 1 0
2978	0 0 1
2979	0 1 0
2980	0 0 1
2981	0 1 0
2982	1 0 0
2983	1 0 0
2984	0 1 0
2985	1 0 0
2986	0 0 1
2987	0 0 1
2988	0 0 1
2989	0 1 0
2990	0 0 1
2991	1 0 0
2992	1 0 0
2993	1 0 0
2994	0 1 0
2995	0 1 0
2996	0 1 0
2997	0 1 0
2998	0 0 1
2999	0 1 0
3000	0 0 1
3001	0 1 0
3002	0 0 1
3003	0 0 1
3004	1 0 0
3005	1 0 0
3006	0 1 0
3007	0 0 1
3008	0 0 1
3009	1 0 0
3010	1 0 0
3011	1 0 0
3012	1 0 0
3013	0 1 0
3014	0 1 0
3015	0 1 0
3016	1 0 0
3017	0 0 1
3018	0 1 0
3019	1 0 0
3020	1 0 0
3021	0 1 0
3022	1 0 0
3023	0 1 0
3024	0 0 1
3025	1 0 0
3026	0 1 0
3027	0 0 1
3028	1 0 0
3029	1 0 0
3030	0 0 1
3031	0 0 1
3032	0 1 0
3033	1 0 0
3034	0 0 1
3035	1 0 0
3036	0 1 0
3037	0 1 0
3038	0 0 1
3039	0 0 1
3040	0 0 1
3041	0 1 0
3042	0 0 1
3043	0 0 1
3044	1 0 0
3045	1 0 0
3046	1 0 0
3047	0 0 1
3048	0 0 1
3049	1 0 0
3050	0 0 1
3051	0 0 1
3052	0 0 1
3053	1 0 0
3054	0 1 0
3055	0 1 0
3056	0 1 0
3057	0 1 0
3058	1 0 0
3059	0 0 1
3060	0 0 1
3061	1 0 0
3062	0 1 0
3063	1 0 0
3064	0 0 1
3065	0 0 1
3066	0 1 0
3067	0 1 0
3068	0 0 1
3069	1 0 0
3070	0 1 0
3071	1 0 0
3072	0 1 0
3073	0 0 1
3074	0 0 1
3075	0 1 0
3076	0 0 1
3077	0 0 1
3078	0 0 1
3079	0 0 1
3080	0 0 1
3081	1 0 0
3082	0 1 0
3083	1 0 0
3084	1 0 0
3085	0 0 1
3086	1 0 0
3087	0 0 1
3088	0 1 0
3089	0 0 1
3090	0 0 1
3091	0 1 0
3092	1 0 0
3093	1 0 0
3094	0 1 0
3095	0 1 0
3096	0 0 1
3097	0 0 1
3098	0 0 1
3099	1 0 0
3100	0 1 0
3101	1 0 0
3102	1 0 0
3103	0 0 1
3104	0 1 0
3105	0 0 1
3106	0 0 1
3107	1 0 0
3108	0 0 1
3109	0 1 0
3110	0 1 0
3111	0 0 1
3112	0 0 1
3113	1 0 0
3114	0 1 0
3115	1 0 0
3116	1 0 0
3117	0 1 0
3118	0 1 0
3119	1 0 0
3120	0 0 1
3121	0 1 0
3122	0 0 1
3123	0 1 0
3124	1 0 0
3125	1 0 0
3126	0 1 0
3127	0 0 1
3128	0 0 1
3129	0 0 1
3130	1 0 0
3131	1 0 0
3132	0 0 1
3133	1 0 0
3134	1 0 0
3135	0 1 0
3136	1 0 0
3137	0 1 0
3138	0 1 0
3139	1 0 0
3140	0 1 0
3141	0 0 1
3142	1 0 0
3143	1 0 0
3144	0 1 0
3145	0 1 0
3146	1 0 0
3147	0 1 0
3148	0 1 0
3149	1 0 0
3150	0 0 1
3151	1 0 0
3152	0 1 0
3153	1 0 0
3154	0 1 0
3155	1 0 0
3156	0 1 0
3157	1 0 0
3158	0 1 0
3159	0 1 0
3160	0 0 1
3161	0 1 0
3162	1 0 0
3163	0 0 1
3164	1 0 0
3165	1 0 0
3166	0 0 1
3167	1 0 0
3168	1 0 0
3169	0 1 0
3170	0 1 0
3171	1 0 0
3172	0 0 1
3173	0 1 0
3174	1 0 0
3175	0 1 0
3176	0 1 0
3177	1 0 0
3178	1 0 0
3179	1 0 0
3180	0 0 1
3181	0 1 0
3182	0 1 0
3183	0 1 0
3184	1 0 0
3185	0 0 1
3186	0 0 1
3187	0 1 0
3188	1 0 0
3189	0 0 1
3190	1 0 0
3191	1 0 0
3192	0 0 1
3193	1 0 0
3194	0 1 0
3195	1 0 0
3196	0 0 1
3197	0 1 0
3198	0 0 1
3199	0 1 0
3200	0 0 1
3201	0 1 0
3202	0 1 0
3203	0 1 0
3204	1 0 0
3205	0 0 1
3206	0 0 1
3207	1 0 0
3208	1 0 0
3209	0 1 0
3210	0 1 0
3211	1 0 0
3212	0 1 0
3213	1 0 0
3214	0 0 1
3215	1 0 0
3216	0 1 0
3217	0 0 1
3218	0 0 1
3219	0 1 0
3220	0 1 0
3221	1 0 0
3222	0 0 1
3223	1 0 0
3224	0 1 0
3225	0 0 1
3226	1 0 0
3227	1 0 0
3228	0 1 0
3229	1 0 0
3230	0 1 0
3231	0 0 1
3232	0 0 1
3233	0 1 0
3234	0 0 1
3235	1 0 0
3236	0 1 0
3237	1 0 0
3238	1 0 0
3239	0 0 1
3240	1 0 0
3241	1 0 0
3242	1 0 0
3243	1 0 0
3244	1 0 0
3245	1 0 0
3246	0 0 1
3247	1 0 0
3248	1 0 0
3249	1 0 0
3250	0 1 0
3251	1 0 0
3252	0 1 0
3253	1 0 0
3254	0 0 1
3255	0 0 1
3256	0 0 1
3257	0 1 0
3258	1 0 0
3259	0 1 0
3260	1 0 0
3261	1 0 0
3262	1 0 0
3263	0 1 0
3264	1 0 0
3265	0 0 1
3266	0 0 1
3267	0 1 0
3268	1 0 0
3269	0 1 0
3270	0 0 1
3271	1 0 0
3272	1 0 0
3273	0 1 0
3274	1 0 0
3275	0 1 0
3276	1 0 0
3277	0 0 1
3278	0 0 1
3279	0 0 1
3280	1 0 0
3281	0 0 1
3282	0 0 1
3283	1 0 0
3284	1 0 0
3285	0 0 1
3286	1 0 0
3287	0 0 1
3288	0 0 1
3289	0 0 1
3290	1 0 0
3291	1 0 0
3292	0 1 0
3293	0 1 0
3294	0 1 0
3295	0 0 1
3296	0 0 1
3297	0 0 1
3298	0 0 1
3299	1 0 0
3300	1 0 0
3301	1 0 0
3302	1 0 0
3303	0 1 0
3304	0 0 1
3305	1 0 0
3306	1 0 0
3307	0 0 1
3308	0 1 0
3309	0 0 1
3310	1 0 0
3311	0 1 0
3312	1 0 0
3313	0 1 0
3314	0 0 1
3315	1 0 0
3316	0 1 0
3317	1 0 0
3318	0 1 0
3319	0 1 0
3320	1 0 0
3321	0 1 0
3322	0 0 1
3323	0 0 1
3324	0 1 0
3325	0 0 1
3326	1 0 0
3327	0 0 1
3328	1 0 0
3329	0 0 1
3330	0 0 1
3331	1 0 0
3332	0 0 1
3333	1 0 0
3334	0 0 1
3335	0 0 1
3336	1 0 0
3337	0 0 1
3338	0 0 1
3339	0 1 0
3340	1 0 0
3341	1 0 0
3342	0 0 1
3343	0 1 0
3344	0 1 0
3345	1 0 0
3346	0 1 0
3347	0 1 0
3348	0 0 1
3349	0 1 0
3350	0 1 0
3351	0 0 1
3352	1 0 0
3353	0 0 1
3354	0 1 0
3355	1 0 0
3356	0 0 1
3357	1 0 0
3358	0 1 0
3359	0 1 0
3360	0 1 0
3361	0 1 0
3362	0 1 0
3363	0 1 0
3364	1 0 0
3365	1 0 0
3366	0 1 0
3367	0 0 1
3368	0 0 1
3369	1 0 0
3370	1 0 0
3371	0 1 0
3372	1 0 0
3373	0 0 1
3374	0 1 0
3375	0 1 0
3376	0 0 1
3377	0 1 0
3378	0 0 1
3379	0 1 0
3380	1 0 0
3381	1 0 0
3382	0 1 0
3383	0 0 1
3384	0 0 1
3385	0 0 1
3386	1 0 0
3387	0 1 0
3388	0 1 0
3389	0 0 1
3390	0 1 0
3391	0 0 1
3392	0 1 0
3393	0 1 0
3394	0 1 0
3395	0 0 1
3396	0 1 0
3397	1 0 0
3398	0 1 0
3399	1 0 0
3400	1 0 0
3401	0 1 0
3402	1 0 0
3403	1 0 0
3404	0 1 0
3405	0 1 0
3406	0 1 0
3407	0 1 0
3408	1 0 0
3409	0 1 0
3410	0 0 1
3411	0 0 1
3412	1 0 0
3413	1 0 0
3414	1 0 0
3415	1 0 0
3416	0 0 1
3417	0 1 0
3418	0 0 1
3419	0 1 0
3420	0 0 1
3421	0 1 0
3422	0 0 1
3423	1 0 0
3424	0 0 1
3425	1 0 0
3426	1 0 0
3427	0 0 1
3428	1 0 0
3429	0 0 1
3430	0 1 0
3431	0 1 0
3432	0 0 1
3433	0 0 1
3434	1 0 0
3435	0 0 1
3436	0 1 0
3437	0 1 0
3438	0 1 0
3439	0 1 0
3440	1 0 0
3441	1 0 0
3442	0 0 1
3443	0 0 1
3444	0 1 0
3445	1 0 0
3446	1 0 0
3447	1 0 0
3448	0 1 0
3449	1 0 0
3450	0 0 1
3451	0 0 1
3452	1 0 0
3453	0 0 1
3454	1 0 0
3455	0 1 0
3456	0 0 1
3457	1 0 0
3458	0 1 0
3459	0 1 0
3460	1 0 0
3461	0 0 1
3462	0 0 1
3463	0 0 1
3464	1 0 0
3465	0 1 0
3466	1 0 0
3467	1 0 0
3468	1 0 0
3469	0 1 0
3470	1 0 0
3471	0 0 1
3472	0 0 1
3473	1 0 0
3474	1 0 0
3475	0 0 1
3476	0 0 1
3477	0 1 0
3478	1 0 0
3479	0 0 1
3480	0 0 1
3481	0 0 1
3482	1 0 0
3483	1 0 0
3484	0 1 0
3485	1 0 0
3486	0 1 0
3487	0 1 0
3488	0 0 1
3489	1 0 0
3490	1 0 0
3491	1 0 0
3492	0 0 1
3493	0 0 1
3494	0 0 1
3495	1 0 0
3496	1 0 0
3497	1 0 0
3498	0 0 1
3499	1 0 0
3500	0 0 1
3501	0 1 0
3502	1 0 0
3503	0 0 1
3504	1 0 0
3505	1 0 0
3506	0 1 0
3507	0 0 1
3508	0 0 1
3509	0 1 0
3510	0 1 0
3511	1 0 0
3512	0 1 0
3513	0 1 0
3514	1 0 0
3515	0 1 0
3516	0 1 0
3517	1 0 0
3518	0 0 1
3519	1 0 0
3520	1 0 0
3521	0 0 1
3522	0 0 1
3523	1 0 0
3524	0 0 1
3525	1 0 0
3526	0 1 0
3527	0 1 0
3528	1 0 0
3529	1 0 0
3530	0 0 1
3531	0 1 0
3532	0 1 0
3533	1 0 0
3534	0 1 0
3535	0 0 1
3536	1 0 0
3537	0 0 1
3538	1 0 0
3539	0 0 1
3540	0 1 0
3541	1 0 0
3542	0 1 0
3543	1 0 0
3544	1 0 0
3545	0 0 1
3546	0 0 1
3547	0 0 1
3548	1 0 0
3549	0 1 0
3550	0 1 0
3551	0 0 1
3552	0 0 1
3553	0 1 0
3554	0 0 1
3555	0 1 0
3556	0 0 1
3557	1 0 0
3558	1 0 0
3559	0 1 0
3560	0 1 0
3561	0 1 0
3562	0 1 0
3563	1 0 0
3564	0 1 0
3565	1 0 0
3566	1 0 0
3567	0 1 0
3568	1 0 0
3569	0 1 0
3570	0 1 0
3571	0 0 1
3572	0 0 1
3573	1 0 0
3574	0 0 1
3575	1 0 0
3576	1 0 0
3577	0 1 0
3578	0 0 1
3579	1 0 0
3580	1 0 0
3581	0 0 1
3582	0 0 1
3583	0 0 1
3584	0 1 0
3585	0 1 0
3586	0 1 0
3587	0 0 1
3588	0 0 1
3589	0 1 0
3590	0 1 0
3591	0 1 0
3592	0 0 1
3593	0 1 0
3594	0 1 0
3595	0 1 0
3596	1 0 0
3597	0 1 0
3598	0 0 1
3599	1 0 0
3600	0 1 0
3601	0 1 0
3602	1 0 0
3603	0 0 1
3604	0 0 1
3605	0 1 0
3606	1 0 0
3607	0 1 0
3608	0 0 1
3609	1 0 0
3610	0 0 1
3611	1 0 0
3612	0 1 0
3613	0 0 1
3614	1 0 0
3615	1 0 0
3616	1 0 0
3617	0 0 1
3618	1 0 0
3619	0 0 1
3620	1 0 0
3621	0 0 1
3622	0 0 1
3623	0 1 0
3624	0 0 1
3625	1 0 0
3626	0 1 0
3627	1 0 0
3628	1 0 0
3629	0 0 1
3630	1 0 0
3631	1 0 0
3632	1 0 0
3633	1 0 0
3634	1 0 0
3635	0 1 0
3636	1 0 0
3637	0 1 0
3638	0 1 0
3639	0 1 0
3640	0 0 1
3641	0 0 1
3642	0 1 0
3643	0 1 0
3644	1 0 0
3645	0 1 0
3646	1 0 0
3647	1 0 0
3648	0 1 0
3649	0 1 0
3650	1 0 0
3651	0 0 1
3652	0 1 0
3653	1 0 0
3654	0 1 0
3655	0 1 0
3656	1 0 0
3657	0 1 0
3658	1 0 0
3659	0 0 1
3660	0 0 1
3661	0 1 0
3662	0 0 1
3663	0 0 1
3664	1 0 0
3665	1 0 0
3666	1 0 0
3667	0 0 1
3668	0 0 1
3669	0 1 0
3670	0 1 0
3671	0 1 0
3672	0 0 1
3673	0 1 0
3674	0 0 1
3675	0 1 0
3676	0 1 0
3677	1 0 0
3678	1 0 0
3679	0 0 1
3680	0 1 0
3681	0 0 1
3682	0 1 0
3683	0 0 1
3684	0 1 0
3685	0 1 0
3686	0 1 0
3687	0 0 1
3688	0 1 0
3689	0 1 0
3690	0 1 0
3691	0 1 0
3692	0 1 0
3693	1 0 0
3694	0 1 0
3695	0 1 0
3696	0 0 1
3697	0 0 1
3698	0 0 1
3699	0 1 0
3700	0 0 1
3701	0 0 1
3702	1 0 0
3703	1 0 0
3704	1 0 0
3705	0 1 0
3706	0 1 0
3707	0 1 0
3708	0 0 1
3709	1 0 0
3710	0 0 1
3711	1 0 0
3712	0 0 1
3713	1 0 0
3714	0 0 1
3715	0 0 1
3716	1 0 0
3717	0 1 0
3718	1 0 0
3719	1 0 0
3720	0 0 1
3721	1 0 0
3722	0 0 1
3723	0 0 1
3724	1 0 0
3725	1 0 0
3726	0 1 0
3727	0 1 0
3728	1 0 0
3729	1 0 0
3730	0 1 0
3731	0 0 1
3732	1 0 0
3733	0 1 0
3734	0 1 0
3735	0 1 0
3736	0 1 0
3737	0 0 1
3738	1 0 0
3739	1 0 0
3740	1 0 0
3741	0 1 0
3742	1 0 0
3743	0 0 1
3744	0 1 0
3745	1 0 0
3746	0 1 0
3747	1 0 0
3748	1 0 0
3749	0 1 0
3750	1 0 0
3751	0 0 1
3752	0 0 1
3753	1 0 0
3754	1 0 0
3755	0 1 0
3756	0 1 0
3757	0 1 0
3758	1 0 0
3759	0 0 1
3760	0 0 1
3761	1 0 0
3762	1 0 0
3763	0 1 0
3764	1 0 0
3765	0 1 0
3766	0 0 1
3767	1 0 0
3768	0 0 1
3769	1 0 0
3770	0 0 1
3771	0 0 1
3772	0 1 0
3773	0 0 1
3774	1 0 0
3775	0 0 1
3776	0 0 1
3777	0 1 0
3778	1 0 0
3779	1 0 0
3780	0 0 1
3781	1 0 0
3782	0 1 0
3783	0 0 1
3784	0 0 1
3785	0 0 1
3786	1 0 0
3787	0 1 0
3788	0 1 0
3789	0 1 0
3790	0 0 1
3791	0 1 0
3792	0 0 1
3793	0 1 0
3794	0 1 0
3795	0 1 0
3796	0 0 1
3797	1 0 0
3798	0 0 1
3799	0 0 1
3800	0 1 0
3801	1 0 0
3802	0 1 0
3803	1 0 0
3804	1 0 0
3805	0 0 1
3806	0 1 0
3807	1 0 0
3808	1 0 0
3809	1 0 0
3810	1 0 0
3811	0 0 1
3812	1 0 0
3813	1 0 0
3814	0 0 1
3815	0 0 1
3816	0 1 0
3817	0 0 1
3818	1 0 0
3819	1 0 0
3820	0 0 1
3821	1 0 0
3822	1 0 0
3823	0 0 1
3824	0 1 0
3825	1 0 0
3826	0 0 1
3827	0 1 0
3828	0 1 0
3829	0 1 0
3830	1 0 0
3831	1 0 0
3832	0 1 0
3833	0 0 1
3834	1 0 0
3835	0 0 1
3836	0 0 1
3837	0 0 1
3838	0 1 0
3839	0 1 0
3840	0 1 0
3841	0 1 0
3842	0 1 0
3843	1 0 0
3844	0 0 1
3845	1 0 0
3846	1 0 0
3847	1 0 0
3848	0 1 0
3849	1 0 0
3850	0 1 0
3851	1 0 0
3852	0 1 0
3853	0 0 1
3854	1 0 0
3855	1 0 0
3856	1 0 0
3857	0 0 1
3858	1 0 0
3859	1 0 0
3860	0 1 0
3861	0 0 1
3862	0 1 0
3863	1 0 0
3864	1 0 0
3865	1 0 0
3866	0 1 0
3867	1 0 0
3868	0 1 0
3869	0 1 0
3870	0 1 0
3871	0 0 1
3872	0 0 1
3873	1 0 0
3874	0 0 1
3875	0 1 0
3876	1 0 0
3877	0 1 0
3878	0 1 0
3879	0 0 1
3880	0 0 1
3881	0 0 1
3882	0 1 0
3883	0 0 1
3884	1 0 0
3885	0 1 0
3886	1 0 0
3887	1 0 0
3888	1 0 0
3889	0 0 1
3890	0 0 1
3891	0 1 0
3892	0 0 1
3893	0 0 1
3894	1 0 0
3895	0 0 1
3896	0 0 1
3897	1 0 0
3898	0 0 1
3899	0 1 0
3900	1 0 0
3901	1 0 0
3902	0 0 1
3903	0 1 0
3904	0 1 0
3905	0 0 1
3906	1 0 0
3907	0 1 0
3908	0 1 0
3909	1 0 0
3910	1 0 0
3911	1 0 0
3912	0 0 1
3913	0 1 0
3914	0 1 0
3915	1 0 0
3916	0 0 1
3917	1 0 0
3918	1 0 0
3919	0 1 0
3920	0 0 1
3921	0 1 0
3922	1 0 0
3923	0 0 1
3924	0 1 0
3925	0 0 1
3926	0 0 1
3927	1 0 0
3928	0 0 1
3929	1 0 0
3930	0 0 1
3931	1 0 0
3932	0 0 1
3933	0 1 0
3934	1 0 0
3935	0 1 0
3936	0 0 1
3937	1 0 0
3938	0 1 0
3939	0 0 1
3940	0 0 1
3941	0 1 0
3942	0 0 1
3943	0 0 1
3944	0 0 1
3945	1 0 0
3946	0 1 0
3947	0 0 1
3948	0 1 0
3949	0 0 1
3950	0 0 1
3951	0 1 0
3952	1 0 0
3953	0 1 0
3954	0 1 0
3955	1 0 0
3956	1 0 0
3957	0 0 1
3958	0 0 1
3959	0 1 0
3960	0 1 0
3961	0 1 0
3962	1 0 0
3963	0 0 1
3964	0 1 0
3965	0 1 0
3966	0 1 0
3967	1 0 0
3968	0 0 1
3969	0 0 1
3970	1 0 0
3971	1 0 0
3972	0 0 1
3973	0 0 1
3974	0 1 0
3975	1 0 0
3976	0 0 1
3977	0 0 1
3978	1 0 0
3979	0 1 0
3980	0 1 0
3981	0 0 1
3982	1 0 0
3983	0 0 1
3984	1 0 0
3985	1 0 0
3986	0 1 0
3987	0 0 1
3988	1 0 0
3989	0 1 0
3990	0 0 1
3991	1 0 0
3992	0 0 1
3993	1 0 0
3994	0 1 0
3995	0 0 1
3996	0 0 1
3997	0 0 1
3998	0 0 1
3999	1 0 0
4000	0 0 1
4001	0 1 0
4002	0 0 1
4003	1 0 0
4004	1 0 0
4005	1 0 0
4006	0 0 1
4007	0 0 1
4008	0 0 1
4009	0 1 0
4010	1 0 0
4011	0 0 1
4012	0 0 1
4013	0 1 0
4014	0 0 1
4015	0 1 0
4016	1 0 0
4017	0 0 1
4018	0 1 0
4019	1 0 0
4020	0 0 1
4021	1 0 0
4022	0 0 1
4023	0 0 1
4024	0 1 0
4025	0 1 0
4026	1 0 0
4027	1 0 0
4028	0 1 0
4029	0 1 0
4030	0 1 0
4031	1 0 0
4032	0 1 0
4033	0 1 0
4034	0 0 1
4035	0 1 0
4036	0 0 1
4037	0 0 1
4038	0 1 0
4039	1 0 0
4040	0 1 0
4041	1 0 0
4042	1 0 0
4043	0 1 0
4044	0 1 0
4045	1 0 0
4046	0 1 0
4047	0 0 1
4048	0 0 1
4049	1 0 0
4050	1 0 0
4051	1 0 0
4052	1 0 0
4053	1 0 0
4054	0 0 1
4055	0 1 0
4056	0 0 1
4057	1 0 0
4058	0 1 0
4059	1 0 0
4060	0 1 0
4061	0 0 1
4062	1 0 0
4063	0 1 0
4064	1 0 0
4065	0 0 1
4066	0 0 1
4067	0 1 0
4068	0 0 1
4069	1 0 0
4070	0 1 0
4071	0 1 0
4072	0 0 1
4073	1 0 0
4074	0 0 1
4075	0 1 0
4076	0 0 1
4077	1 0 0
4078	1 0 0
4079	0 0 1
4080	1 0 0
4081	0 1 0
4082	0 0 1
4083	0 0 1
4084	1 0 0
4085	0 0 1
4086	0 0 1
4087	0 0 1
4088	0 1 0
4089	0 0 1
4090	0 0 1
4091	0 0 1
4092	0 1 0
4093	0 1 0
4094	1 0 0
4095	0 0 1
4096	1 0 0
4097	0 0 1
4098	1 0 0
4099	0 0 1
4100	0 1 0
4101	0 1 0
4102	0 0 1
4103	0 0 1
4104	1 0 0
4105	0 1 0
4106	0 1 0
4107	0 1 0
4108	1 0 0
4109	0 0 1
4110	0 0 1
4111	1 0 0
4112	1 0 0
4113	1 0 0
4114	1 0 0
4115	1 0 0
4116	0 1 0
4117	0 0 1
4118	1 0 0
4119	0 0 1
4120	0 0 1
4121	0 1 0
4122	1 0 0
4123	0 1 0
4124	1 0 0
4125	0 1 0
4126	0 1 0
4127	0 1 0
4128	0 0 1
4129	1 0 0
4130	0 1 0
4131	0 0 1
4132	0 1 0
4133	0 1 0
4134	0 0 1
4135	1 0 0
4136	1 0 0
4137	0 0 1
4138	1 0 0
4139	1 0 0
4140	0 1 0
4141	0 1 0
4142	0 0 1
4143	1 0 0
4144	0 0 1
4145	0 1 0
4146	1 0 0
4147	1 0 0
4148	1 0 0
4149	0 1 0
4150	0 0 1
4151	1 0 0
4152	0 1 0
4153	0 0 1
4154	0 0 1
4155	1 0 0
4156	0 1 0
4157	0 0 1
4158	1 0 0
4159	1 0 0
4160	0 1 0
4161	1 0 0
4162	1 0 0
4163	0 1 0
4164	1 0 0
4165	0 0 1
4166	0 0 1
4167	0 1 0
4168	0 1 0
4169	0 1 0
4170	0 0 1
4171	0 0 1
4172	0 0 1
4173	1 0 0
4174	0 1 0
4175	0 0 1
4176	0 0 1
4177	0 0 1
4178	0 0 1
4179	0 1 0
4180	1 0 0
4181	1 0 0
4182	0 0 1
4183	0 1 0
4184	0 1 0
4185	0 1 0
4186	1 0 0
4187	0 1 0
4188	1 0 0
4189	1 0 0
4190	0 0 1
4191	1 0 0
4192	0 1 0
4193	1 0 0
4194	1 0 0
4195	0 0 1
4196	0 0 1
4197	0 0 1
4198	0 0 1
4199	0 1 0
4200	0 1 0
4201	0 0 1
4202	0 0 1
4203	0 0 1
4204	1 0 0
4205	0 1 0
4206	0 0 1
4207	1 0 0
4208	1 0 0
4209	0 0 1
4210	0 1 0
4211	0 1 0
4212	0 1 0
4213	0 0 1
4214	0 1 0
4215	0 1 0
4216	0 1 0
4217	0 0 1
4218	0 1 0
4219	0 1 0
4220	1 0 0
4221	1 0 0
4222	0 0 1
4223	1 0 0
4224	0 0 1
4225	1 0 0
4226	1 0 0
4227	0 0 1
4228	0 0 1
4229	0 0 1
4230	0 1 0
4231	0 1 0
4232	0 0 1
4233	1 0 0
4234	0 0 1
4235	1 0 0
4236	1 0 0
4237	0 1 0
4238	0 0 1
4239	1 0 0
4240	1 0 0
4241	0 1 0
4242	1 0 0
4243	1 0 0
4244	0 1 0
4245	0 0 1
4246	0 0 1
4247	1 0 0
4248	0 0 1
4249	0 0 1
4250	0 1 0
4251	0 0 1
4252	0 0 1
4253	0 1 0
4254	0 0 1
4255	1 0 0
4256	0 0 1
4257	1 0 0
4258	0 1 0
4259	0 0 1
4260	0 0 1
4261	1 0 0
4262	1 0 0
4263	1 0 0
4264	0 0 1
4265	0 0 1
4266	0 0 1
4267	0 1 0
4268	1 0 0
4269	1 0 0
4270	1 0 0
4271	0 1 0
4272	1 0 0
4273	0 1 0
4274	0 1 0
4275	1 0 0
4276	0 0 1
4277	0 1 0
4278	1 0 0
4279	0 1 0
4280	0 1 0
4281	0 0 1
4282	1 0 0
4283	0 1 0
4284	0 1 0
4285	1 0 0
4286	0 0 1
4287	0 0 1
4288	0 1 0
4289	1 0 0
4290	0 0 1
4291	1 0 0
4292	0 0 1
4293	0 1 0
4294	1 0 0
4295	0 1 0
4296	0 1 0
4297	0 0 1
4298	1 0 0
4299	0 0 1
4300	0 0 1
4301	0 0 1
4302	0 0 1
4303	0 1 0
4304	0 0 1
4305	1 0 0
4306	1 0 0
4307	0 1 0
4308	0 1 0
4309	1 0 0
4310	1 0 0
4311	1 0 0
4312	0 1 0
4313	0 0 1
4314	1 0 0
4315	0 1 0
4316	0 0 1
4317	0 1 0
4318	1 0 0
4319	0 0 1
4320	0 1 0
4321	1 0 0
4322	1 0 0
4323	1 0 0
4324	0 1 0
4325	0 0 1
4326	0 0 1
4327	1 0 0
4328	1 0 0
4329	0 0 1
4330	0 0 1
4331	0 1 0
4332	0 1 0
4333	0 1 0
4334	0 1 0
4335	0 1 0
4336	0 1 0
4337	0 0 1
4338	0 0 1
4339	0 0 1
4340	1 0 0
4341	0 0 1
4342	0 1 0
4343	1 0 0
4344	1 0 0
4345	0 1 0
4346	0 0 1
4347	0 0 1
4348	0 1 0
4349	0 1 0
4350	1 0 0
4351	0 0 1
4352	0 0 1
4353	0 1 0
4354	0 1 0
4355	0 1 0
4356	0 1 0
4357	0 1 0
4358	1 0 0
4359	0 0 1
4360	1 0 0
4361	1 0 0
4362	0 0 1
4363	0 1 0
4364	0 1 0
4365	0 1 0
4366	1 0 0
4367	1 0 0
4368	0 1 0
4369	1 0 0
4370	0 1 0
4371	0 1 0
4372	0 0 1
4373	1 0 0
4374	0 0 1
4375	0 0 1
4376	0 0 1
4377	0 0 1
4378	0 1 0
4379	1 0 0
4380	0 0 1
4381	0 0 1
4382	0 1 0
4383	1 0 0
4384	0 0 1
4385	1 0 0
4386	0 1 0
4387	0 0 1
4388	0 0 1
4389	0 0 1
4390	0 0 1
4391	0 1 0
4392	0 1 0
4393	1 0 0
4394	0 1 0
4395	0 1 0
4396	0 0 1
4397	0 0 1
4398	0 0 1
4399	1 0 0
4400	0 1 0
4401	1 0 0
4402	1 0 0
4403	1 0 0
4404	0 0 1
4405	1 0 0
4406	0 0 1
4407	1 0 0
4408	0 1 0
4409	0 1 0
4410	0 0 1
4411	0 0 1
4412	0 1 0
4413	0 0 1
4414	0 0 1
4415	0 1 0
4416	0 1 0
4417	0 1 0
4418	0 0 1
4419	1 0 0
4420	0 0 1
4421	1 0 0
4422	0 0 1
4423	0 1 0
4424	0 1 0
4425	0 1 0
4426	0 0 1
4427	0 0 1
4428	0 1 0
4429	0 1 0
4430	0 0 1
4431	0 0 1
4432	0 0 1
4433	0 0 1
4434	1 0 0
4435	0 1 0
4436	0 0 1
4437	0 1 0
4438	1 0 0
4439	0 0 1
4440	1 0 0
4441	0 0 1
4442	0 1 0
4443	1 0 0
4444	1 0 0
4445	1 0 0
4446	1 0 0
4447	0 0 1
4448	1 0 0
4449	0 1 0
4450	0 0 1
4451	1 0 0
4452	0 1 0
4453	1 0 0
4454	0 1 0
4455	1 0 0
4456	0 0 1
4457	0 0 1
4458	1 0 0
4459	1 0 0
4460	1 0 0
4461	0 1 0
4462	1 0 0
4463	0 1 0
4464	0 0 1
4465	0 0 1
4466	0 1 0
4467	0 1 0
4468	0 1 0
4469	0 1 0
4470	0 1 0
4471	0 0 1
4472	1 0 0
4473	0 1 0
4474	1 0 0
4475	1 0 0
4476	0 0 1
4477	0 1 0
4478	0 1 0
4479	0 1 0
4480	0 1 0
4481	0 1 0
4482	0 1 0
4483	0 0 1
4484	1 0 0
4485	1 0 0
4486	1 0 0
4487	0 0 1
4488	1 0 0
4489	0 0 1
4490	1 0 0
4491	0 1 0
4492	1 0 0
4493	0 1 0
4494	1 0 0
4495	0 1 0
4496	0 1 0
4497	1 0 0
4498	0 0 1
4499	0 0 1
4500	0 1 0
4501	0 0 1
4502	0 1 0
4503	0 0 1
4504	0 0 1
4505	0 0 1
4506	1 0 0
4507	0 0 1
4508	1 0 0
4509	1 0 0
4510	0 1 0
4511	0 0 1
4512	0 0 1
4513	0 0 1
4514	1 0 0
4515	0 0 1
4516	0 0 1
4517	1 0 0
4518	0 0 1
4519	1 0 0
4520	0 1 0
4521	0 0 1
4522	1 0 0
4523	1 0 0
4524	1 0 0
4525	0 1 0
4526	0 0 1
4527	0 0 1
4528	1 0 0
4529	0 1 0
4530	0 1 0
4531	1 0 0
4532	0 0 1
4533	0 0 1
4534	0 1 0
4535	0 0 1
4536	0 1 0
4537	1 0 0
4538	1 0 0
4539	1 0 0
4540	0 1 0
4541	0 1 0
4542	0 0 1
4543	1 0 0
4544	0 1 0
4545	0 0 1
4546	1 0 0
4547	0 0 1
4548	1 0 0
4549	0 0 1
4550	0 0 1
4551	0 0 1
4552	0 0 1
4553	0 0 1
4554	0 0 1
4555	1 0 0
4556	1 0 0
4557	1 0 0
4558	1 0 0
4559	1 0 0
4560	0 0 1
4561	0 0 1
4562	0 1 0
4563	0 1 0
4564	0 1 0
4565	1 0 0
4566	0 0 1
4567	0 1 0
4568	1 0 0
4569	0 1 0
4570	0 0 1
4571	0 0 1
4572	1 0 0
4573	1 0 0
4574	0 0 1
4575	0 1 0
4576	1 0 0
4577	1 0 0
4578	1 0 0
4579	0 1 0
4580	0 1 0
4581	1 0 0
4582	0 0 1
4583	0 1 0
4584	1 0 0
4585	1 0 0
4586	1 0 0
4587	0 0 1
4588	1 0 0
4589	0 1 0
4590	0 1 0
4591	0 1 0
4592	0 0 1
4593	1 0 0
4594	0 1 0
4595	0 0 1
4596	1 0 0
4597	1 0 0
4598	0 0 1
4599	1 0 0
4600	0 1 0
4601	0 1 0
4602	0 0 1
4603	0 1 0
4604	0 1 0
4605	1 0 0
4606	0 1 0
4607	0 0 1
4608	0 0 1
4609	0 1 0
4610	1 0 0
4611	1 0 0
4612	1 0 0
4613	1 0 0
4614	0 0 1
4615	0 0 1
4616	0 1 0
4617	0 0 1
4618	0 0 1
4619	1 0 0
4620	0 1 0
4621	0 1 0
4622	1 0 0
4623	0 1 0
4624	1 0 0
4625	0 0 1
4626	0 1 0
4627	0 0 1
4628	0 1 0
4629	0 0 1
4630	0 0 1
4631	0 1 0
4632	0 0 1
4633	1 0 0
4634	1 0 0
4635	0 1 0
4636	1 0 0
4637	0 0 1
4638	0 1 0
4639	0 1 0
4640	1 0 0
4641	0 0 1
4642	0 0 1
4643	0 0 1
4644	0 1 0
4645	0 1 0
4646	0 0 1
4647	0 1 0
4648	0 1 0
4649	0 1 0
4650	1 0 0
4651	1 0 0
4652	1 0 0
4653	0 1 0
4654	1 0 0
4655	0 1 0
4656	1 0 0
4657	1 0 0
4658	0 0 1
4659	0 0 1
4660	0 0 1
4661	0 1 0
4662	0 1 0
4663	1 0 0
4664	0 0 1
4665	0 0 1
4666	1 0 0
4667	1 0 0
4668	1 0 0
4669	0 0 1
4670	0 0 1
4671	1 0 0
4672	0 1 0
4673	1 0 0
4674	0 1 0
4675	1 0 0
4676	1 0 0
4677	0 0 1
4678	0 0 1
4679	1 0 0
4680	0 0 1
4681	1 0 0
4682	0 1 0
4683	1 0 0
4684	0 1 0
4685	0 0 1
4686	0 1 0
4687	0 0 1
4688	0 0 1
4689	0 0 1
4690	0 1 0
4691	0 1 0
4692	0 1 0
4693	0 1 0
4694	0 0 1
4695	1 0 0
4696	0 1 0
4697	0 1 0
4698	0 1 0
4699	1 0 0
4700	1 0 0
4701	0 1 0
4702	1 0 0
4703	0 0 1
4704	1 0 0
4705	0 1 0
4706	0 1 0
4707	1 0 0
4708	1 0 0
4709	1 0 0
4710	1 0 0
4711	0 1 0
4712	0 0 1
4713	0 0 1
4714	0 0 1
4715	0 0 1
4716	0 1 0
4717	0 0 1
4718	0 0 1
4719	1 0 0
4720	0 1 0
4721	0 0 1
4722	0 0 1
4723	0 1 0
4724	1 0 0
4725	1 0 0
4726	0 0 1
4727	0 0 1
4728	0 1 0
4729	0 0 1
4730	0 0 1
4731	1 0 0
4732	0 1 0
4733	1 0 0
4734	0 0 1
4735	1 0 0
4736	0 1 0
4737	0 0 1
4738	1 0 0
4739	0 1 0
4740	0 0 1
4741	1 0 0
4742	0 0 1
4743	0 1 0
4744	1 0 0
4745	0 0 1
4746	1 0 0
4747	0 1 0
4748	1 0 0
4749	0 1 0
4750	1 0 0
4751	1 0 0
4752	0 1 0
4753	1 0 0
4754	1 0 0
4755	0 0 1
4756	0 1 0
4757	1 0 0
4758	0 1 0
4759	0 0 1
4760	0 1 0
4761	0 0 1
4762	1 0 0
4763	1 0 0
4764	0 0 1
4765	0 1 0
4766	0 0 1
4767	0 0 1
4768	0 0 1
4769	0 0 1
4770	1 0 0
4771	1 0 0
4772	1 0 0
4773	0 1 0
4774	1 0 0
4775	0 1 0
4776	0 1 0
4777	0 0 1
4778	0 1 0
4779	1 0 0
4780	0 0 1
4781	0 0 1
4782	0 1 0
4783	0 0 1
4784	0 1 0
4785	1 0 0
4786	0 1 0
4787	1 0 0
4788	0 0 1
4789	0 1 0
4790	0 0 1
4791	0 0 1
4792	1 0 0
4793	0 1 0
4794	0 0 1
4795	0 1 0
4796	0 0 1
4797	0 1 0
4798	0 1 0
4799	1 0 0
4800	0 1 0
4801	1 0 0
4802	0 0 1
4803	0 0 1
4804	1 0 0
4805	0 1 0
4806	0 1 0
4807	0 1 0
4808	0 0 1
4809	0 0 1
4810	1 0 0
4811	0 1 0
4812	1 0 0
4813	1 0 0
4814	0 0 1
4815	0 1 0
4816	0 0 1
4817	0 0 1
4818	0 0 1
4819	0 1 0
4820	0 0 1
4821	1 0 0
4822	0 1 0
4823	0 1 0
4824	0 0 1
4825	1 0 0
4826	0 0 1
4827	1 0 0
4828	1 0 0
4829	0 1 0
4830	1 0 0
4831	1 0 0
4832	0 0 1
4833	0 1 0
4834	0 0 1
4835	0 0 1
4836	0 1 0
4837	0 0 1
4838	0 0 1
4839	1 0 0
4840	0 0 1
4841	0 1 0
4842	0 1 0
4843	0 1 0
4844	1 0 0
4845	1 0 0
4846	1 0 0
4847	1 0 0
4848	0 0 1
4849	0 1 0
4850	0 1 0
4851	0 0 1
4852	0 0 1
4853	1 0 0
4854	0 1 0
4855	0 0 1
4856	0 0 1
4857	1 0 0
4858	1 0 0
4859	1 0 0
4860	0 0 1
4861	0 0 1
4862	0 1 0
4863	0 1 0
4864	0 1 0
4865	0 1 0
4866	1 0 0
4867	0 0 1
4868	1 0 0
4869	1 0 0
4870	1 0 0
4871	1 0 0
4872	0 1 0
4873	0 1 0
4874	1 0 0
4875	0 0 1
4876	1 0 0
4877	0 0 1
4878	1 0 0
4879	0 0 1
4880	1 0 0
4881	1 0 0
4882	0 0 1
4883	1 0 0
4884	0 1 0
4885	0 1 0
4886	0 0 1
4887	0 1 0
4888	1 0 0
4889	0 1 0
4890	1 0 0
4891	1 0 0
4892	1 0 0
4893	0 0 1
4894	0 1 0
4895	0 1 0
4896	1 0 0
4897	0 1 0
4898	1 0 0
4899	1 0 0
4900	0 0 1
4901	0 0 1
4902	1 0 0
4903	0 0 1
4904	1 0 0
4905	0 0 1
4906	0 1 0
4907	0 1 0
4908	0 0 1
4909	0 0 1
4910	0 0 1
4911	0 0 1
4912	1 0 0
4913	0 1 0
4914	1 0 0
4915	1 0 0
4916	0 1 0
4917	0 0 1
4918	1 0 0
4919	0 1 0
4920	0 0 1
4921	1 0 0
4922	0 0 1
4923	0 0 1
4924	0 1 0
4925	0 0 1
4926	0 0 1
4927	0 0 1
4928	0 0 1
4929	0 0 1
4930	1 0 0
4931	0 0 1
4932	1 0 0
4933	1 0 0
4934	1 0 0
4935	0 1 0
4936	0 1 0
4937	0 0 1
4938	1 0 0
4939	1 0 0
4940	0 1 0
4941	1 0 0
4942	0 0 1
4943	1 0 0
4944	1 0 0
4945	1 0 0
4946	0 0 1
4947	0 0 1
4948	0 0 1
4949	1 0 0
4950	0 1 0
4951	1 0 0
4952	1 0 0
4953	1 0 0
4954	0 0 1
4955	0 1 0
4956	0 1 0
4957	0 1 0
4958	0 1 0
4959	0 0 1
4960	0 1 0
4961	0 0 1
4962	1 0 0
4963	0 0 1
4964	0 1 0
4965	0 1 0
4966	0 0 1
4967	0 0 1
4968	1 0 0
4969	0 0 1
4970	0 1 0
4971	0 0 1
4972	1 0 0
4973	0 0 1
4974	1 0 0
4975	0 1 0
4976	1 0 0
4977	0 1 0
4978	0 1 0
4979	0 0 1
4980	0 1 0
4981	1 0 0
4982	0 1 0
4983	1 0 0
4984	1 0 0
4985	0 1 0
4986	0 0 1
4987	0 1 0
4988	0 0 1
4989	1 0 0
4990	0 0 1
4991	1 0 0
4992	1 0 0
4993	0 1 0
4994	1 0 0
4995	0 0 1
4996	0 1 0
4997	1 0 0
4998	0 0 1
4999	0 1 0
