0	0	0	
1	0	0	
2	1	1	
3	1	1	
4	0	0	
5	1	1	
6	0	0	
7	0	0	
8	0	0	
9	0	0	
10	0	0	
11	1	0	
12	0	1	
13	0	0	
14	1	0	
15	0	1	
16	1	0	
17	0	1	
18	1	0	
19	0	0	
20	0	1	
21	0	0	
22	1	0	
23	1	0	
24	0	0	
25	1	0	
26	0	1	
27	1	0	
28	0	1	
29	1	1	
30	1	1	
31	0	0	
32	1	1	
33	1	0	
34	0	0	
35	0	0	
36	0	0	
37	0	0	
38	1	0	
39	0	0	
40	0	1	
41	0	0	
42	0	0	
43	1	0	
44	0	1	
45	0	1	
46	1	0	
47	0	0	
48	0	0	
49	0	0	
50	0	0	
51	1	1	
52	0	1	
53	1	1	
54	0	0	
55	0	0	
56	1	1	
57	1	0	
58	0	0	
59	0	1	
60	0	0	
61	1	0	
62	1	0	
63	1	0	
64	0	0	
65	0	0	
66	1	1	
67	0	0	
68	0	0	
69	0	0	
70	1	1	
71	0	1	
72	1	1	
73	0	0	
74	1	1	
75	1	0	
76	1	0	
77	0	0	
78	1	0	
79	1	1	
80	0	0	
81	0	1	
82	0	0	
83	0	0	
84	1	0	
85	1	1	
86	1	0	
87	1	1	
88	1	1	
89	1	1	
90	0	0	
91	0	0	
92	0	0	
93	0	0	
94	0	0	
95	0	0	
96	1	1	
97	0	0	
98	1	0	
99	0	0	
100	1	1	
101	0	0	
102	0	0	
103	0	0	
104	1	1	
105	0	0	
106	0	0	
107	0	1	
108	0	0	
109	0	0	
110	0	0	
111	0	0	
112	0	0	
113	0	1	
114	1	0	
115	0	0	
116	1	0	
117	1	1	
118	1	1	
119	0	0	
120	0	1	
121	0	0	
122	0	1	
123	1	0	
124	0	0	
125	0	0	
126	0	0	
127	1	1	
128	0	0	
129	0	0	
130	0	0	
131	0	1	
132	1	1	
133	1	0	
134	1	0	
135	0	0	
136	1	0	
137	0	0	
138	1	0	
139	0	1	
140	0	1	
141	0	0	
142	0	0	
143	0	0	
144	0	0	
145	0	0	
146	0	0	
147	1	0	
148	0	0	
149	1	1	
150	1	1	
151	0	0	
152	0	0	
153	1	1	
154	0	0	
155	0	1	
156	0	0	
157	1	0	
158	1	1	
159	0	0	
160	1	0	
161	0	0	
162	0	0	
163	0	0	
164	1	0	
165	1	0	
166	0	0	
167	0	1	
168	1	0	
169	1	1	
170	0	0	
171	1	1	
172	1	1	
173	0	0	
174	1	0	
175	0	0	
176	0	0	
177	1	1	
178	0	1	
179	1	1	
180	1	0	
181	1	1	
182	0	1	
183	0	0	
184	1	0	
185	0	0	
186	1	1	
187	1	0	
188	0	0	
189	0	0	
190	1	0	
191	0	0	
192	0	0	
193	0	0	
194	1	1	
195	1	0	
196	1	0	
197	0	0	
198	0	0	
199	0	0	
200	0	1	
201	1	1	
202	0	0	
203	1	1	
204	0	0	
205	0	0	
206	1	0	
207	0	0	
208	0	0	
209	0	0	
210	0	1	
211	1	0	
212	0	0	
213	0	0	
214	1	1	
215	0	0	
216	0	1	
217	1	0	
218	0	0	
219	1	1	
220	0	0	
221	0	0	
222	1	0	
223	0	0	
224	1	1	
225	0	0	
226	1	0	
227	1	1	
228	1	0	
229	1	0	
230	0	0	
231	0	0	
232	0	0	
233	0	0	
234	0	0	
235	0	0	
236	1	1	
237	0	0	
238	1	1	
239	0	0	
240	0	1	
241	0	0	
242	0	0	
243	0	0	
244	1	1	
245	1	0	
246	1	0	
247	0	1	
248	1	0	
249	0	1	
250	0	0	
251	0	0	
252	1	0	
253	1	1	
254	1	1	
255	1	0	
256	1	0	
257	1	1	
258	0	1	
259	0	0	
260	1	1	
261	0	0	
262	1	1	
263	1	0	
264	0	0	
265	1	0	
266	0	0	
267	1	0	
268	0	0	
269	0	0	
270	0	0	
271	0	0	
272	0	0	
273	0	0	
274	1	0	
275	0	0	
276	0	0	
277	0	0	
278	0	0	
279	0	0	
280	1	1	
281	1	0	
282	1	1	
283	1	0	
284	0	0	
285	0	0	
286	1	0	
287	0	0	
288	1	0	
289	0	0	
290	0	0	
291	0	1	
292	1	0	
293	1	1	
294	1	1	
295	0	0	
296	1	1	
297	0	1	
298	0	0	
299	0	0	
300	1	0	
301	0	0	
302	0	0	
303	1	1	
304	1	0	
305	0	0	
306	1	0	
307	0	1	
308	0	0	
309	0	0	
310	1	0	
311	1	0	
312	0	0	
313	0	0	
314	1	1	
315	1	1	
316	0	1	
317	0	0	
318	1	1	
319	0	0	
320	0	0	
321	1	0	
322	0	0	
323	1	0	
324	1	0	
325	1	0	
326	0	0	
327	0	1	
328	0	0	
329	0	0	
330	1	1	
331	0	0	
332	1	0	
333	1	0	
334	1	1	
335	0	0	
336	0	0	
337	1	1	
338	0	0	
339	1	0	
340	0	0	
341	0	0	
342	0	0	
343	1	1	
344	1	0	
345	0	0	
346	0	0	
347	1	1	
348	0	0	
349	0	0	
350	0	0	
351	1	1	
352	0	0	
353	0	0	
354	1	1	
355	1	0	
356	0	0	
357	0	1	
358	1	0	
359	0	0	
360	0	0	
361	0	0	
362	1	1	
363	0	0	
364	1	1	
365	0	0	
366	0	1	
367	0	0	
368	1	1	
369	0	0	
370	0	0	
371	1	1	
372	1	0	
373	1	1	
374	0	0	
375	1	1	
376	0	1	
377	0	0	
378	0	1	
379	0	1	
380	0	0	
381	1	1	
382	1	1	
383	0	0	
384	0	0	
385	0	0	
386	0	0	
387	0	0	
388	0	1	
389	1	1	
390	0	0	
391	1	1	
392	1	0	
393	1	0	
394	1	1	
395	1	0	
396	0	1	
397	1	0	
398	0	1	
399	0	0	
400	0	0	
401	0	0	
402	0	0	
403	0	0	
404	0	0	
405	1	0	
406	0	0	
407	0	0	
408	0	0	
409	1	1	
410	1	1	
411	0	0	
412	1	0	
413	1	0	
414	0	0	
415	1	0	
416	0	0	
417	1	0	
418	1	0	
419	0	0	
420	0	0	
421	1	1	
422	1	1	
423	0	0	
424	0	0	
425	1	0	
426	0	0	
427	1	0	
428	1	0	
429	0	1	
430	1	1	
431	1	0	
432	0	0	
433	0	0	
434	0	1	
435	0	0	
436	0	0	
437	0	1	
438	0	0	
439	0	0	
440	1	0	
441	0	0	
442	0	0	
443	0	0	
444	0	1	
445	1	1	
446	0	0	
447	1	1	
448	0	0	
449	0	0	
450	0	0	
451	0	0	
452	1	1	
453	0	0	
454	0	0	
455	0	0	
456	0	0	
457	0	1	
458	0	0	
459	0	0	
460	1	0	
461	1	1	
462	1	1	
463	0	0	
464	0	0	
465	1	0	
466	1	0	
467	0	1	
468	1	1	
469	0	1	
470	0	0	
471	1	0	
472	1	1	
473	1	0	
474	0	0	
475	1	1	
476	0	0	
477	0	0	
478	0	0	
479	0	0	
480	0	0	
481	1	0	
482	0	0	
483	0	0	
484	1	0	
485	1	1	
486	0	0	
487	0	0	
488	1	0	
489	0	0	
490	0	0	
491	0	0	
492	0	0	
493	0	0	
494	0	0	
495	0	0	
496	1	1	
497	0	0	
498	0	0	
499	0	0	
500	0	0	
501	0	0	
502	1	0	
503	1	1	
504	1	0	
505	0	0	
506	0	0	
507	0	0	
508	1	0	
509	0	0	
510	0	0	
511	0	0	
512	0	1	
513	0	0	
514	0	0	
515	1	0	
516	1	1	
517	0	0	
518	1	1	
519	1	1	
520	0	0	
521	0	0	
522	0	0	
523	0	0	
524	1	1	
525	0	0	
526	0	1	
527	0	0	
528	0	0	
529	0	0	
530	0	0	
531	1	1	
532	1	1	
533	1	1	
534	1	1	
535	1	0	
536	1	0	
537	0	0	
538	0	0	
539	0	0	
540	0	0	
541	0	0	
542	0	1	
543	0	1	
544	1	1	
545	1	0	
546	0	0	
547	0	0	
548	0	0	
549	0	0	
550	0	0	
551	1	1	
552	0	0	
553	0	0	
554	1	0	
555	1	1	
556	1	0	
557	1	1	
558	0	1	
559	0	0	
560	1	0	
561	1	0	
562	1	0	
563	0	0	
564	0	0	
565	0	0	
566	0	0	
567	1	1	
568	0	0	
569	0	0	
570	0	0	
571	1	0	
572	1	0	
573	1	0	
574	1	0	
575	0	0	
576	0	1	
577	0	0	
578	0	0	
579	0	1	
580	0	0	
581	0	0	
582	1	1	
583	0	0	
584	0	0	
585	1	0	
586	0	0	
587	0	0	
588	0	0	
589	0	0	
590	0	0	
591	1	0	
592	1	1	
593	0	0	
594	0	0	
595	1	1	
596	0	0	
597	1	1	
598	0	0	
599	0	0	
600	0	0	
601	1	0	
602	0	1	
603	1	0	
604	1	1	
605	0	0	
606	0	0	
607	1	0	
608	0	0	
609	0	0	
610	0	0	
611	0	1	
612	1	0	
613	0	0	
614	1	1	
615	0	0	
616	0	0	
617	1	0	
618	0	0	
619	1	0	
620	1	1	
621	0	0	
622	0	0	
623	0	0	
624	1	1	
625	1	1	
626	1	0	
627	1	0	
628	0	0	
629	0	0	
630	0	0	
631	0	1	
632	0	0	
633	0	0	
634	0	1	
635	0	0	
636	0	0	
637	0	0	
638	0	0	
639	1	0	
640	0	0	
641	0	0	
642	1	1	
643	1	1	
644	1	1	
645	0	0	
646	1	1	
647	0	0	
648	1	1	
649	0	0	
650	1	0	
651	1	1	
652	1	0	
653	0	0	
654	1	1	
655	1	1	
656	0	1	
657	0	0	
658	0	0	
659	1	1	
660	1	0	
661	0	0	
662	0	0	
663	1	0	
664	1	0	
665	1	1	
666	0	0	
667	0	0	
668	0	0	
669	0	0	
670	0	1	
671	0	0	
672	0	0	
673	1	0	
674	0	1	
675	1	0	
676	0	0	
677	0	0	
678	0	0	
679	0	0	
680	0	1	
681	1	0	
682	0	1	
683	0	0	
684	1	1	
685	1	0	
686	0	1	
687	0	0	
688	1	1	
689	0	0	
690	1	1	
691	0	0	
692	1	0	
693	1	0	
694	0	0	
695	1	0	
696	0	0	
697	0	0	
698	1	1	
699	0	0	
700	0	1	
701	1	0	
702	0	1	
703	0	0	
704	0	0	
705	0	0	
706	0	1	
707	0	0	
708	1	1	
709	1	0	
710	1	0	
711	0	0	
712	0	0	
713	1	0	
714	0	1	
715	0	0	
716	1	0	
717	1	1	
718	0	0	
719	1	1	
720	0	0	
721	0	0	
722	0	1	
723	0	0	
724	1	1	
725	0	1	
726	1	1	
727	0	0	
728	1	0	
729	1	1	
730	0	0	
731	0	0	
732	1	1	
733	1	0	
734	1	0	
735	0	0	
736	0	1	
737	0	0	
738	0	0	
739	0	0	
740	0	1	
741	0	0	
742	0	0	
743	0	1	
744	1	1	
745	0	0	
746	0	1	
747	1	0	
748	0	0	
749	0	0	
750	0	1	
751	0	0	
752	0	0	
753	1	1	
754	1	0	
755	1	0	
756	1	0	
757	0	0	
758	0	0	
759	0	0	
760	1	0	
761	0	1	
762	0	0	
763	0	0	
764	0	1	
765	0	1	
766	1	1	
767	0	0	
768	1	1	
769	1	0	
770	1	0	
771	0	0	
772	0	0	
773	0	0	
774	0	1	
775	0	0	
776	1	0	
777	0	1	
778	0	0	
779	0	0	
780	0	1	
781	1	0	
782	1	1	
783	0	0	
784	0	0	
785	1	0	
786	1	1	
787	0	0	
788	0	0	
789	0	0	
790	0	0	
791	0	0	
792	1	1	
793	1	0	
794	0	0	
795	0	0	
796	1	1	
797	0	0	
798	1	1	
799	1	1	
800	0	1	
801	0	0	
802	0	0	
803	0	0	
804	1	0	
805	0	0	
806	0	0	
807	0	0	
808	0	1	
809	0	0	
810	1	0	
811	0	1	
812	0	0	
813	1	1	
814	0	0	
815	0	0	
816	1	1	
817	0	0	
818	1	0	
819	0	0	
820	0	0	
821	1	0	
822	1	0	
823	1	0	
824	1	0	
825	0	0	
826	1	1	
827	0	0	
828	1	1	
829	1	0	
830	0	0	
831	1	0	
832	0	0	
833	0	0	
834	0	0	
835	0	0	
836	1	1	
837	0	0	
838	0	0	
839	0	1	
840	0	0	
841	0	0	
842	0	0	
843	1	0	
844	0	0	
845	1	0	
846	1	1	
847	1	0	
848	0	0	
849	0	0	
850	1	0	
851	1	0	
852	0	0	
853	0	0	
854	0	1	
855	1	1	
856	0	0	
857	0	0	
858	0	0	
859	0	0	
860	1	1	
861	1	1	
862	0	1	
863	0	0	
864	1	0	
865	0	1	
866	0	0	
867	1	0	
868	1	0	
869	0	0	
870	0	0	
871	0	0	
872	1	1	
873	0	1	
874	0	0	
875	0	0	
876	0	0	
877	0	1	
878	1	0	
879	0	0	
880	0	1	
881	0	0	
882	0	0	
883	1	0	
884	1	1	
885	0	1	
886	1	1	
887	0	0	
888	1	0	
889	0	0	
890	1	1	
891	1	1	
892	0	1	
893	0	0	
894	0	0	
895	0	0	
896	0	0	
897	0	1	
898	0	0	
899	0	1	
900	1	1	
901	1	1	
902	0	0	
903	0	0	
904	0	0	
905	1	0	
906	0	0	
907	1	0	
908	0	0	
909	0	0	
910	1	0	
911	0	0	
912	0	0	
913	0	1	
914	0	0	
915	1	0	
916	0	0	
917	0	0	
918	0	0	
919	0	0	
920	1	1	
921	1	0	
922	0	1	
923	1	0	
924	0	1	
925	0	0	
926	0	0	
927	1	1	
928	0	0	
929	0	0	
930	0	0	
931	1	0	
932	0	0	
933	0	0	
934	0	1	
935	0	0	
936	0	0	
937	1	1	
938	1	1	
939	0	0	
940	0	0	
941	1	1	
942	1	1	
943	0	0	
944	0	0	
945	1	1	
946	0	0	
947	0	1	
948	0	0	
949	1	0	
950	1	1	
951	0	0	
952	0	0	
953	0	1	
954	0	0	
955	0	0	
956	0	1	
957	1	0	
958	0	0	
959	0	0	
960	1	0	
961	0	0	
962	0	1	
963	0	1	
964	0	0	
965	0	0	
966	1	0	
967	1	1	
968	0	0	
969	1	1	
970	0	0	
971	0	1	
972	1	1	
973	1	1	
974	0	0	
975	0	0	
976	1	0	
977	1	0	
978	0	0	
979	0	1	
980	0	0	
981	0	1	
982	0	0	
983	0	0	
984	0	0	
985	0	0	
986	0	1	
987	0	0	
988	0	1	
989	0	0	
990	1	0	
991	0	0	
992	1	1	
993	0	0	
994	0	1	
995	0	0	
996	1	0	
997	0	1	
998	0	0	
999	0	0	
1000	1	0	
1001	0	0	
1002	0	0	
1003	1	1	
1004	0	0	
1005	0	0	
1006	0	1	
1007	1	1	
1008	0	0	
1009	0	0	
1010	0	0	
1011	1	0	
1012	0	0	
1013	1	0	
1014	0	0	
1015	1	1	
1016	1	1	
1017	1	1	
1018	1	1	
1019	0	1	
1020	1	1	
1021	1	1	
1022	0	0	
1023	0	0	
1024	0	0	
1025	1	1	
1026	0	1	
1027	0	0	
1028	0	0	
1029	1	0	
1030	0	0	
1031	0	0	
1032	1	0	
1033	1	0	
1034	0	0	
1035	0	1	
1036	1	1	
1037	0	1	
1038	1	0	
1039	1	0	
1040	1	1	
1041	1	1	
1042	0	1	
1043	0	1	
1044	0	0	
1045	0	0	
1046	0	1	
1047	1	0	
1048	0	0	
1049	1	0	
1050	0	0	
1051	1	0	
1052	0	0	
1053	0	0	
1054	0	0	
1055	1	0	
1056	0	1	
1057	0	0	
1058	0	1	
1059	0	0	
1060	0	0	
1061	1	1	
1062	1	1	
1063	0	0	
1064	0	1	
1065	1	1	
1066	0	0	
1067	0	0	
1068	0	0	
1069	0	0	
1070	0	0	
1071	1	0	
1072	0	0	
1073	1	0	
1074	1	0	
1075	1	0	
1076	1	1	
1077	1	0	
1078	0	0	
1079	0	0	
1080	0	0	
1081	1	0	
1082	0	0	
1083	0	0	
1084	0	0	
1085	0	0	
1086	0	0	
1087	1	0	
1088	0	0	
1089	1	1	
1090	0	0	
1091	0	0	
1092	0	0	
1093	0	1	
1094	1	1	
1095	0	0	
1096	1	1	
1097	1	1	
1098	0	0	
1099	0	0	
1100	0	0	
1101	0	0	
1102	0	0	
1103	0	1	
1104	0	0	
1105	1	1	
1106	1	0	
1107	0	1	
1108	0	0	
1109	0	1	
1110	1	1	
1111	0	0	
1112	1	1	
1113	0	0	
1114	0	0	
1115	0	1	
1116	1	1	
1117	0	0	
1118	1	0	
1119	1	1	
1120	0	0	
1121	0	1	
1122	0	0	
1123	1	1	
1124	0	0	
1125	0	0	
1126	0	0	
1127	1	1	
1128	1	1	
1129	0	0	
1130	0	0	
1131	0	1	
1132	0	0	
1133	0	0	
1134	0	0	
1135	0	0	
1136	0	0	
1137	0	0	
1138	0	0	
1139	1	0	
1140	0	0	
1141	0	0	
1142	0	0	
1143	0	0	
1144	1	0	
1145	0	0	
1146	0	0	
1147	0	0	
1148	1	0	
1149	0	0	
1150	0	0	
1151	0	0	
1152	1	1	
1153	0	1	
1154	0	0	
1155	0	0	
1156	1	1	
1157	0	0	
1158	1	1	
1159	1	0	
1160	0	0	
1161	0	1	
1162	1	0	
1163	1	0	
1164	0	0	
1165	0	0	
1166	0	0	
1167	0	1	
1168	1	0	
1169	0	0	
1170	1	1	
1171	0	0	
1172	1	0	
1173	0	0	
1174	0	0	
1175	0	0	
1176	0	0	
1177	1	1	
1178	1	0	
1179	0	1	
1180	0	1	
1181	0	0	
1182	1	1	
1183	0	0	
1184	0	0	
1185	0	0	
1186	0	1	
1187	0	1	
1188	0	0	
1189	1	0	
1190	0	1	
1191	0	0	
1192	0	0	
1193	0	0	
1194	0	0	
1195	0	0	
1196	0	0	
1197	0	1	
1198	0	1	
1199	1	1	
1200	1	1	
1201	0	1	
1202	1	1	
1203	0	1	
1204	0	0	
1205	1	0	
1206	1	0	
1207	1	1	
1208	0	0	
1209	1	1	
1210	0	0	
1211	0	0	
1212	0	0	
1213	0	0	
1214	0	1	
1215	0	0	
1216	0	0	
1217	1	1	
1218	1	0	
1219	1	1	
1220	1	0	
1221	1	0	
1222	0	0	
1223	0	0	
1224	1	1	
1225	0	1	
1226	1	1	
1227	0	0	
1228	0	0	
1229	0	0	
1230	0	0	
1231	0	0	
1232	0	0	
1233	0	0	
1234	0	0	
1235	1	0	
1236	0	0	
1237	0	0	
1238	0	0	
1239	0	0	
1240	1	0	
1241	1	1	
1242	0	1	
1243	0	0	
1244	0	0	
1245	0	1	
1246	0	1	
1247	0	0	
1248	0	0	
1249	0	0	
1250	0	0	
1251	1	0	
1252	0	0	
1253	1	0	
1254	0	0	
1255	1	1	
1256	0	0	
1257	1	1	
1258	0	0	
1259	1	1	
1260	0	0	
1261	0	0	
1262	0	1	
1263	0	0	
1264	0	1	
1265	1	0	
1266	1	0	
1267	0	0	
1268	1	1	
1269	0	0	
1270	0	0	
1271	0	0	
1272	1	0	
1273	0	0	
1274	0	0	
1275	0	0	
1276	0	0	
1277	0	1	
1278	1	1	
1279	1	0	
1280	0	0	
1281	0	1	
1282	1	1	
1283	1	0	
1284	0	0	
1285	1	0	
1286	0	0	
1287	1	1	
1288	0	0	
1289	0	0	
1290	0	1	
1291	1	1	
1292	0	0	
1293	0	0	
1294	1	0	
1295	1	1	
1296	1	0	
1297	1	0	
1298	1	1	
1299	0	0	
1300	0	0	
1301	0	1	
1302	0	1	
1303	1	1	
1304	0	0	
1305	0	1	
1306	1	0	
1307	0	0	
1308	0	0	
1309	1	1	
1310	1	1	
1311	0	0	
1312	0	0	
1313	0	0	
1314	0	1	
1315	0	0	
1316	0	0	
1317	1	0	
1318	1	0	
1319	0	0	
1320	1	0	
1321	1	0	
1322	0	0	
1323	0	1	
1324	0	1	
1325	1	0	
1326	0	0	
1327	1	0	
1328	0	0	
1329	1	1	
1330	0	1	
1331	1	1	
1332	1	0	
1333	0	0	
1334	0	0	
1335	0	1	
1336	0	1	
1337	0	0	
1338	1	1	
1339	1	0	
1340	0	0	
1341	0	0	
1342	1	1	
1343	0	0	
1344	1	0	
1345	0	0	
1346	0	0	
1347	0	1	
1348	0	1	
1349	0	1	
1350	0	0	
1351	0	0	
1352	0	0	
1353	1	1	
1354	1	1	
1355	1	0	
1356	0	0	
1357	0	0	
1358	0	0	
1359	1	1	
1360	0	0	
1361	0	0	
1362	1	1	
1363	0	0	
1364	0	0	
1365	1	0	
1366	1	1	
1367	0	0	
1368	0	0	
1369	0	0	
1370	1	1	
1371	1	1	
1372	0	0	
1373	1	1	
1374	1	0	
1375	0	0	
1376	0	0	
1377	0	0	
1378	1	1	
1379	0	0	
1380	0	0	
1381	0	0	
1382	0	1	
1383	1	1	
1384	0	1	
1385	0	1	
1386	0	0	
1387	0	0	
1388	1	1	
1389	0	0	
1390	1	1	
1391	1	0	
1392	0	0	
1393	1	1	
1394	0	0	
1395	1	1	
1396	0	0	
1397	0	1	
1398	0	0	
1399	0	0	
1400	1	0	
1401	0	0	
1402	0	0	
1403	1	1	
1404	0	0	
1405	1	0	
1406	0	0	
1407	1	1	
1408	0	0	
1409	0	0	
1410	0	0	
1411	0	1	
1412	0	1	
1413	1	0	
1414	1	1	
1415	1	1	
1416	0	0	
1417	0	0	
1418	1	1	
1419	0	0	
1420	1	0	
1421	1	0	
1422	0	0	
1423	0	0	
1424	0	0	
1425	0	0	
1426	0	0	
1427	1	0	
1428	0	1	
1429	0	0	
1430	0	0	
1431	0	0	
1432	0	0	
1433	1	0	
1434	0	0	
1435	1	1	
1436	0	0	
1437	0	0	
1438	0	0	
1439	1	1	
1440	0	1	
1441	1	1	
1442	1	1	
1443	0	0	
1444	0	0	
1445	0	1	
1446	0	0	
1447	1	1	
1448	0	0	
1449	1	0	
1450	1	0	
1451	0	0	
1452	0	0	
1453	0	0	
1454	1	0	
1455	0	0	
1456	0	0	
1457	1	0	
1458	0	0	
1459	0	0	
1460	0	0	
1461	0	0	
1462	0	1	
1463	0	0	
1464	1	0	
1465	0	0	
1466	1	0	
1467	0	0	
1468	1	1	
1469	1	1	
1470	0	0	
1471	1	1	
1472	0	0	
1473	1	1	
1474	1	1	
1475	0	0	
1476	0	0	
1477	1	1	
1478	0	0	
1479	1	1	
1480	1	0	
1481	0	0	
1482	1	1	
1483	0	0	
1484	1	0	
1485	0	0	
1486	0	0	
1487	0	0	
1488	0	0	
1489	1	0	
1490	0	0	
1491	0	0	
1492	1	0	
1493	0	0	
1494	0	0	
1495	1	0	
1496	0	0	
1497	0	0	
1498	0	0	
1499	1	1	
1500	0	0	
1501	0	0	
1502	1	0	
1503	1	0	
1504	1	1	
1505	0	1	
1506	0	1	
1507	0	0	
1508	0	0	
1509	1	0	
1510	1	1	
1511	1	1	
1512	0	0	
1513	0	0	
1514	0	0	
1515	0	0	
1516	0	1	
1517	0	0	
1518	0	0	
1519	0	0	
1520	1	0	
1521	0	1	
1522	1	0	
1523	0	0	
1524	1	1	
1525	1	1	
1526	0	0	
1527	0	0	
1528	1	1	
1529	0	1	
1530	0	1	
1531	1	0	
1532	0	0	
1533	1	0	
1534	0	0	
1535	0	1	
1536	0	0	
1537	0	0	
1538	1	1	
1539	1	1	
1540	1	1	
1541	1	0	
1542	0	0	
1543	1	0	
1544	0	0	
1545	1	0	
1546	1	1	
1547	0	0	
1548	1	0	
1549	1	0	
1550	0	0	
1551	0	0	
1552	0	1	
1553	0	0	
1554	0	0	
1555	1	0	
1556	0	0	
1557	1	1	
1558	1	1	
1559	0	0	
1560	1	0	
1561	0	0	
1562	0	0	
1563	0	0	
1564	1	0	
1565	0	0	
1566	0	1	
1567	0	0	
1568	0	0	
1569	0	0	
1570	1	1	
1571	0	0	
1572	0	0	
1573	0	1	
1574	1	0	
1575	1	0	
1576	0	0	
1577	0	0	
1578	0	1	
1579	0	0	
1580	1	1	
1581	0	1	
1582	1	0	
1583	1	0	
1584	0	0	
1585	0	0	
1586	0	1	
1587	0	0	
1588	0	0	
1589	1	0	
1590	0	0	
1591	0	0	
1592	1	1	
1593	1	1	
1594	1	1	
1595	0	0	
1596	0	0	
1597	1	1	
1598	0	0	
1599	0	0	
1600	1	0	
1601	0	0	
1602	1	1	
1603	0	0	
1604	0	1	
1605	1	1	
1606	0	0	
1607	1	1	
1608	0	0	
1609	1	0	
1610	1	0	
1611	1	1	
1612	0	0	
1613	0	0	
1614	1	1	
1615	0	0	
1616	0	0	
1617	1	0	
1618	0	0	
1619	0	0	
1620	0	0	
1621	1	1	
1622	1	1	
1623	0	0	
1624	0	1	
1625	1	1	
1626	0	0	
1627	1	1	
1628	0	0	
1629	0	0	
1630	0	0	
1631	1	1	
1632	0	1	
1633	0	0	
1634	1	0	
1635	0	0	
1636	0	0	
1637	1	1	
1638	0	1	
1639	0	0	
1640	1	1	
1641	0	0	
1642	1	0	
1643	1	1	
1644	0	0	
1645	0	0	
1646	1	1	
1647	1	0	
1648	1	0	
1649	0	0	
1650	1	0	
1651	0	0	
1652	0	1	
1653	1	1	
1654	0	0	
1655	1	1	
1656	0	0	
1657	0	0	
1658	1	1	
1659	0	1	
1660	0	0	
1661	1	1	
1662	0	1	
1663	1	1	
1664	0	0	
1665	0	1	
1666	0	0	
1667	0	0	
1668	0	0	
1669	1	0	
1670	0	0	
1671	0	0	
1672	1	1	
1673	1	0	
1674	0	0	
1675	1	1	
1676	0	0	
1677	0	1	
1678	0	0	
1679	1	1	
1680	1	0	
1681	1	0	
1682	0	1	
1683	0	0	
1684	1	0	
1685	0	1	
1686	1	0	
1687	0	0	
1688	1	0	
1689	0	0	
1690	0	0	
1691	0	0	
1692	1	0	
1693	0	0	
1694	0	1	
1695	0	0	
1696	1	0	
1697	1	0	
1698	0	0	
1699	0	0	
1700	0	0	
1701	0	0	
1702	1	1	
1703	1	1	
1704	0	0	
1705	0	0	
1706	0	0	
1707	0	0	
1708	0	1	
1709	1	0	
1710	1	0	
1711	0	0	
1712	1	1	
1713	1	0	
1714	0	1	
1715	1	1	
1716	1	0	
1717	0	0	
1718	0	0	
1719	0	0	
1720	1	0	
1721	0	0	
1722	0	0	
1723	0	0	
1724	0	0	
1725	1	1	
1726	1	1	
1727	0	0	
1728	0	1	
1729	1	0	
1730	0	0	
1731	1	0	
1732	0	0	
1733	0	0	
1734	0	0	
1735	0	0	
1736	0	0	
1737	0	0	
1738	0	0	
1739	1	0	
1740	1	0	
1741	0	0	
1742	1	0	
1743	1	0	
1744	1	1	
1745	0	1	
1746	0	0	
1747	1	1	
1748	0	1	
1749	0	0	
1750	1	0	
1751	0	1	
1752	1	1	
1753	1	0	
1754	0	0	
1755	0	0	
1756	0	0	
1757	0	0	
1758	1	1	
1759	1	0	
1760	1	0	
1761	1	1	
1762	1	0	
1763	1	1	
1764	0	0	
1765	0	1	
1766	0	1	
1767	1	0	
1768	0	0	
1769	1	1	
1770	0	0	
1771	0	0	
1772	0	1	
1773	1	0	
1774	0	0	
1775	0	0	
1776	1	1	
1777	1	0	
1778	1	0	
1779	1	1	
1780	1	0	
1781	0	0	
1782	1	0	
1783	0	1	
1784	0	1	
1785	1	0	
1786	0	0	
1787	0	0	
1788	1	0	
1789	0	0	
1790	1	1	
1791	0	1	
1792	0	0	
1793	0	0	
1794	1	0	
1795	0	1	
1796	1	0	
1797	1	0	
1798	0	0	
1799	1	0	
1800	0	0	
1801	0	0	
1802	1	0	
1803	0	0	
1804	1	1	
1805	0	0	
1806	0	1	
1807	0	1	
1808	0	0	
1809	0	0	
1810	0	0	
1811	0	0	
1812	1	0	
1813	1	0	
1814	0	0	
1815	0	0	
1816	1	0	
1817	1	0	
1818	0	0	
1819	0	0	
1820	1	1	
1821	0	0	
1822	0	1	
1823	0	1	
1824	0	0	
1825	1	0	
1826	0	0	
1827	0	1	
1828	1	1	
1829	1	0	
1830	0	0	
1831	0	1	
1832	1	1	
1833	1	0	
1834	0	0	
1835	0	1	
1836	1	0	
1837	0	0	
1838	0	0	
1839	0	0	
1840	0	0	
1841	0	0	
1842	0	0	
1843	1	1	
1844	1	0	
1845	1	0	
1846	0	0	
1847	1	1	
1848	0	0	
1849	0	0	
1850	1	0	
1851	0	0	
1852	1	1	
1853	0	0	
1854	0	0	
1855	0	1	
1856	0	0	
1857	0	1	
1858	0	0	
1859	1	0	
1860	1	0	
1861	0	0	
1862	1	0	
1863	1	0	
1864	0	0	
1865	1	1	
1866	1	0	
1867	1	1	
1868	1	1	
1869	1	1	
1870	0	0	
1871	0	1	
1872	0	0	
1873	1	1	
1874	0	0	
1875	0	0	
1876	0	1	
1877	0	1	
1878	1	1	
1879	0	0	
1880	0	0	
1881	1	0	
1882	1	1	
1883	0	1	
1884	1	1	
1885	0	0	
1886	1	1	
1887	0	0	
1888	0	0	
1889	0	0	
1890	0	0	
1891	0	0	
1892	0	1	
1893	0	1	
1894	0	0	
1895	1	1	
1896	0	1	
1897	0	0	
1898	1	1	
1899	0	0	
1900	1	0	
1901	0	1	
1902	0	0	
1903	1	0	
1904	1	0	
1905	0	0	
1906	0	0	
1907	1	1	
1908	1	1	
1909	0	0	
1910	0	0	
1911	0	0	
1912	0	0	
1913	1	1	
1914	1	1	
1915	0	0	
1916	0	0	
1917	1	1	
1918	1	0	
1919	0	0	
1920	0	1	
1921	0	0	
1922	0	0	
1923	1	0	
1924	0	0	
1925	0	0	
1926	0	1	
1927	0	0	
1928	0	0	
1929	0	0	
1930	0	0	
1931	0	0	
1932	1	1	
1933	0	0	
1934	0	0	
1935	1	0	
1936	1	1	
1937	1	0	
1938	0	0	
1939	1	1	
1940	0	0	
1941	0	0	
1942	1	1	
1943	0	1	
1944	1	1	
1945	1	0	
1946	0	0	
1947	1	1	
1948	0	0	
1949	0	1	
1950	1	0	
1951	1	0	
1952	0	0	
1953	0	0	
1954	1	1	
1955	1	1	
1956	1	0	
1957	0	0	
1958	0	0	
1959	0	0	
1960	1	1	
1961	0	0	
1962	1	1	
1963	0	0	
1964	0	0	
1965	1	1	
1966	0	0	
1967	0	0	
1968	0	0	
1969	1	1	
1970	0	0	
1971	0	0	
1972	1	1	
1973	0	0	
1974	0	0	
1975	0	0	
1976	1	1	
1977	1	0	
1978	0	0	
1979	1	1	
1980	0	0	
1981	0	0	
1982	0	1	
1983	0	0	
1984	1	0	
1985	0	0	
1986	0	0	
1987	0	0	
1988	0	0	
1989	0	0	
1990	1	1	
1991	1	1	
1992	0	0	
1993	0	0	
1994	0	0	
1995	0	0	
1996	0	0	
1997	0	0	
1998	1	0	
1999	0	1	
2000	1	0	
2001	0	0	
2002	0	0	
2003	1	0	
2004	0	0	
2005	0	0	
2006	1	1	
2007	1	1	
2008	0	1	
2009	1	1	
2010	1	1	
2011	0	0	
2012	0	0	
2013	0	1	
2014	0	0	
2015	0	0	
2016	0	0	
2017	0	0	
2018	0	1	
2019	1	1	
2020	1	1	
2021	1	0	
2022	0	0	
2023	0	0	
2024	0	0	
2025	1	0	
2026	1	0	
2027	0	0	
2028	0	1	
2029	0	1	
2030	1	0	
2031	0	0	
2032	0	0	
2033	1	0	
2034	1	0	
2035	0	0	
2036	0	0	
2037	1	1	
2038	0	1	
2039	1	0	
2040	0	0	
2041	1	1	
2042	1	0	
2043	0	0	
2044	1	0	
2045	0	1	
2046	0	0	
2047	0	0	
2048	0	0	
2049	1	1	
2050	0	1	
2051	1	0	
2052	0	0	
2053	0	0	
2054	0	0	
2055	1	0	
2056	0	0	
2057	1	0	
2058	1	1	
2059	0	0	
2060	1	0	
2061	0	0	
2062	0	0	
2063	0	0	
2064	0	0	
2065	0	0	
2066	0	0	
2067	0	0	
2068	0	0	
2069	0	0	
2070	0	0	
2071	0	0	
2072	0	0	
2073	1	0	
2074	0	0	
2075	0	0	
2076	0	0	
2077	0	0	
2078	0	1	
2079	0	0	
2080	0	0	
2081	1	0	
2082	0	0	
2083	0	0	
2084	0	0	
2085	0	1	
2086	0	0	
2087	1	0	
2088	1	0	
2089	0	0	
2090	0	1	
2091	0	0	
2092	0	1	
2093	1	1	
2094	0	0	
2095	1	0	
2096	1	1	
2097	1	0	
2098	1	0	
2099	0	0	
2100	1	1	
2101	0	0	
2102	0	0	
2103	0	0	
2104	1	0	
2105	1	0	
2106	0	0	
2107	0	0	
2108	1	1	
2109	0	0	
2110	0	0	
2111	0	0	
2112	1	1	
2113	1	0	
2114	0	0	
2115	1	0	
2116	0	0	
2117	0	0	
2118	0	0	
2119	1	1	
2120	0	0	
2121	0	0	
2122	0	1	
2123	0	0	
2124	1	0	
2125	0	0	
2126	0	0	
2127	1	1	
2128	0	0	
2129	0	0	
2130	1	1	
2131	1	1	
2132	1	1	
2133	1	1	
2134	0	0	
2135	1	0	
2136	1	0	
2137	0	0	
2138	1	1	
2139	0	0	
2140	0	0	
2141	0	0	
2142	0	0	
2143	1	1	
2144	0	1	
2145	0	0	
2146	1	0	
2147	1	1	
2148	0	0	
2149	1	0	
2150	1	1	
2151	1	0	
2152	1	1	
2153	1	0	
2154	1	1	
2155	0	0	
2156	0	0	
2157	0	0	
2158	0	0	
2159	0	0	
2160	1	0	
2161	0	0	
2162	0	0	
2163	0	0	
2164	0	0	
2165	1	0	
2166	0	0	
2167	0	0	
2168	0	0	
2169	1	1	
2170	1	1	
2171	0	0	
2172	0	0	
2173	1	0	
2174	0	0	
2175	0	0	
2176	1	1	
2177	1	1	
2178	1	0	
2179	0	0	
2180	0	0	
2181	1	0	
2182	1	1	
2183	0	0	
2184	0	0	
2185	1	0	
2186	0	0	
2187	1	0	
2188	1	0	
2189	0	0	
2190	1	1	
2191	0	0	
2192	1	0	
2193	0	0	
2194	1	1	
2195	1	1	
2196	1	1	
2197	0	0	
2198	0	0	
2199	1	1	
2200	0	0	
2201	1	0	
2202	1	1	
2203	1	0	
2204	0	0	
2205	1	1	
2206	0	0	
2207	0	0	
2208	0	0	
2209	0	1	
2210	0	0	
2211	0	0	
2212	1	1	
2213	0	0	
2214	0	1	
2215	0	0	
2216	0	0	
2217	0	0	
2218	0	0	
2219	1	0	
2220	1	0	
2221	0	0	
2222	0	0	
2223	0	1	
2224	0	1	
2225	1	1	
2226	0	0	
2227	0	0	
2228	0	0	
2229	0	1	
2230	0	0	
2231	0	0	
2232	0	0	
2233	1	1	
2234	0	1	
2235	1	1	
2236	0	0	
2237	0	0	
2238	0	1	
2239	0	0	
2240	0	0	
2241	0	1	
2242	1	1	
2243	1	1	
2244	0	0	
2245	0	0	
2246	0	0	
2247	0	1	
2248	0	0	
2249	0	0	
2250	0	0	
2251	0	0	
2252	1	0	
2253	0	0	
2254	0	0	
2255	0	0	
2256	1	0	
2257	0	0	
2258	0	1	
2259	1	1	
2260	0	0	
2261	0	0	
2262	0	0	
2263	0	0	
2264	0	1	
2265	0	0	
2266	0	0	
2267	0	1	
2268	0	0	
2269	0	0	
2270	0	0	
2271	0	0	
2272	0	0	
2273	0	0	
2274	1	1	
2275	0	0	
2276	0	1	
2277	0	0	
2278	0	1	
2279	0	0	
2280	0	0	
2281	0	0	
2282	0	1	
2283	0	0	
2284	0	0	
2285	1	1	
2286	0	0	
2287	0	0	
2288	0	0	
2289	1	1	
2290	0	0	
2291	0	0	
2292	1	1	
2293	0	0	
2294	0	0	
2295	1	0	
2296	0	1	
2297	0	0	
2298	1	0	
2299	0	1	
2300	1	0	
2301	0	0	
2302	1	0	
2303	0	0	
2304	1	0	
2305	0	0	
2306	0	0	
2307	1	1	
2308	1	1	
2309	0	0	
2310	0	0	
2311	0	1	
2312	0	0	
2313	0	0	
2314	1	0	
2315	1	0	
2316	0	0	
2317	1	0	
2318	0	0	
2319	0	0	
2320	0	0	
2321	0	0	
2322	0	0	
2323	0	0	
2324	0	0	
2325	0	0	
2326	0	0	
2327	1	0	
2328	1	0	
2329	0	0	
2330	1	0	
2331	1	0	
2332	0	0	
2333	0	0	
2334	0	0	
2335	1	0	
2336	1	0	
2337	0	0	
2338	0	0	
2339	0	0	
2340	1	1	
2341	0	0	
2342	0	0	
2343	0	0	
2344	0	0	
2345	1	0	
2346	0	0	
2347	0	0	
2348	1	0	
2349	0	1	
2350	0	0	
2351	1	0	
2352	0	0	
2353	0	1	
2354	1	1	
2355	1	0	
2356	0	0	
2357	1	0	
2358	0	0	
2359	0	0	
2360	0	0	
2361	0	1	
2362	1	1	
2363	0	0	
2364	1	1	
2365	0	0	
2366	0	0	
2367	0	0	
2368	0	0	
2369	0	0	
2370	1	1	
2371	0	0	
2372	0	0	
2373	0	0	
2374	1	1	
2375	0	0	
2376	0	0	
2377	0	1	
2378	0	1	
2379	1	0	
2380	0	0	
2381	0	0	
2382	0	0	
2383	0	0	
2384	1	1	
2385	1	0	
2386	1	0	
2387	0	0	
2388	0	0	
2389	0	0	
2390	0	0	
2391	1	1	
2392	0	0	
2393	0	0	
2394	1	1	
2395	0	1	
2396	1	1	
2397	0	0	
2398	0	0	
2399	1	1	
2400	0	0	
2401	0	0	
2402	0	0	
2403	0	0	
2404	1	1	
2405	0	0	
2406	0	0	
2407	1	1	
2408	0	0	
2409	0	0	
2410	0	0	
2411	1	1	
2412	0	0	
2413	1	0	
2414	0	0	
2415	0	0	
2416	1	0	
2417	0	0	
2418	0	0	
2419	0	0	
2420	1	0	
2421	1	1	
2422	1	0	
2423	1	0	
2424	0	1	
2425	1	1	
2426	0	0	
2427	0	0	
2428	1	0	
2429	0	1	
2430	0	0	
2431	1	0	
2432	1	1	
2433	0	0	
2434	0	0	
2435	0	0	
2436	0	0	
2437	0	0	
2438	0	0	
2439	0	1	
2440	0	1	
2441	1	0	
2442	0	0	
2443	0	0	
2444	0	0	
2445	1	0	
2446	0	0	
2447	1	1	
2448	0	0	
2449	0	0	
2450	1	1	
2451	0	0	
2452	1	0	
2453	1	0	
2454	1	1	
2455	0	0	
2456	1	1	
2457	1	1	
2458	0	0	
2459	1	0	
2460	0	0	
2461	0	0	
2462	0	0	
2463	0	1	
2464	1	1	
2465	0	0	
2466	0	0	
2467	1	0	
2468	1	1	
2469	0	0	
2470	0	0	
2471	0	0	
2472	1	0	
2473	1	0	
2474	0	1	
2475	0	0	
2476	0	0	
2477	1	0	
2478	0	0	
2479	1	0	
2480	1	0	
2481	1	0	
2482	0	0	
2483	1	0	
2484	1	1	
2485	1	0	
2486	1	0	
2487	1	1	
2488	0	0	
2489	0	0	
2490	0	0	
2491	0	0	
2492	0	0	
2493	0	1	
2494	0	0	
2495	0	0	
2496	1	1	
2497	0	0	
2498	1	1	
2499	0	0	
2500	0	1	
2501	0	0	
2502	0	1	
2503	0	0	
2504	0	0	
2505	0	0	
2506	0	0	
2507	0	0	
2508	0	0	
2509	0	0	
2510	0	0	
2511	0	0	
2512	0	0	
2513	0	0	
2514	0	0	
2515	0	0	
2516	1	0	
2517	1	1	
2518	0	0	
2519	1	0	
2520	1	0	
2521	1	1	
2522	0	0	
2523	0	0	
2524	0	0	
2525	0	0	
2526	0	0	
2527	0	0	
2528	0	0	
2529	1	1	
2530	0	1	
2531	0	0	
2532	0	0	
2533	1	0	
2534	1	1	
2535	0	1	
2536	0	0	
2537	0	0	
2538	1	1	
2539	1	1	
2540	0	0	
2541	1	0	
2542	1	1	
2543	0	0	
2544	0	0	
2545	1	1	
2546	0	0	
2547	0	0	
2548	1	0	
2549	0	0	
2550	0	1	
2551	1	1	
2552	0	1	
2553	0	1	
2554	1	1	
2555	1	1	
2556	0	1	
2557	1	0	
2558	0	0	
2559	0	0	
2560	0	0	
2561	0	1	
2562	0	0	
2563	0	1	
2564	0	0	
2565	0	0	
2566	0	0	
2567	1	1	
2568	0	0	
2569	0	0	
2570	1	0	
2571	0	0	
2572	0	0	
2573	1	0	
2574	0	0	
2575	0	0	
2576	0	0	
2577	0	0	
2578	1	0	
2579	0	0	
2580	1	0	
2581	0	0	
2582	0	1	
2583	0	0	
2584	0	0	
2585	1	0	
2586	1	0	
2587	0	0	
2588	0	1	
2589	0	1	
2590	1	0	
2591	0	0	
2592	0	0	
2593	0	0	
2594	1	1	
2595	1	0	
2596	1	0	
2597	0	1	
2598	0	0	
2599	0	0	
2600	0	0	
2601	0	0	
2602	1	0	
2603	1	0	
2604	0	0	
2605	0	1	
2606	1	0	
2607	0	0	
2608	0	0	
2609	0	0	
2610	0	1	
2611	1	0	
2612	0	0	
2613	0	0	
2614	0	0	
2615	1	0	
2616	1	1	
2617	1	0	
2618	0	0	
2619	0	1	
2620	1	1	
2621	0	1	
2622	0	0	
2623	1	1	
2624	1	1	
2625	1	0	
2626	0	0	
2627	0	0	
2628	1	0	
2629	1	1	
2630	1	1	
2631	1	1	
2632	1	0	
2633	0	0	
2634	1	1	
2635	1	1	
2636	0	0	
2637	1	1	
2638	0	0	
2639	0	0	
2640	0	0	
2641	0	0	
2642	0	0	
2643	0	0	
2644	1	0	
2645	0	0	
2646	0	0	
2647	1	1	
2648	0	0	
2649	0	0	
2650	0	0	
2651	0	0	
2652	1	0	
2653	1	0	
2654	0	0	
2655	0	0	
2656	0	0	
2657	0	0	
2658	1	0	
2659	0	0	
2660	1	1	
2661	1	0	
2662	0	0	
2663	0	0	
2664	1	0	
2665	1	0	
2666	0	0	
2667	0	0	
2668	0	0	
2669	1	1	
2670	0	0	
2671	0	0	
2672	0	0	
2673	1	1	
2674	0	0	
2675	0	0	
2676	0	0	
2677	0	1	
2678	0	0	
2679	0	1	
2680	0	0	
2681	0	0	
2682	0	0	
2683	0	1	
2684	1	0	
2685	0	0	
2686	0	0	
2687	0	0	
2688	0	0	
2689	0	1	
2690	0	1	
2691	0	0	
2692	1	0	
2693	0	0	
2694	0	0	
2695	0	0	
2696	1	0	
2697	0	0	
2698	0	1	
2699	0	0	
2700	1	1	
2701	0	0	
2702	0	0	
2703	0	0	
2704	1	0	
2705	0	0	
2706	0	0	
2707	0	1	
2708	1	1	
2709	0	0	
2710	0	0	
2711	1	0	
2712	1	0	
2713	1	1	
2714	0	0	
2715	1	1	
2716	0	1	
2717	1	0	
2718	0	0	
2719	0	0	
2720	0	0	
2721	0	0	
2722	0	0	
2723	1	0	
2724	0	0	
2725	1	1	
2726	0	0	
2727	0	0	
2728	0	1	
2729	0	0	
2730	1	0	
2731	1	0	
2732	1	1	
2733	0	0	
2734	0	0	
2735	0	0	
2736	1	0	
2737	0	0	
2738	0	0	
2739	1	0	
2740	0	0	
2741	1	1	
2742	0	1	
2743	1	1	
2744	1	1	
2745	0	0	
2746	0	0	
2747	0	0	
2748	0	0	
2749	0	0	
2750	0	1	
2751	0	0	
2752	0	0	
2753	0	0	
2754	1	1	
2755	1	1	
2756	0	1	
2757	0	0	
2758	0	1	
2759	1	1	
2760	0	0	
2761	1	0	
2762	1	1	
2763	0	0	
2764	0	0	
2765	1	1	
2766	0	0	
2767	0	0	
2768	1	1	
2769	1	0	
2770	0	0	
2771	1	1	
2772	1	1	
2773	0	0	
2774	1	1	
2775	0	0	
2776	0	0	
2777	0	0	
2778	1	1	
2779	1	0	
2780	0	0	
2781	0	0	
2782	1	1	
2783	1	1	
2784	1	0	
2785	0	1	
2786	0	0	
2787	0	0	
2788	0	0	
2789	0	1	
2790	0	0	
2791	1	0	
2792	1	0	
2793	1	0	
2794	0	1	
2795	0	0	
2796	0	1	
2797	1	0	
2798	1	1	
2799	0	0	
2800	0	0	
2801	1	0	
2802	1	0	
2803	1	0	
2804	0	0	
2805	1	0	
2806	0	0	
2807	1	0	
2808	0	0	
2809	0	0	
2810	1	0	
2811	0	0	
2812	0	0	
2813	1	0	
2814	0	0	
2815	1	1	
2816	1	0	
2817	1	0	
2818	0	1	
2819	1	0	
2820	0	1	
2821	0	1	
2822	1	0	
2823	0	1	
2824	0	1	
2825	1	1	
2826	1	1	
2827	0	0	
2828	0	0	
2829	0	0	
2830	0	0	
2831	1	0	
2832	1	0	
2833	0	0	
2834	0	0	
2835	1	1	
2836	0	0	
2837	0	0	
2838	0	0	
2839	0	0	
2840	1	1	
2841	1	1	
2842	0	0	
2843	0	0	
2844	1	1	
2845	0	0	
2846	0	0	
2847	0	0	
2848	0	0	
2849	0	0	
2850	0	0	
2851	0	1	
2852	0	1	
2853	0	0	
2854	1	1	
2855	1	0	
2856	0	0	
2857	0	0	
2858	0	1	
2859	1	1	
2860	0	0	
2861	0	0	
2862	0	0	
2863	1	0	
2864	1	1	
2865	1	0	
2866	0	0	
2867	0	1	
2868	1	1	
2869	0	0	
2870	0	0	
2871	1	0	
2872	1	1	
2873	1	1	
2874	1	1	
2875	0	0	
2876	1	0	
2877	0	0	
2878	0	1	
2879	0	0	
2880	1	0	
2881	0	1	
2882	0	0	
2883	1	0	
2884	1	1	
2885	0	0	
2886	1	0	
2887	0	0	
2888	0	0	
2889	0	0	
2890	0	0	
2891	0	0	
2892	0	0	
2893	1	0	
2894	1	1	
2895	1	0	
2896	1	1	
2897	0	0	
2898	0	0	
2899	1	1	
2900	1	1	
2901	0	0	
2902	0	0	
2903	1	0	
2904	0	0	
2905	1	1	
2906	0	0	
2907	0	0	
2908	0	0	
2909	1	0	
2910	0	0	
2911	1	0	
2912	1	1	
2913	0	0	
2914	0	1	
2915	0	1	
2916	0	1	
2917	0	1	
2918	0	0	
2919	0	0	
2920	0	0	
2921	0	0	
2922	0	1	
2923	0	0	
2924	1	0	
2925	0	0	
2926	0	0	
2927	0	0	
2928	0	1	
2929	1	1	
2930	0	0	
2931	0	0	
2932	0	0	
2933	0	0	
2934	0	0	
2935	0	0	
2936	0	0	
2937	1	0	
2938	1	1	
2939	0	0	
2940	0	0	
2941	1	0	
2942	1	0	
2943	0	0	
2944	1	1	
2945	0	1	
2946	0	0	
2947	0	1	
2948	1	1	
2949	0	1	
2950	0	0	
2951	0	1	
2952	0	1	
2953	0	0	
2954	0	1	
2955	1	0	
2956	0	0	
2957	0	0	
2958	0	0	
2959	0	0	
2960	0	0	
2961	0	1	
2962	0	0	
2963	0	0	
2964	0	1	
2965	1	1	
2966	0	0	
2967	0	0	
2968	0	0	
2969	1	1	
2970	0	0	
2971	0	1	
2972	1	0	
2973	0	0	
2974	1	0	
2975	0	0	
2976	0	1	
2977	0	0	
2978	0	0	
2979	0	1	
2980	1	0	
2981	0	0	
2982	0	1	
2983	1	1	
2984	0	0	
2985	1	1	
2986	1	0	
2987	0	1	
2988	0	0	
2989	0	1	
2990	0	0	
2991	1	0	
2992	0	0	
2993	1	1	
2994	0	0	
2995	1	1	
2996	1	1	
2997	0	0	
2998	1	1	
2999	0	0	
3000	0	0	
3001	1	1	
3002	1	1	
3003	0	0	
3004	0	0	
3005	1	1	
3006	0	0	
3007	0	0	
3008	1	0	
3009	0	0	
3010	1	1	
3011	0	0	
3012	1	1	
3013	0	1	
3014	1	1	
3015	0	0	
3016	1	0	
3017	1	0	
3018	0	1	
3019	0	0	
3020	1	1	
3021	0	0	
3022	1	0	
3023	1	0	
3024	0	0	
3025	0	0	
3026	0	0	
3027	0	0	
3028	0	1	
3029	0	0	
3030	0	0	
3031	0	0	
3032	1	1	
3033	0	1	
3034	0	0	
3035	0	1	
3036	0	0	
3037	0	0	
3038	0	0	
3039	1	0	
3040	0	0	
3041	0	0	
3042	0	0	
3043	0	0	
3044	0	1	
3045	0	1	
3046	0	0	
3047	1	0	
3048	0	0	
3049	1	0	
3050	0	1	
3051	0	1	
3052	0	0	
3053	1	0	
3054	0	0	
3055	1	1	
3056	0	0	
3057	0	0	
3058	0	0	
3059	0	0	
3060	0	0	
3061	0	0	
3062	0	0	
3063	0	0	
3064	0	0	
3065	0	0	
3066	0	0	
3067	1	1	
3068	0	0	
3069	1	1	
3070	0	0	
3071	1	1	
3072	0	0	
3073	0	0	
3074	0	1	
3075	0	0	
3076	1	0	
3077	0	0	
3078	0	0	
3079	1	0	
3080	1	1	
3081	0	0	
3082	0	0	
3083	1	1	
3084	0	0	
3085	0	0	
3086	0	0	
3087	0	0	
3088	0	0	
3089	0	0	
3090	0	0	
3091	1	1	
3092	1	0	
3093	0	0	
3094	0	0	
3095	1	0	
3096	0	0	
3097	0	0	
3098	1	0	
3099	0	0	
3100	0	1	
3101	1	1	
3102	1	0	
3103	0	0	
3104	1	0	
3105	0	0	
3106	0	0	
3107	0	0	
3108	0	0	
3109	1	0	
3110	0	0	
3111	0	0	
3112	0	0	
3113	0	0	
3114	0	0	
3115	1	1	
3116	0	0	
3117	0	0	
3118	0	0	
3119	0	0	
3120	0	0	
3121	0	0	
3122	1	1	
3123	0	0	
3124	0	1	
3125	1	0	
3126	0	0	
3127	0	0	
3128	1	0	
3129	0	0	
3130	0	0	
3131	0	0	
3132	0	0	
3133	1	0	
3134	1	0	
3135	0	0	
3136	1	0	
3137	0	0	
3138	0	0	
3139	0	0	
3140	1	1	
3141	1	0	
3142	0	0	
3143	0	0	
3144	0	1	
3145	0	1	
3146	1	0	
3147	0	0	
3148	0	0	
3149	0	0	
3150	0	1	
3151	0	0	
3152	0	0	
3153	0	1	
3154	0	0	
3155	1	0	
3156	1	1	
3157	0	1	
3158	1	0	
3159	0	0	
3160	0	0	
3161	0	0	
3162	0	0	
3163	0	1	
3164	0	0	
3165	1	0	
3166	1	0	
3167	0	0	
3168	0	0	
3169	1	0	
3170	1	1	
3171	1	1	
3172	1	0	
3173	0	0	
3174	1	1	
3175	0	0	
3176	0	0	
3177	0	0	
3178	1	0	
3179	1	1	
3180	0	0	
3181	1	0	
3182	0	0	
3183	0	0	
3184	1	1	
3185	0	1	
3186	1	1	
3187	1	1	
3188	0	1	
3189	0	0	
3190	1	0	
3191	1	1	
3192	0	1	
3193	1	1	
3194	1	0	
3195	0	0	
3196	0	0	
3197	0	0	
3198	1	0	
3199	0	0	
3200	1	1	
3201	0	0	
3202	0	0	
3203	0	0	
3204	0	0	
3205	0	0	
3206	0	0	
3207	0	1	
3208	1	0	
3209	1	0	
3210	0	0	
3211	1	1	
3212	1	1	
3213	1	1	
3214	0	1	
3215	0	0	
3216	0	0	
3217	0	0	
3218	1	0	
3219	0	1	
3220	0	0	
3221	1	0	
3222	0	0	
3223	0	1	
3224	1	0	
3225	0	0	
3226	0	0	
3227	1	0	
3228	0	0	
3229	0	0	
3230	1	0	
3231	0	0	
3232	1	1	
3233	1	1	
3234	0	0	
3235	1	1	
3236	1	1	
3237	1	1	
3238	1	0	
3239	0	0	
3240	0	0	
3241	1	0	
3242	0	0	
3243	0	0	
3244	1	0	
3245	0	0	
3246	0	0	
3247	0	1	
3248	1	0	
3249	0	0	
3250	0	0	
3251	0	0	
3252	0	0	
3253	1	0	
3254	0	1	
3255	0	0	
3256	1	0	
3257	1	0	
3258	0	0	
3259	0	0	
3260	1	1	
3261	1	0	
3262	0	0	
3263	1	0	
3264	1	0	
3265	1	0	
3266	1	1	
3267	0	0	
3268	1	0	
3269	0	0	
3270	0	0	
3271	1	1	
3272	0	0	
3273	0	0	
3274	0	0	
3275	0	0	
3276	1	1	
3277	0	0	
3278	1	1	
3279	1	1	
3280	0	1	
3281	0	0	
3282	0	0	
3283	0	0	
3284	0	0	
3285	0	0	
3286	0	0	
3287	1	1	
3288	1	0	
3289	1	1	
3290	0	1	
3291	0	1	
3292	0	0	
3293	0	1	
3294	0	0	
3295	0	0	
3296	0	0	
3297	1	0	
3298	1	0	
3299	0	0	
3300	0	0	
3301	0	0	
3302	0	0	
3303	0	0	
3304	0	0	
3305	0	0	
3306	1	0	
3307	0	0	
3308	1	1	
3309	0	0	
3310	0	0	
3311	0	0	
3312	0	0	
3313	1	0	
3314	0	1	
3315	0	0	
3316	0	1	
3317	1	0	
3318	0	0	
3319	0	0	
3320	1	1	
3321	0	0	
3322	0	0	
3323	0	0	
3324	0	0	
3325	0	0	
3326	0	0	
3327	0	0	
3328	0	0	
3329	1	0	
3330	1	1	
3331	1	1	
3332	0	0	
3333	0	0	
3334	0	0	
3335	0	0	
3336	1	1	
3337	0	0	
3338	0	0	
3339	0	0	
3340	1	0	
3341	0	0	
3342	1	0	
3343	0	1	
3344	0	0	
3345	1	1	
3346	1	0	
3347	0	0	
3348	0	0	
3349	1	0	
3350	1	1	
3351	0	0	
3352	0	1	
3353	0	1	
3354	0	0	
3355	1	1	
3356	0	0	
3357	1	1	
3358	1	0	
3359	1	0	
3360	1	1	
3361	0	0	
3362	0	0	
3363	1	0	
3364	0	1	
3365	0	1	
3366	1	0	
3367	0	0	
3368	1	0	
3369	0	0	
3370	0	0	
3371	1	0	
3372	0	0	
3373	0	1	
3374	0	0	
3375	0	1	
3376	0	0	
3377	0	1	
3378	0	0	
3379	1	1	
3380	0	0	
3381	0	0	
3382	0	0	
3383	0	1	
3384	1	0	
3385	0	0	
3386	0	1	
3387	0	0	
3388	0	0	
3389	0	0	
3390	0	0	
3391	1	1	
3392	0	0	
3393	0	1	
3394	0	0	
3395	0	0	
3396	0	1	
3397	1	1	
3398	0	1	
3399	1	0	
3400	0	0	
3401	0	0	
3402	1	1	
3403	0	1	
3404	0	0	
3405	1	1	
3406	0	0	
3407	0	1	
3408	0	0	
3409	0	0	
3410	1	1	
3411	0	0	
3412	0	0	
3413	0	0	
3414	0	0	
3415	0	0	
3416	0	0	
3417	1	1	
3418	0	0	
3419	0	0	
3420	0	0	
3421	0	0	
3422	0	0	
3423	1	0	
3424	0	0	
3425	0	0	
3426	1	0	
3427	1	0	
3428	0	0	
3429	0	0	
3430	1	0	
3431	1	0	
3432	0	1	
3433	1	0	
3434	0	1	
3435	1	0	
3436	1	1	
3437	1	0	
3438	0	0	
3439	0	1	
3440	0	0	
3441	0	0	
3442	1	0	
3443	1	1	
3444	0	1	
3445	0	0	
3446	0	0	
3447	0	0	
3448	1	1	
3449	0	0	
3450	0	1	
3451	1	0	
3452	0	0	
3453	0	0	
3454	1	0	
3455	0	1	
3456	1	1	
3457	0	1	
3458	1	1	
3459	0	0	
3460	0	0	
3461	1	1	
3462	1	0	
3463	0	1	
3464	0	0	
3465	1	1	
3466	0	0	
3467	0	0	
3468	1	0	
3469	0	1	
3470	1	0	
3471	0	0	
3472	0	0	
3473	1	1	
3474	1	1	
3475	0	1	
3476	1	0	
3477	0	0	
3478	1	0	
3479	1	0	
3480	0	0	
3481	0	0	
3482	0	0	
3483	0	0	
3484	1	0	
3485	0	0	
3486	1	1	
3487	0	0	
3488	0	0	
3489	0	0	
3490	1	0	
3491	1	0	
3492	1	0	
3493	0	1	
3494	0	0	
3495	0	0	
3496	0	0	
3497	0	0	
3498	0	0	
3499	0	0	
3500	1	1	
3501	0	1	
3502	0	1	
3503	0	0	
3504	0	0	
3505	0	1	
3506	0	0	
3507	1	0	
3508	1	0	
3509	1	0	
3510	0	0	
3511	1	0	
3512	1	1	
3513	0	0	
3514	0	0	
3515	0	0	
3516	0	0	
3517	0	0	
3518	1	0	
3519	0	1	
3520	1	1	
3521	0	0	
3522	0	1	
3523	1	1	
3524	1	0	
3525	0	1	
3526	0	1	
3527	0	0	
3528	1	1	
3529	0	0	
3530	0	0	
3531	0	0	
3532	0	0	
3533	0	0	
3534	0	0	
3535	0	0	
3536	1	0	
3537	0	0	
3538	0	0	
3539	1	0	
3540	1	0	
3541	0	0	
3542	0	0	
3543	0	0	
3544	1	1	
3545	0	1	
3546	0	0	
3547	0	0	
3548	1	1	
3549	0	0	
3550	1	0	
3551	0	0	
3552	0	0	
3553	1	1	
3554	1	0	
3555	0	1	
3556	0	0	
3557	0	1	
3558	0	1	
3559	1	1	
3560	0	0	
3561	1	1	
3562	0	0	
3563	0	0	
3564	0	0	
3565	0	1	
3566	0	0	
3567	0	0	
3568	1	0	
3569	1	1	
3570	0	1	
3571	0	0	
3572	0	0	
3573	1	0	
3574	1	1	
3575	0	0	
3576	0	0	
3577	1	0	
3578	0	0	
3579	0	0	
3580	1	1	
3581	1	1	
3582	1	1	
3583	1	0	
3584	0	0	
3585	0	0	
3586	0	0	
3587	1	0	
3588	0	0	
3589	1	1	
3590	1	1	
3591	0	1	
3592	0	0	
3593	0	0	
3594	0	0	
3595	1	0	
3596	0	0	
3597	0	0	
3598	0	0	
3599	1	1	
3600	0	1	
3601	1	1	
3602	0	0	
3603	1	0	
3604	0	0	
3605	0	0	
3606	0	0	
3607	0	0	
3608	0	0	
3609	0	0	
3610	0	0	
3611	0	0	
3612	0	1	
3613	0	0	
3614	0	0	
3615	1	0	
3616	1	0	
3617	1	1	
3618	1	0	
3619	1	1	
3620	0	1	
3621	0	0	
3622	0	0	
3623	0	0	
3624	0	0	
3625	1	0	
3626	0	1	
3627	1	1	
3628	1	1	
3629	0	0	
3630	0	0	
3631	0	0	
3632	1	1	
3633	0	0	
3634	0	1	
3635	1	0	
3636	1	0	
3637	0	1	
3638	0	0	
3639	0	1	
3640	1	0	
3641	0	1	
3642	0	0	
3643	0	0	
3644	0	0	
3645	0	0	
3646	0	1	
3647	0	0	
3648	0	0	
3649	1	1	
3650	0	0	
3651	0	0	
3652	1	0	
3653	0	0	
3654	0	0	
3655	0	0	
3656	0	1	
3657	0	0	
3658	1	1	
3659	1	1	
3660	0	1	
3661	0	1	
3662	0	1	
3663	0	0	
3664	0	0	
3665	0	0	
3666	0	0	
3667	0	0	
3668	1	0	
3669	1	0	
3670	1	1	
3671	1	0	
3672	0	1	
3673	0	0	
3674	0	0	
3675	1	1	
3676	0	1	
3677	0	1	
3678	1	1	
3679	1	1	
3680	0	0	
3681	1	0	
3682	0	0	
3683	0	0	
3684	1	1	
3685	0	1	
3686	0	0	
3687	0	0	
3688	1	0	
3689	0	0	
3690	1	0	
3691	0	0	
3692	1	1	
3693	1	0	
3694	0	1	
3695	0	0	
3696	1	0	
3697	1	0	
3698	1	0	
3699	1	1	
3700	1	0	
3701	1	1	
3702	1	0	
3703	0	0	
3704	0	0	
3705	0	1	
3706	0	0	
3707	0	0	
3708	0	1	
3709	0	0	
3710	1	1	
3711	1	1	
3712	0	0	
3713	1	0	
3714	1	0	
3715	0	0	
3716	1	1	
3717	1	1	
3718	1	1	
3719	0	0	
3720	0	0	
3721	0	1	
3722	0	0	
3723	1	1	
3724	1	1	
3725	1	1	
3726	0	1	
3727	1	1	
3728	1	0	
3729	0	1	
3730	0	1	
3731	1	1	
3732	0	1	
3733	1	1	
3734	1	1	
3735	1	0	
3736	1	0	
3737	1	0	
3738	1	1	
3739	1	1	
3740	0	0	
3741	0	0	
3742	0	0	
3743	1	1	
3744	1	0	
3745	0	1	
3746	1	1	
3747	0	0	
3748	0	1	
3749	1	0	
3750	1	0	
3751	0	0	
3752	1	1	
3753	0	0	
3754	0	0	
3755	0	0	
3756	0	0	
3757	1	0	
3758	0	0	
3759	0	0	
3760	0	1	
3761	0	0	
3762	1	1	
3763	0	0	
3764	0	1	
3765	0	0	
3766	1	1	
3767	0	0	
3768	0	0	
3769	1	0	
3770	0	0	
3771	1	1	
3772	0	0	
3773	0	0	
3774	0	1	
3775	0	0	
3776	0	1	
3777	0	0	
3778	0	0	
3779	0	0	
3780	1	1	
3781	1	0	
3782	0	1	
3783	0	0	
3784	1	1	
3785	1	0	
3786	0	0	
3787	0	1	
3788	1	0	
3789	0	0	
3790	0	0	
3791	1	0	
3792	0	1	
3793	0	0	
3794	1	0	
3795	1	1	
3796	0	0	
3797	1	1	
3798	0	0	
3799	0	0	
3800	0	1	
3801	0	0	
3802	0	0	
3803	0	0	
3804	0	0	
3805	0	1	
3806	0	0	
3807	0	0	
3808	0	1	
3809	1	0	
3810	0	1	
3811	0	1	
3812	0	0	
3813	1	1	
3814	1	1	
3815	0	0	
3816	1	0	
3817	0	0	
3818	1	0	
3819	0	1	
3820	1	0	
3821	0	0	
3822	1	0	
3823	1	1	
3824	1	1	
3825	1	0	
3826	0	0	
3827	0	0	
3828	0	0	
3829	0	1	
3830	0	0	
3831	1	1	
3832	0	0	
3833	1	1	
3834	0	0	
3835	0	0	
3836	1	1	
3837	0	0	
3838	1	0	
3839	1	1	
3840	0	0	
3841	0	0	
3842	0	1	
3843	0	0	
3844	0	0	
3845	0	0	
3846	0	0	
3847	0	0	
3848	1	1	
3849	1	1	
3850	0	0	
3851	1	1	
3852	0	0	
3853	0	1	
3854	0	0	
3855	0	0	
3856	0	0	
3857	1	0	
3858	0	0	
3859	0	1	
3860	0	0	
3861	0	1	
3862	1	1	
3863	1	0	
3864	0	0	
3865	0	0	
3866	1	1	
3867	0	0	
3868	0	1	
3869	1	0	
3870	0	0	
3871	0	0	
3872	0	0	
3873	1	1	
3874	0	0	
3875	0	0	
3876	0	0	
3877	1	0	
3878	1	1	
3879	0	0	
3880	1	1	
3881	0	0	
3882	0	0	
3883	1	0	
3884	0	0	
3885	0	0	
3886	1	1	
3887	1	0	
3888	1	0	
3889	1	0	
3890	0	0	
3891	0	0	
3892	0	0	
3893	0	0	
3894	0	0	
3895	0	0	
3896	0	1	
3897	0	0	
3898	0	0	
3899	0	0	
3900	0	0	
3901	0	1	
3902	0	0	
3903	0	0	
3904	0	0	
3905	0	0	
3906	1	1	
3907	0	0	
3908	0	0	
3909	0	0	
3910	0	1	
3911	0	0	
3912	1	1	
3913	1	0	
3914	1	1	
3915	0	0	
3916	0	0	
3917	0	0	
3918	1	0	
3919	1	1	
3920	0	0	
3921	1	1	
3922	1	0	
3923	1	0	
3924	0	1	
3925	1	1	
3926	0	0	
3927	0	0	
3928	0	0	
3929	1	1	
3930	0	0	
3931	1	0	
3932	0	0	
3933	1	1	
3934	0	0	
3935	0	1	
3936	1	1	
3937	1	1	
3938	0	0	
3939	0	0	
3940	1	1	
3941	1	0	
3942	0	1	
3943	1	0	
3944	0	0	
3945	0	0	
3946	0	0	
3947	0	0	
3948	0	0	
3949	0	1	
3950	1	1	
3951	0	0	
3952	0	0	
3953	0	1	
3954	0	0	
3955	1	1	
3956	1	1	
3957	1	1	
3958	0	0	
3959	1	1	
3960	0	0	
3961	0	0	
3962	0	0	
3963	0	0	
3964	0	0	
3965	0	0	
3966	0	0	
3967	0	0	
3968	1	0	
3969	1	1	
3970	1	0	
3971	1	0	
3972	1	0	
3973	0	1	
3974	0	0	
3975	0	0	
3976	0	0	
3977	0	1	
3978	0	0	
3979	1	1	
3980	0	0	
3981	1	0	
3982	0	0	
3983	0	0	
3984	0	0	
3985	1	1	
3986	1	0	
3987	0	0	
3988	0	0	
3989	1	0	
3990	1	0	
3991	1	0	
3992	0	0	
3993	0	0	
3994	1	1	
3995	0	0	
3996	0	0	
3997	0	0	
3998	1	1	
3999	0	1	
4000	0	0	
4001	1	1	
4002	0	1	
4003	1	0	
4004	0	0	
4005	0	0	
4006	0	0	
4007	0	0	
4008	0	1	
4009	0	0	
4010	0	0	
4011	0	0	
4012	0	0	
4013	0	0	
4014	1	0	
4015	1	1	
4016	1	0	
4017	0	0	
4018	0	0	
4019	0	0	
4020	1	0	
4021	0	0	
4022	0	1	
4023	1	0	
4024	1	1	
4025	0	0	
4026	1	0	
4027	1	0	
4028	1	0	
4029	0	0	
4030	1	0	
4031	1	1	
4032	1	1	
4033	1	0	
4034	0	0	
4035	0	0	
4036	0	1	
4037	1	0	
4038	0	1	
4039	0	0	
4040	0	0	
4041	0	0	
4042	1	0	
4043	0	1	
4044	0	1	
4045	1	0	
4046	0	0	
4047	0	0	
4048	1	1	
4049	1	0	
4050	0	0	
4051	0	1	
4052	0	1	
4053	0	0	
4054	1	0	
4055	0	0	
4056	0	0	
4057	0	0	
4058	1	0	
4059	1	1	
4060	1	1	
4061	0	1	
4062	0	0	
4063	0	0	
4064	0	0	
4065	1	1	
4066	0	0	
4067	0	0	
4068	0	1	
4069	0	0	
4070	1	1	
4071	1	0	
4072	0	1	
4073	0	1	
4074	0	0	
4075	1	0	
4076	1	1	
4077	1	0	
4078	0	0	
4079	1	0	
4080	1	0	
4081	1	1	
4082	1	0	
4083	0	0	
4084	0	0	
4085	0	1	
4086	1	0	
4087	0	0	
4088	1	1	
4089	0	0	
4090	0	1	
4091	0	0	
4092	1	0	
4093	1	0	
4094	0	0	
4095	0	0	
4096	0	0	
4097	1	1	
4098	0	0	
4099	1	0	
4100	1	0	
4101	1	1	
4102	1	1	
4103	1	0	
4104	0	0	
4105	0	0	
4106	0	0	
4107	1	1	
4108	0	1	
4109	1	1	
4110	0	0	
4111	0	0	
4112	1	1	
4113	1	0	
4114	1	0	
4115	1	0	
4116	1	0	
4117	0	0	
4118	1	1	
4119	0	0	
4120	0	1	
4121	0	1	
4122	0	0	
4123	0	0	
4124	0	0	
4125	0	0	
4126	1	1	
4127	0	0	
4128	0	0	
4129	1	0	
4130	0	1	
4131	0	0	
4132	1	0	
4133	1	1	
4134	0	0	
4135	1	1	
4136	0	1	
4137	0	0	
4138	0	0	
4139	0	0	
4140	0	0	
4141	0	0	
4142	0	0	
4143	1	1	
4144	0	1	
4145	0	0	
4146	0	0	
4147	0	0	
4148	1	0	
4149	1	1	
4150	1	0	
4151	0	0	
4152	0	0	
4153	0	0	
4154	0	1	
4155	0	0	
4156	0	0	
4157	0	0	
4158	0	0	
4159	0	0	
4160	1	0	
4161	0	1	
4162	1	0	
4163	0	0	
4164	0	1	
4165	0	0	
4166	0	0	
4167	0	0	
4168	0	0	
4169	0	0	
4170	0	0	
4171	1	0	
4172	1	1	
4173	1	0	
4174	0	0	
4175	0	0	
4176	0	1	
4177	1	0	
4178	1	0	
4179	0	1	
4180	0	0	
4181	1	0	
4182	0	0	
4183	0	0	
4184	1	0	
4185	0	0	
4186	0	0	
4187	0	0	
4188	0	1	
4189	0	0	
4190	1	1	
4191	0	0	
4192	0	0	
4193	0	0	
4194	0	0	
4195	1	0	
4196	0	0	
4197	0	0	
4198	1	1	
4199	0	0	
4200	0	0	
4201	1	1	
4202	0	0	
4203	0	0	
4204	0	0	
4205	0	1	
4206	0	0	
4207	1	1	
4208	1	1	
4209	1	1	
4210	0	0	
4211	1	0	
4212	1	0	
4213	1	0	
4214	0	1	
4215	0	1	
4216	1	1	
4217	1	0	
4218	1	0	
4219	0	0	
4220	0	0	
4221	0	0	
4222	0	0	
4223	0	1	
4224	1	0	
4225	0	0	
4226	0	0	
4227	1	0	
4228	1	1	
4229	0	0	
4230	1	1	
4231	1	0	
4232	0	1	
4233	1	0	
4234	1	0	
4235	0	0	
4236	0	0	
4237	0	1	
4238	0	0	
4239	1	1	
4240	1	1	
4241	1	1	
4242	1	0	
4243	0	0	
4244	0	0	
4245	0	0	
4246	0	0	
4247	0	0	
4248	0	0	
4249	0	0	
4250	0	0	
4251	0	1	
4252	1	1	
4253	0	0	
4254	0	0	
4255	0	0	
4256	0	0	
4257	0	0	
4258	0	0	
4259	0	0	
4260	0	0	
4261	1	0	
4262	0	0	
4263	0	0	
4264	1	1	
4265	0	0	
4266	0	0	
4267	1	1	
4268	1	1	
4269	0	0	
4270	1	0	
4271	0	0	
4272	1	0	
4273	0	0	
4274	1	1	
4275	1	0	
4276	1	0	
4277	0	0	
4278	0	0	
4279	0	0	
4280	0	0	
4281	0	1	
4282	1	1	
4283	0	0	
4284	1	0	
4285	0	0	
4286	0	0	
4287	1	1	
4288	0	0	
4289	1	1	
4290	0	0	
4291	0	0	
4292	0	0	
4293	0	0	
4294	1	0	
4295	1	0	
4296	0	0	
4297	1	0	
4298	1	1	
4299	1	0	
4300	0	1	
4301	0	0	
4302	0	0	
4303	0	0	
4304	1	0	
4305	0	0	
4306	1	1	
4307	0	0	
4308	0	0	
4309	1	1	
4310	0	0	
4311	0	0	
4312	1	0	
4313	0	0	
4314	0	0	
4315	0	0	
4316	1	1	
4317	0	0	
4318	1	0	
4319	0	0	
4320	0	1	
4321	0	1	
4322	1	0	
4323	0	0	
4324	1	1	
4325	0	1	
4326	0	0	
4327	1	1	
4328	0	0	
4329	1	0	
4330	0	0	
4331	1	1	
4332	1	0	
4333	1	1	
4334	0	0	
4335	1	1	
4336	0	1	
4337	0	0	
4338	0	0	
4339	0	0	
4340	1	0	
4341	0	0	
4342	0	0	
4343	0	1	
4344	0	0	
4345	1	0	
4346	0	0	
4347	0	1	
4348	0	0	
4349	1	0	
4350	0	0	
4351	0	0	
4352	0	0	
4353	0	0	
4354	1	1	
4355	0	0	
4356	1	1	
4357	1	1	
4358	1	0	
4359	1	0	
4360	1	1	
4361	0	1	
4362	0	0	
4363	0	1	
4364	0	0	
4365	0	0	
4366	1	1	
4367	1	1	
4368	0	0	
4369	0	0	
4370	0	1	
4371	1	1	
4372	0	1	
4373	0	0	
4374	1	1	
4375	0	1	
4376	0	0	
4377	0	0	
4378	0	0	
4379	1	0	
4380	1	0	
4381	0	0	
4382	0	1	
4383	1	1	
4384	0	0	
4385	0	1	
4386	0	0	
4387	0	0	
4388	0	0	
4389	0	0	
4390	0	0	
4391	1	0	
4392	0	1	
4393	1	0	
4394	0	0	
4395	0	0	
4396	0	0	
4397	0	1	
4398	1	0	
4399	0	0	
4400	1	0	
4401	0	0	
4402	0	0	
4403	0	0	
4404	0	0	
4405	1	1	
4406	1	1	
4407	0	0	
4408	0	1	
4409	0	0	
4410	1	0	
4411	1	1	
4412	1	1	
4413	0	0	
4414	1	0	
4415	0	0	
4416	0	0	
4417	0	0	
4418	0	1	
4419	0	1	
4420	0	0	
4421	0	0	
4422	0	0	
4423	0	0	
4424	0	0	
4425	1	0	
4426	0	0	
4427	0	0	
4428	0	0	
4429	1	1	
4430	0	0	
4431	1	1	
4432	0	1	
4433	0	1	
4434	0	0	
4435	0	1	
4436	0	0	
4437	1	0	
4438	1	0	
4439	1	1	
4440	0	0	
4441	0	0	
4442	0	0	
4443	1	0	
4444	1	0	
4445	1	0	
4446	0	0	
4447	1	0	
4448	0	1	
4449	1	0	
4450	1	0	
4451	0	1	
4452	0	0	
4453	0	0	
4454	0	0	
4455	1	0	
4456	0	0	
4457	0	0	
4458	0	0	
4459	1	0	
4460	1	0	
4461	0	0	
4462	0	0	
4463	1	0	
4464	0	0	
4465	0	0	
4466	1	0	
4467	1	1	
4468	1	0	
4469	1	0	
4470	0	0	
4471	0	0	
4472	0	1	
4473	0	0	
4474	1	0	
4475	0	0	
4476	0	0	
4477	0	0	
4478	0	0	
4479	0	0	
4480	0	0	
4481	1	0	
4482	0	0	
4483	1	1	
4484	0	0	
4485	0	1	
4486	1	1	
4487	0	0	
4488	1	0	
4489	1	1	
4490	0	1	
4491	0	0	
4492	0	0	
4493	0	0	
4494	0	0	
4495	0	0	
4496	1	0	
4497	0	1	
4498	1	0	
4499	0	1	
4500	0	0	
4501	0	0	
4502	0	0	
4503	0	0	
4504	0	0	
4505	0	0	
4506	0	1	
4507	0	1	
4508	0	0	
4509	1	0	
4510	1	1	
4511	0	0	
4512	0	0	
4513	0	0	
4514	0	0	
4515	0	0	
4516	1	0	
4517	1	0	
4518	1	0	
4519	0	1	
4520	1	1	
4521	0	0	
4522	1	0	
4523	0	0	
4524	0	0	
4525	1	0	
4526	1	1	
4527	1	1	
4528	1	0	
4529	1	0	
4530	0	0	
4531	0	0	
4532	1	0	
4533	0	1	
4534	0	1	
4535	1	0	
4536	1	0	
4537	1	0	
4538	0	0	
4539	0	0	
4540	0	0	
4541	0	0	
4542	0	0	
4543	0	0	
4544	0	1	
4545	0	1	
4546	1	1	
4547	0	0	
4548	1	1	
4549	0	0	
4550	1	1	
4551	1	0	
4552	1	1	
4553	0	0	
4554	1	0	
4555	1	1	
4556	1	1	
4557	0	0	
4558	1	0	
4559	1	0	
4560	0	0	
4561	1	1	
4562	1	1	
4563	1	1	
4564	0	0	
4565	0	0	
4566	1	0	
4567	1	1	
4568	0	0	
4569	1	1	
4570	0	0	
4571	0	0	
4572	1	1	
4573	0	0	
4574	0	0	
4575	1	0	
4576	0	0	
4577	0	0	
4578	0	0	
4579	1	0	
4580	0	0	
4581	0	0	
4582	1	1	
4583	0	0	
4584	0	1	
4585	1	1	
4586	0	0	
4587	1	0	
4588	0	1	
4589	0	0	
4590	0	1	
4591	0	0	
4592	0	0	
4593	0	1	
4594	1	1	
4595	1	1	
4596	1	1	
4597	1	1	
4598	0	0	
4599	1	1	
4600	1	1	
4601	1	1	
4602	0	0	
4603	1	0	
4604	0	0	
4605	1	0	
4606	1	0	
4607	1	0	
4608	0	0	
4609	0	0	
4610	1	1	
4611	0	0	
4612	1	1	
4613	0	0	
4614	0	0	
4615	1	0	
4616	1	0	
4617	0	0	
4618	0	0	
4619	0	0	
4620	0	0	
4621	0	0	
4622	0	0	
4623	1	0	
4624	0	0	
4625	0	0	
4626	1	1	
4627	0	1	
4628	0	0	
4629	0	0	
4630	0	1	
4631	1	0	
4632	0	0	
4633	0	0	
4634	0	0	
4635	1	0	
4636	1	1	
4637	0	0	
4638	0	0	
4639	1	1	
4640	0	0	
4641	1	1	
4642	0	0	
4643	0	0	
4644	1	0	
4645	0	1	
4646	1	1	
4647	1	0	
4648	0	0	
4649	0	0	
4650	0	0	
4651	0	0	
4652	1	0	
4653	0	0	
4654	1	0	
4655	0	0	
4656	0	0	
4657	0	0	
4658	0	0	
4659	1	0	
4660	0	1	
4661	1	0	
4662	0	1	
4663	0	0	
4664	1	1	
4665	0	0	
4666	0	0	
4667	1	0	
4668	1	1	
4669	0	0	
4670	0	0	
4671	0	1	
4672	1	1	
4673	0	1	
4674	0	0	
4675	1	1	
4676	0	0	
4677	0	0	
4678	0	0	
4679	0	0	
4680	0	1	
4681	0	0	
4682	0	0	
4683	0	0	
4684	1	1	
4685	1	0	
4686	0	0	
4687	0	0	
4688	1	0	
4689	0	1	
4690	1	1	
4691	0	1	
4692	1	1	
4693	0	0	
4694	1	1	
4695	0	0	
4696	0	0	
4697	1	0	
4698	1	0	
4699	0	1	
4700	0	0	
4701	0	0	
4702	0	0	
4703	1	0	
4704	0	0	
4705	1	0	
4706	0	1	
4707	1	0	
4708	0	0	
4709	0	0	
4710	1	1	
4711	0	0	
4712	1	0	
4713	0	0	
4714	1	1	
4715	0	0	
4716	0	0	
4717	1	1	
4718	1	0	
4719	0	0	
4720	0	0	
4721	1	0	
4722	1	0	
4723	1	1	
4724	0	0	
4725	1	0	
4726	0	0	
4727	0	1	
4728	0	0	
4729	0	1	
4730	0	1	
4731	1	1	
4732	1	0	
4733	0	1	
4734	0	0	
4735	0	0	
4736	1	0	
4737	1	1	
4738	0	0	
4739	0	0	
4740	0	0	
4741	0	0	
4742	1	0	
4743	0	0	
4744	0	0	
4745	0	0	
4746	1	1	
4747	1	1	
4748	0	0	
4749	0	0	
4750	1	0	
4751	1	1	
4752	0	0	
4753	0	1	
4754	1	1	
4755	0	0	
4756	1	1	
4757	0	0	
4758	1	0	
4759	0	0	
4760	0	0	
4761	0	0	
4762	0	0	
4763	1	0	
4764	1	1	
4765	1	1	
4766	0	0	
4767	0	0	
4768	0	0	
4769	0	0	
4770	1	1	
4771	0	0	
4772	1	0	
4773	0	0	
4774	0	0	
4775	1	1	
4776	1	1	
4777	0	0	
4778	0	1	
4779	0	0	
4780	0	1	
4781	0	0	
4782	1	0	
4783	1	0	
4784	0	0	
4785	0	0	
4786	0	0	
4787	1	0	
4788	0	0	
4789	0	0	
4790	1	0	
4791	0	0	
4792	1	1	
4793	0	0	
4794	0	1	
4795	0	0	
4796	0	0	
4797	0	0	
4798	1	0	
4799	1	0	
4800	0	0	
4801	0	0	
4802	1	1	
4803	0	0	
4804	0	0	
4805	1	0	
4806	0	1	
4807	1	0	
4808	1	0	
4809	0	0	
4810	1	0	
4811	1	1	
4812	0	0	
4813	0	0	
4814	1	0	
4815	1	1	
4816	1	0	
4817	0	0	
4818	0	0	
4819	0	0	
4820	0	0	
4821	1	1	
4822	0	0	
4823	1	0	
4824	0	0	
4825	0	1	
4826	0	0	
4827	0	0	
4828	0	0	
4829	0	1	
4830	0	1	
4831	0	0	
4832	1	0	
4833	1	0	
4834	1	1	
4835	1	0	
4836	1	1	
4837	0	0	
4838	0	0	
4839	1	0	
4840	0	1	
4841	1	1	
4842	0	0	
4843	0	0	
4844	1	0	
4845	1	0	
4846	0	0	
4847	1	0	
4848	1	0	
4849	1	0	
4850	0	0	
4851	0	0	
4852	0	0	
4853	0	1	
4854	0	0	
4855	0	1	
4856	0	0	
4857	0	1	
4858	0	0	
4859	0	0	
4860	1	0	
4861	1	1	
4862	0	1	
4863	0	0	
4864	1	0	
4865	0	1	
4866	0	0	
4867	0	0	
4868	0	0	
4869	0	0	
4870	0	0	
4871	0	0	
4872	0	0	
4873	0	0	
4874	0	0	
4875	0	1	
4876	1	0	
4877	0	0	
4878	1	1	
4879	0	0	
4880	0	0	
4881	1	1	
4882	0	0	
4883	0	0	
4884	0	0	
4885	1	0	
4886	1	0	
4887	1	1	
4888	1	0	
4889	0	0	
4890	1	1	
4891	0	0	
4892	1	1	
4893	1	0	
4894	0	0	
4895	0	0	
4896	0	0	
4897	0	1	
4898	1	0	
4899	1	0	
4900	1	0	
4901	0	0	
4902	1	1	
4903	0	0	
4904	0	1	
4905	0	0	
4906	0	0	
4907	1	0	
4908	1	1	
4909	1	0	
4910	0	0	
4911	0	0	
4912	0	0	
4913	0	0	
4914	0	0	
4915	0	0	
4916	1	1	
4917	1	1	
4918	1	0	
4919	0	0	
4920	0	0	
4921	1	0	
4922	0	0	
4923	0	0	
4924	1	0	
4925	1	0	
4926	1	0	
4927	0	0	
4928	1	1	
4929	1	0	
4930	1	1	
4931	1	0	
4932	0	0	
4933	0	0	
4934	0	0	
4935	0	0	
4936	1	1	
4937	0	1	
4938	0	0	
4939	1	0	
4940	1	0	
4941	0	0	
4942	1	1	
4943	1	0	
4944	1	1	
4945	1	0	
4946	0	0	
4947	0	0	
4948	0	1	
4949	0	0	
4950	1	0	
4951	0	0	
4952	0	0	
4953	0	0	
4954	0	0	
4955	1	1	
4956	0	0	
4957	0	0	
4958	0	0	
4959	0	1	
4960	0	0	
4961	0	0	
4962	0	0	
4963	0	0	
4964	1	0	
4965	1	0	
4966	0	1	
4967	0	0	
4968	1	0	
4969	0	0	
4970	1	0	
4971	0	0	
4972	1	0	
4973	1	1	
4974	0	0	
4975	0	0	
4976	0	0	
4977	0	0	
4978	0	0	
4979	0	0	
4980	1	1	
4981	0	0	
4982	0	1	
4983	0	0	
4984	0	0	
4985	0	0	
4986	0	0	
4987	0	1	
4988	0	0	
4989	1	1	
4990	0	0	
4991	0	0	
4992	0	0	
4993	0	0	
4994	0	0	
4995	1	0	
4996	0	0	
4997	0	1	
4998	0	1	
4999	1	1	
