0	1 0 0
1	0 0 1
2	1 0 0
3	1 0 0
4	1 0 0
5	0 0 1
6	0 0 1
7	1 0 0
8	0 1 0
9	1 0 0
10	1 0 0
11	1 0 0
12	1 0 0
13	0 1 0
14	0 0 1
15	1 0 0
16	0 0 1
17	0 0 1
18	0 0 1
19	1 0 0
20	1 0 0
21	0 1 0
22	0 0 1
23	0 0 1
24	0 1 0
25	0 1 0
26	0 1 0
27	1 0 0
28	0 0 1
29	1 0 0
30	0 1 0
31	0 0 1
32	1 0 0
33	0 1 0
34	0 0 1
35	0 1 0
36	0 1 0
37	0 1 0
38	0 1 0
39	0 1 0
40	1 0 0
41	1 0 0
42	0 0 1
43	0 0 1
44	0 1 0
45	0 1 0
46	0 1 0
47	0 0 1
48	0 1 0
49	0 0 1
50	0 1 0
51	0 0 1
52	0 0 1
53	1 0 0
54	0 0 1
55	0 1 0
56	1 0 0
57	0 0 1
58	0 0 1
59	0 1 0
60	1 0 0
61	0 1 0
62	1 0 0
63	1 0 0
64	1 0 0
65	0 0 1
66	1 0 0
67	1 0 0
68	1 0 0
69	0 1 0
70	0 1 0
71	0 1 0
72	1 0 0
73	1 0 0
74	0 1 0
75	0 0 1
76	0 1 0
77	0 1 0
78	0 0 1
79	0 0 1
80	1 0 0
81	0 1 0
82	0 0 1
83	1 0 0
84	0 1 0
85	0 1 0
86	0 1 0
87	1 0 0
88	0 1 0
89	0 0 1
90	0 1 0
91	0 1 0
92	0 1 0
93	0 0 1
94	0 0 1
95	0 1 0
96	0 0 1
97	0 1 0
98	0 0 1
99	0 0 1
100	0 1 0
101	0 0 1
102	0 1 0
103	1 0 0
104	0 1 0
105	0 1 0
106	0 1 0
107	1 0 0
108	1 0 0
109	1 0 0
110	1 0 0
111	1 0 0
112	1 0 0
113	0 0 1
114	0 0 1
115	1 0 0
116	0 1 0
117	1 0 0
118	1 0 0
119	1 0 0
120	1 0 0
121	0 1 0
122	0 0 1
123	1 0 0
124	1 0 0
125	0 0 1
126	0 1 0
127	1 0 0
128	1 0 0
129	1 0 0
130	1 0 0
131	1 0 0
132	1 0 0
133	0 1 0
134	0 0 1
135	0 0 1
136	1 0 0
137	1 0 0
138	0 0 1
139	0 0 1
140	0 1 0
141	0 0 1
142	0 1 0
143	0 1 0
144	0 1 0
145	0 1 0
146	1 0 0
147	0 0 1
148	0 0 1
149	1 0 0
150	1 0 0
151	0 0 1
152	0 1 0
153	0 1 0
154	0 1 0
155	0 1 0
156	1 0 0
157	1 0 0
158	0 1 0
159	0 1 0
160	1 0 0
161	0 1 0
162	0 0 1
163	1 0 0
164	0 0 1
165	0 0 1
166	0 1 0
167	0 1 0
168	0 1 0
169	0 1 0
170	0 1 0
171	0 0 1
172	1 0 0
173	0 1 0
174	0 1 0
175	1 0 0
176	0 0 1
177	0 1 0
178	0 0 1
179	1 0 0
180	0 1 0
181	0 0 1
182	1 0 0
183	1 0 0
184	0 0 1
185	0 0 1
186	1 0 0
187	0 1 0
188	0 1 0
189	0 0 1
190	0 0 1
191	0 1 0
192	1 0 0
193	0 0 1
194	0 0 1
195	0 0 1
196	0 1 0
197	0 1 0
198	1 0 0
199	0 0 1
200	0 0 1
201	1 0 0
202	0 0 1
203	1 0 0
204	0 1 0
205	0 1 0
206	0 1 0
207	0 1 0
208	1 0 0
209	0 1 0
210	0 1 0
211	0 0 1
212	0 0 1
213	1 0 0
214	0 0 1
215	0 1 0
216	1 0 0
217	0 0 1
218	0 1 0
219	1 0 0
220	0 1 0
221	1 0 0
222	0 0 1
223	1 0 0
224	1 0 0
225	0 0 1
226	1 0 0
227	0 0 1
228	1 0 0
229	0 1 0
230	0 1 0
231	0 0 1
232	1 0 0
233	0 1 0
234	1 0 0
235	0 1 0
236	0 0 1
237	1 0 0
238	1 0 0
239	0 0 1
240	0 0 1
241	0 0 1
242	0 1 0
243	0 1 0
244	1 0 0
245	0 0 1
246	1 0 0
247	1 0 0
248	0 1 0
249	0 0 1
250	0 0 1
251	1 0 0
252	0 1 0
253	0 0 1
254	0 1 0
255	0 1 0
256	0 1 0
257	0 0 1
258	0 0 1
259	1 0 0
260	0 1 0
261	1 0 0
262	0 0 1
263	1 0 0
264	1 0 0
265	1 0 0
266	1 0 0
267	0 1 0
268	1 0 0
269	0 0 1
270	1 0 0
271	0 0 1
272	1 0 0
273	1 0 0
274	0 1 0
275	1 0 0
276	1 0 0
277	1 0 0
278	0 1 0
279	1 0 0
280	0 1 0
281	0 1 0
282	1 0 0
283	0 1 0
284	0 0 1
285	0 1 0
286	0 1 0
287	1 0 0
288	0 0 1
289	0 1 0
290	1 0 0
291	0 1 0
292	0 1 0
293	0 0 1
294	0 0 1
295	1 0 0
296	1 0 0
297	0 1 0
298	1 0 0
299	0 0 1
300	0 0 1
301	1 0 0
302	1 0 0
303	0 0 1
304	1 0 0
305	1 0 0
306	0 1 0
307	0 1 0
308	0 0 1
309	0 1 0
310	0 1 0
311	1 0 0
312	0 0 1
313	1 0 0
314	0 0 1
315	0 0 1
316	0 1 0
317	1 0 0
318	0 0 1
319	0 1 0
320	0 0 1
321	0 1 0
322	0 0 1
323	0 0 1
324	1 0 0
325	0 1 0
326	1 0 0
327	0 0 1
328	0 1 0
329	1 0 0
330	0 0 1
331	0 1 0
332	0 0 1
333	0 1 0
334	1 0 0
335	0 0 1
336	0 1 0
337	1 0 0
338	0 0 1
339	0 1 0
340	0 1 0
341	1 0 0
342	0 1 0
343	0 0 1
344	0 0 1
345	1 0 0
346	1 0 0
347	1 0 0
348	1 0 0
349	0 0 1
350	0 0 1
351	0 1 0
352	0 0 1
353	0 0 1
354	0 1 0
355	1 0 0
356	1 0 0
357	1 0 0
358	1 0 0
359	0 0 1
360	1 0 0
361	0 1 0
362	1 0 0
363	0 1 0
364	1 0 0
365	0 1 0
366	0 0 1
367	0 1 0
368	0 0 1
369	0 1 0
370	0 0 1
371	0 0 1
372	0 1 0
373	0 1 0
374	0 0 1
375	0 1 0
376	0 0 1
377	0 1 0
378	1 0 0
379	0 0 1
380	1 0 0
381	0 1 0
382	0 1 0
383	0 1 0
384	1 0 0
385	1 0 0
386	0 1 0
387	0 1 0
388	0 1 0
389	0 1 0
390	1 0 0
391	0 0 1
392	0 0 1
393	1 0 0
394	1 0 0
395	0 0 1
396	1 0 0
397	1 0 0
398	1 0 0
399	0 0 1
400	1 0 0
401	0 0 1
402	0 1 0
403	0 1 0
404	0 1 0
405	1 0 0
406	0 0 1
407	0 1 0
408	0 1 0
409	0 1 0
410	1 0 0
411	0 0 1
412	0 0 1
413	0 0 1
414	0 0 1
415	0 0 1
416	1 0 0
417	0 0 1
418	0 1 0
419	0 0 1
420	0 0 1
421	0 0 1
422	0 1 0
423	0 0 1
424	0 0 1
425	0 0 1
426	0 0 1
427	0 1 0
428	0 1 0
429	1 0 0
430	1 0 0
431	0 0 1
432	0 1 0
433	0 0 1
434	0 1 0
435	0 1 0
436	0 0 1
437	0 1 0
438	1 0 0
439	1 0 0
440	0 1 0
441	0 1 0
442	0 1 0
443	0 0 1
444	0 0 1
445	0 0 1
446	0 1 0
447	1 0 0
448	1 0 0
449	0 0 1
450	0 1 0
451	1 0 0
452	1 0 0
453	1 0 0
454	0 1 0
455	0 1 0
456	1 0 0
457	1 0 0
458	0 1 0
459	1 0 0
460	0 1 0
461	1 0 0
462	0 1 0
463	0 1 0
464	0 1 0
465	1 0 0
466	1 0 0
467	0 1 0
468	0 1 0
469	1 0 0
470	0 0 1
471	0 0 1
472	1 0 0
473	0 0 1
474	1 0 0
475	1 0 0
476	0 0 1
477	0 1 0
478	1 0 0
479	0 1 0
480	0 0 1
481	0 0 1
482	0 1 0
483	1 0 0
484	0 0 1
485	0 0 1
486	0 0 1
487	0 0 1
488	0 1 0
489	0 0 1
490	0 0 1
491	0 0 1
492	1 0 0
493	0 1 0
494	0 0 1
495	0 0 1
496	0 1 0
497	1 0 0
498	0 1 0
499	0 0 1
500	0 1 0
501	0 1 0
502	0 1 0
503	1 0 0
504	0 0 1
505	0 0 1
506	0 0 1
507	1 0 0
508	0 1 0
509	0 1 0
510	0 0 1
511	1 0 0
512	0 1 0
513	0 0 1
514	0 0 1
515	0 0 1
516	1 0 0
517	1 0 0
518	0 0 1
519	0 0 1
520	0 0 1
521	1 0 0
522	1 0 0
523	0 0 1
524	0 0 1
525	1 0 0
526	1 0 0
527	0 1 0
528	0 1 0
529	0 0 1
530	0 0 1
531	1 0 0
532	0 0 1
533	0 1 0
534	1 0 0
535	0 1 0
536	0 1 0
537	1 0 0
538	0 0 1
539	0 1 0
540	0 1 0
541	1 0 0
542	0 1 0
543	0 1 0
544	0 0 1
545	0 1 0
546	0 0 1
547	0 0 1
548	0 1 0
549	1 0 0
550	0 0 1
551	0 1 0
552	0 1 0
553	0 0 1
554	0 1 0
555	0 1 0
556	1 0 0
557	0 0 1
558	1 0 0
559	1 0 0
560	1 0 0
561	0 0 1
562	0 0 1
563	0 0 1
564	0 0 1
565	0 0 1
566	0 0 1
567	0 1 0
568	0 1 0
569	1 0 0
570	0 1 0
571	0 1 0
572	0 1 0
573	0 1 0
574	1 0 0
575	1 0 0
576	0 0 1
577	0 0 1
578	0 1 0
579	0 1 0
580	0 0 1
581	0 1 0
582	1 0 0
583	0 1 0
584	1 0 0
585	0 0 1
586	0 1 0
587	1 0 0
588	0 0 1
589	1 0 0
590	0 1 0
591	0 1 0
592	0 0 1
593	1 0 0
594	0 1 0
595	0 1 0
596	0 1 0
597	1 0 0
598	0 1 0
599	0 1 0
600	0 1 0
601	0 0 1
602	0 1 0
603	0 0 1
604	0 0 1
605	0 0 1
606	0 1 0
607	1 0 0
608	1 0 0
609	0 1 0
610	1 0 0
611	1 0 0
612	0 1 0
613	0 1 0
614	0 0 1
615	0 0 1
616	0 1 0
617	0 0 1
618	0 1 0
619	1 0 0
620	1 0 0
621	1 0 0
622	1 0 0
623	0 1 0
624	1 0 0
625	1 0 0
626	1 0 0
627	0 0 1
628	1 0 0
629	1 0 0
630	0 0 1
631	1 0 0
632	1 0 0
633	0 0 1
634	1 0 0
635	1 0 0
636	0 0 1
637	0 0 1
638	1 0 0
639	0 0 1
640	1 0 0
641	0 1 0
642	0 1 0
643	0 0 1
644	0 0 1
645	0 0 1
646	1 0 0
647	0 0 1
648	0 0 1
649	1 0 0
650	1 0 0
651	1 0 0
652	1 0 0
653	0 1 0
654	1 0 0
655	1 0 0
656	0 1 0
657	0 1 0
658	0 0 1
659	0 0 1
660	1 0 0
661	1 0 0
662	1 0 0
663	0 1 0
664	0 1 0
665	0 1 0
666	1 0 0
667	0 1 0
668	1 0 0
669	0 0 1
670	0 0 1
671	1 0 0
672	0 1 0
673	0 0 1
674	0 1 0
675	0 1 0
676	0 0 1
677	0 0 1
678	1 0 0
679	1 0 0
680	0 1 0
681	0 0 1
682	1 0 0
683	1 0 0
684	0 1 0
685	0 0 1
686	0 0 1
687	0 1 0
688	0 0 1
689	0 1 0
690	0 1 0
691	0 0 1
692	1 0 0
693	1 0 0
694	0 1 0
695	0 0 1
696	0 1 0
697	0 1 0
698	0 0 1
699	0 0 1
700	1 0 0
701	0 1 0
702	1 0 0
703	0 1 0
704	0 0 1
705	0 1 0
706	1 0 0
707	0 0 1
708	1 0 0
709	0 0 1
710	1 0 0
711	0 0 1
712	0 0 1
713	0 0 1
714	0 0 1
715	0 1 0
716	0 1 0
717	0 1 0
718	0 1 0
719	1 0 0
720	0 1 0
721	0 0 1
722	0 0 1
723	0 0 1
724	1 0 0
725	1 0 0
726	0 0 1
727	1 0 0
728	0 1 0
729	1 0 0
730	1 0 0
731	0 1 0
732	1 0 0
733	1 0 0
734	0 0 1
735	1 0 0
736	0 0 1
737	1 0 0
738	1 0 0
739	1 0 0
740	1 0 0
741	1 0 0
742	0 0 1
743	1 0 0
744	1 0 0
745	0 0 1
746	0 1 0
747	0 0 1
748	1 0 0
749	0 0 1
750	1 0 0
751	0 0 1
752	0 1 0
753	0 0 1
754	0 1 0
755	0 1 0
756	0 0 1
757	0 0 1
758	0 0 1
759	0 0 1
760	0 0 1
761	0 0 1
762	0 1 0
763	0 1 0
764	0 0 1
765	1 0 0
766	1 0 0
767	0 0 1
768	0 0 1
769	0 0 1
770	1 0 0
771	1 0 0
772	0 1 0
773	1 0 0
774	1 0 0
775	1 0 0
776	0 0 1
777	0 0 1
778	0 1 0
779	0 1 0
780	1 0 0
781	0 0 1
782	1 0 0
783	1 0 0
784	1 0 0
785	0 1 0
786	1 0 0
787	1 0 0
788	0 1 0
789	1 0 0
790	0 1 0
791	0 1 0
792	0 0 1
793	0 0 1
794	0 1 0
795	0 1 0
796	0 1 0
797	1 0 0
798	0 1 0
799	0 0 1
800	0 1 0
801	0 0 1
802	1 0 0
803	0 0 1
804	1 0 0
805	1 0 0
806	1 0 0
807	0 1 0
808	0 0 1
809	1 0 0
810	1 0 0
811	1 0 0
812	0 0 1
813	0 1 0
814	0 1 0
815	1 0 0
816	1 0 0
817	1 0 0
818	0 1 0
819	0 0 1
820	0 1 0
821	1 0 0
822	0 0 1
823	0 0 1
824	0 0 1
825	0 0 1
826	0 1 0
827	1 0 0
828	0 1 0
829	0 1 0
830	1 0 0
831	0 1 0
832	0 0 1
833	0 1 0
834	0 1 0
835	1 0 0
836	0 0 1
837	0 1 0
838	1 0 0
839	0 1 0
840	0 0 1
841	1 0 0
842	0 0 1
843	1 0 0
844	0 0 1
845	0 1 0
846	0 1 0
847	0 0 1
848	0 0 1
849	1 0 0
850	0 1 0
851	0 1 0
852	0 1 0
853	0 0 1
854	0 1 0
855	0 1 0
856	0 1 0
857	0 0 1
858	0 0 1
859	0 1 0
860	0 0 1
861	0 0 1
862	0 1 0
863	0 0 1
864	1 0 0
865	0 1 0
866	0 1 0
867	1 0 0
868	0 1 0
869	0 0 1
870	1 0 0
871	0 0 1
872	0 0 1
873	0 0 1
874	1 0 0
875	0 1 0
876	1 0 0
877	1 0 0
878	0 0 1
879	1 0 0
880	1 0 0
881	0 1 0
882	0 0 1
883	1 0 0
884	1 0 0
885	1 0 0
886	0 0 1
887	0 1 0
888	1 0 0
889	0 1 0
890	0 0 1
891	0 1 0
892	0 0 1
893	0 1 0
894	1 0 0
895	0 1 0
896	1 0 0
897	1 0 0
898	0 1 0
899	1 0 0
900	1 0 0
901	0 0 1
902	0 0 1
903	0 0 1
904	0 0 1
905	0 0 1
906	0 0 1
907	0 1 0
908	0 1 0
909	0 1 0
910	1 0 0
911	1 0 0
912	1 0 0
913	1 0 0
914	1 0 0
915	0 0 1
916	0 1 0
917	0 1 0
918	0 0 1
919	0 0 1
920	0 0 1
921	0 0 1
922	0 1 0
923	0 0 1
924	0 0 1
925	1 0 0
926	0 0 1
927	1 0 0
928	0 1 0
929	1 0 0
930	0 1 0
931	0 0 1
932	0 1 0
933	0 1 0
934	1 0 0
935	0 1 0
936	1 0 0
937	0 1 0
938	0 1 0
939	1 0 0
940	1 0 0
941	1 0 0
942	1 0 0
943	0 0 1
944	1 0 0
945	0 1 0
946	0 0 1
947	1 0 0
948	0 1 0
949	0 1 0
950	0 1 0
951	1 0 0
952	1 0 0
953	0 0 1
954	0 0 1
955	1 0 0
956	1 0 0
957	1 0 0
958	1 0 0
959	1 0 0
960	0 1 0
961	0 0 1
962	0 1 0
963	0 0 1
964	0 1 0
965	0 0 1
966	1 0 0
967	1 0 0
968	1 0 0
969	0 0 1
970	0 1 0
971	0 1 0
972	0 1 0
973	0 1 0
974	1 0 0
975	0 0 1
976	0 0 1
977	0 0 1
978	0 1 0
979	0 0 1
980	0 1 0
981	0 1 0
982	1 0 0
983	0 1 0
984	0 0 1
985	1 0 0
986	0 1 0
987	0 1 0
988	1 0 0
989	0 1 0
990	0 1 0
991	1 0 0
992	0 0 1
993	0 1 0
994	1 0 0
995	0 0 1
996	1 0 0
997	1 0 0
998	1 0 0
999	1 0 0
1000	1 0 0
1001	0 0 1
1002	0 0 1
1003	0 1 0
1004	0 0 1
1005	0 0 1
1006	1 0 0
1007	0 1 0
1008	0 1 0
1009	1 0 0
1010	1 0 0
1011	1 0 0
1012	1 0 0
1013	1 0 0
1014	0 1 0
1015	1 0 0
1016	0 1 0
1017	1 0 0
1018	0 1 0
1019	0 0 1
1020	1 0 0
1021	0 0 1
1022	0 0 1
1023	0 0 1
1024	1 0 0
1025	0 0 1
1026	0 0 1
1027	0 1 0
1028	1 0 0
1029	0 0 1
1030	0 0 1
1031	1 0 0
1032	0 1 0
1033	0 0 1
1034	0 1 0
1035	0 1 0
1036	1 0 0
1037	0 1 0
1038	0 1 0
1039	0 1 0
1040	1 0 0
1041	0 1 0
1042	0 0 1
1043	0 0 1
1044	0 0 1
1045	0 1 0
1046	0 0 1
1047	1 0 0
1048	0 0 1
1049	0 1 0
1050	1 0 0
1051	0 1 0
1052	0 1 0
1053	0 0 1
1054	0 0 1
1055	0 1 0
1056	0 1 0
1057	0 0 1
1058	1 0 0
1059	0 1 0
1060	0 1 0
1061	0 1 0
1062	1 0 0
1063	0 0 1
1064	0 0 1
1065	0 0 1
1066	0 0 1
1067	1 0 0
1068	1 0 0
1069	1 0 0
1070	0 0 1
1071	0 0 1
1072	0 0 1
1073	0 1 0
1074	1 0 0
1075	1 0 0
1076	0 0 1
1077	0 0 1
1078	0 0 1
1079	1 0 0
1080	0 1 0
1081	1 0 0
1082	0 0 1
1083	1 0 0
1084	0 1 0
1085	0 0 1
1086	1 0 0
1087	0 1 0
1088	0 0 1
1089	0 0 1
1090	0 1 0
1091	0 1 0
1092	1 0 0
1093	0 1 0
1094	1 0 0
1095	0 0 1
1096	1 0 0
1097	0 1 0
1098	0 1 0
1099	0 1 0
1100	0 0 1
1101	0 0 1
1102	0 1 0
1103	0 1 0
1104	0 1 0
1105	0 1 0
1106	0 1 0
1107	0 0 1
1108	1 0 0
1109	0 1 0
1110	0 0 1
1111	0 1 0
1112	1 0 0
1113	0 1 0
1114	1 0 0
1115	0 1 0
1116	1 0 0
1117	0 1 0
1118	0 1 0
1119	1 0 0
1120	1 0 0
1121	0 1 0
1122	0 0 1
1123	0 1 0
1124	0 1 0
1125	1 0 0
1126	0 1 0
1127	1 0 0
1128	0 1 0
1129	0 0 1
1130	0 0 1
1131	1 0 0
1132	1 0 0
1133	0 0 1
1134	0 1 0
1135	0 0 1
1136	1 0 0
1137	1 0 0
1138	0 1 0
1139	0 1 0
1140	0 1 0
1141	1 0 0
1142	0 0 1
1143	0 0 1
1144	0 0 1
1145	0 1 0
1146	1 0 0
1147	0 0 1
1148	0 0 1
1149	1 0 0
1150	0 0 1
1151	0 1 0
1152	0 1 0
1153	1 0 0
1154	1 0 0
1155	0 1 0
1156	0 1 0
1157	1 0 0
1158	0 1 0
1159	1 0 0
1160	0 1 0
1161	0 1 0
1162	0 1 0
1163	0 1 0
1164	0 1 0
1165	0 0 1
1166	1 0 0
1167	1 0 0
1168	0 0 1
1169	0 1 0
1170	1 0 0
1171	1 0 0
1172	0 1 0
1173	1 0 0
1174	1 0 0
1175	0 1 0
1176	1 0 0
1177	1 0 0
1178	1 0 0
1179	0 1 0
1180	0 1 0
1181	0 0 1
1182	0 0 1
1183	1 0 0
1184	1 0 0
1185	1 0 0
1186	0 0 1
1187	1 0 0
1188	0 0 1
1189	0 0 1
1190	0 0 1
1191	0 1 0
1192	0 0 1
1193	0 0 1
1194	1 0 0
1195	0 1 0
1196	1 0 0
1197	0 1 0
1198	0 1 0
1199	1 0 0
1200	0 0 1
1201	0 0 1
1202	0 1 0
1203	0 0 1
1204	1 0 0
1205	0 0 1
1206	1 0 0
1207	0 1 0
1208	1 0 0
1209	1 0 0
1210	1 0 0
1211	0 0 1
1212	1 0 0
1213	1 0 0
1214	1 0 0
1215	0 0 1
1216	0 1 0
1217	0 0 1
1218	1 0 0
1219	1 0 0
1220	0 1 0
1221	0 1 0
1222	1 0 0
1223	0 0 1
1224	0 1 0
1225	1 0 0
1226	0 0 1
1227	0 1 0
1228	0 0 1
1229	1 0 0
1230	0 1 0
1231	0 0 1
1232	0 0 1
1233	0 0 1
1234	0 0 1
1235	0 0 1
1236	0 1 0
1237	1 0 0
1238	0 1 0
1239	1 0 0
1240	0 1 0
1241	1 0 0
1242	0 1 0
1243	1 0 0
1244	0 0 1
1245	0 0 1
1246	0 1 0
1247	0 1 0
1248	0 1 0
1249	0 1 0
1250	1 0 0
1251	0 0 1
1252	0 1 0
1253	0 0 1
1254	0 1 0
1255	0 1 0
1256	0 0 1
1257	0 1 0
1258	0 0 1
1259	1 0 0
1260	0 1 0
1261	0 1 0
1262	0 1 0
1263	0 1 0
1264	1 0 0
1265	0 1 0
1266	1 0 0
1267	0 1 0
1268	0 0 1
1269	0 0 1
1270	0 0 1
1271	1 0 0
1272	1 0 0
1273	1 0 0
1274	0 1 0
1275	1 0 0
1276	1 0 0
1277	0 0 1
1278	0 0 1
1279	0 1 0
1280	0 0 1
1281	0 1 0
1282	0 1 0
1283	1 0 0
1284	1 0 0
1285	0 0 1
1286	1 0 0
1287	1 0 0
1288	0 1 0
1289	0 1 0
1290	0 1 0
1291	1 0 0
1292	1 0 0
1293	1 0 0
1294	0 1 0
1295	0 1 0
1296	0 0 1
1297	0 1 0
1298	0 0 1
1299	1 0 0
1300	1 0 0
1301	1 0 0
1302	0 1 0
1303	0 0 1
1304	1 0 0
1305	0 0 1
1306	1 0 0
1307	0 0 1
1308	0 0 1
1309	0 0 1
1310	0 1 0
1311	0 0 1
1312	0 1 0
1313	0 0 1
1314	1 0 0
1315	0 0 1
1316	0 1 0
1317	0 0 1
1318	1 0 0
1319	1 0 0
1320	0 1 0
1321	0 1 0
1322	0 1 0
1323	0 1 0
1324	0 1 0
1325	0 1 0
1326	0 1 0
1327	0 1 0
1328	0 0 1
1329	1 0 0
1330	0 0 1
1331	0 1 0
1332	0 1 0
1333	0 0 1
1334	0 0 1
1335	0 0 1
1336	0 1 0
1337	1 0 0
1338	1 0 0
1339	0 0 1
1340	0 0 1
1341	1 0 0
1342	0 0 1
1343	1 0 0
1344	0 0 1
1345	0 1 0
1346	0 1 0
1347	1 0 0
1348	0 0 1
1349	1 0 0
1350	0 0 1
1351	1 0 0
1352	1 0 0
1353	0 1 0
1354	0 0 1
1355	0 0 1
1356	0 1 0
1357	0 0 1
1358	0 1 0
1359	0 0 1
1360	1 0 0
1361	0 1 0
1362	0 0 1
1363	1 0 0
1364	0 0 1
1365	0 0 1
1366	1 0 0
1367	1 0 0
1368	1 0 0
1369	1 0 0
1370	0 1 0
1371	1 0 0
1372	1 0 0
1373	1 0 0
1374	1 0 0
1375	1 0 0
1376	1 0 0
1377	0 1 0
1378	0 1 0
1379	1 0 0
1380	0 0 1
1381	0 0 1
1382	1 0 0
1383	0 0 1
1384	0 0 1
1385	0 0 1
1386	0 0 1
1387	0 1 0
1388	0 1 0
1389	0 0 1
1390	1 0 0
1391	1 0 0
1392	1 0 0
1393	0 1 0
1394	1 0 0
1395	0 0 1
1396	0 0 1
1397	0 1 0
1398	0 1 0
1399	1 0 0
1400	0 1 0
1401	0 1 0
1402	0 0 1
1403	0 0 1
1404	0 1 0
1405	1 0 0
1406	1 0 0
1407	0 0 1
1408	1 0 0
1409	0 1 0
1410	0 0 1
1411	0 1 0
1412	0 1 0
1413	0 0 1
1414	0 0 1
1415	0 1 0
1416	0 1 0
1417	0 0 1
1418	0 0 1
1419	0 1 0
1420	1 0 0
1421	0 1 0
1422	0 0 1
1423	0 1 0
1424	0 0 1
1425	0 1 0
1426	0 0 1
1427	0 1 0
1428	1 0 0
1429	1 0 0
1430	0 0 1
1431	0 1 0
1432	1 0 0
1433	0 1 0
1434	0 1 0
1435	0 0 1
1436	0 1 0
1437	0 1 0
1438	1 0 0
1439	0 0 1
1440	0 0 1
1441	0 0 1
1442	0 1 0
1443	1 0 0
1444	0 0 1
1445	0 1 0
1446	0 1 0
1447	1 0 0
1448	0 1 0
1449	1 0 0
1450	0 1 0
1451	1 0 0
1452	1 0 0
1453	1 0 0
1454	0 1 0
1455	1 0 0
1456	1 0 0
1457	1 0 0
1458	0 0 1
1459	0 1 0
1460	0 0 1
1461	0 0 1
1462	0 1 0
1463	0 1 0
1464	0 0 1
1465	1 0 0
1466	0 1 0
1467	1 0 0
1468	1 0 0
1469	1 0 0
1470	1 0 0
1471	0 0 1
1472	1 0 0
1473	0 1 0
1474	0 0 1
1475	0 1 0
1476	0 1 0
1477	0 1 0
1478	0 0 1
1479	0 0 1
1480	1 0 0
1481	1 0 0
1482	0 0 1
1483	0 0 1
1484	0 0 1
1485	1 0 0
1486	0 1 0
1487	0 1 0
1488	0 1 0
1489	0 0 1
1490	0 1 0
1491	0 0 1
1492	1 0 0
1493	0 1 0
1494	0 1 0
1495	0 1 0
1496	0 0 1
1497	0 0 1
1498	1 0 0
1499	1 0 0
1500	1 0 0
1501	0 0 1
1502	0 1 0
1503	1 0 0
1504	1 0 0
1505	0 1 0
1506	1 0 0
1507	0 0 1
1508	1 0 0
1509	1 0 0
1510	1 0 0
1511	1 0 0
1512	0 0 1
1513	0 0 1
1514	0 0 1
1515	1 0 0
1516	0 1 0
1517	0 1 0
1518	0 1 0
1519	1 0 0
1520	0 1 0
1521	0 0 1
1522	1 0 0
1523	1 0 0
1524	0 1 0
1525	0 1 0
1526	1 0 0
1527	0 1 0
1528	1 0 0
1529	0 0 1
1530	0 0 1
1531	0 1 0
1532	0 1 0
1533	0 0 1
1534	0 1 0
1535	0 1 0
1536	0 1 0
1537	0 0 1
1538	1 0 0
1539	0 0 1
1540	1 0 0
1541	1 0 0
1542	0 0 1
1543	0 1 0
1544	0 0 1
1545	0 0 1
1546	0 1 0
1547	0 1 0
1548	1 0 0
1549	1 0 0
1550	1 0 0
1551	0 1 0
1552	1 0 0
1553	1 0 0
1554	1 0 0
1555	0 0 1
1556	1 0 0
1557	0 0 1
1558	1 0 0
1559	0 0 1
1560	1 0 0
1561	0 1 0
1562	0 0 1
1563	0 1 0
1564	0 0 1
1565	1 0 0
1566	1 0 0
1567	0 1 0
1568	0 0 1
1569	1 0 0
1570	0 0 1
1571	1 0 0
1572	1 0 0
1573	0 0 1
1574	0 0 1
1575	0 0 1
1576	0 1 0
1577	1 0 0
1578	1 0 0
1579	0 0 1
1580	0 1 0
1581	0 1 0
1582	0 1 0
1583	0 1 0
1584	0 0 1
1585	0 1 0
1586	0 0 1
1587	0 0 1
1588	1 0 0
1589	0 1 0
1590	0 0 1
1591	0 1 0
1592	1 0 0
1593	1 0 0
1594	0 0 1
1595	0 0 1
1596	0 0 1
1597	0 1 0
1598	0 1 0
1599	1 0 0
1600	0 0 1
1601	0 0 1
1602	1 0 0
1603	1 0 0
1604	1 0 0
1605	1 0 0
1606	0 1 0
1607	0 1 0
1608	0 0 1
1609	0 1 0
1610	0 1 0
1611	0 1 0
1612	0 0 1
1613	0 1 0
1614	1 0 0
1615	0 0 1
1616	1 0 0
1617	1 0 0
1618	1 0 0
1619	1 0 0
1620	0 1 0
1621	0 0 1
1622	1 0 0
1623	0 0 1
1624	0 0 1
1625	0 1 0
1626	0 1 0
1627	0 0 1
1628	0 0 1
1629	0 0 1
1630	0 1 0
1631	1 0 0
1632	0 1 0
1633	0 1 0
1634	0 0 1
1635	1 0 0
1636	1 0 0
1637	0 0 1
1638	0 1 0
1639	1 0 0
1640	0 1 0
1641	0 0 1
1642	0 1 0
1643	0 1 0
1644	0 1 0
1645	0 1 0
1646	1 0 0
1647	1 0 0
1648	0 1 0
1649	0 0 1
1650	1 0 0
1651	1 0 0
1652	1 0 0
1653	0 0 1
1654	0 0 1
1655	1 0 0
1656	0 1 0
1657	0 1 0
1658	1 0 0
1659	1 0 0
1660	0 0 1
1661	1 0 0
1662	1 0 0
1663	0 0 1
1664	1 0 0
1665	0 0 1
1666	0 0 1
1667	0 1 0
1668	0 1 0
1669	0 0 1
1670	0 1 0
1671	0 0 1
1672	0 0 1
1673	0 0 1
1674	1 0 0
1675	0 0 1
1676	0 0 1
1677	0 0 1
1678	0 0 1
1679	1 0 0
1680	1 0 0
1681	1 0 0
1682	1 0 0
1683	0 1 0
1684	0 0 1
1685	1 0 0
1686	0 1 0
1687	1 0 0
1688	0 0 1
1689	0 1 0
1690	0 0 1
1691	0 1 0
1692	0 0 1
1693	1 0 0
1694	0 1 0
1695	1 0 0
1696	0 0 1
1697	1 0 0
1698	0 0 1
1699	1 0 0
1700	1 0 0
1701	0 1 0
1702	0 1 0
1703	0 1 0
1704	0 0 1
1705	0 0 1
1706	1 0 0
1707	0 0 1
1708	1 0 0
1709	0 0 1
1710	1 0 0
1711	0 1 0
1712	0 1 0
1713	0 1 0
1714	0 1 0
1715	1 0 0
1716	0 1 0
1717	1 0 0
1718	1 0 0
1719	0 1 0
1720	0 0 1
1721	0 0 1
1722	0 0 1
1723	1 0 0
1724	0 1 0
1725	1 0 0
1726	0 1 0
1727	0 0 1
1728	0 1 0
1729	1 0 0
1730	0 0 1
1731	0 1 0
1732	0 1 0
1733	1 0 0
1734	0 1 0
1735	0 0 1
1736	1 0 0
1737	0 1 0
1738	0 0 1
1739	0 0 1
1740	0 0 1
1741	0 1 0
1742	0 1 0
1743	1 0 0
1744	0 0 1
1745	0 0 1
1746	0 1 0
1747	1 0 0
1748	1 0 0
1749	0 0 1
1750	1 0 0
1751	0 1 0
1752	0 0 1
1753	0 1 0
1754	0 1 0
1755	0 1 0
1756	0 0 1
1757	0 0 1
1758	0 1 0
1759	0 1 0
1760	0 1 0
1761	1 0 0
1762	0 0 1
1763	0 1 0
1764	0 1 0
1765	0 0 1
1766	0 0 1
1767	1 0 0
1768	0 0 1
1769	1 0 0
1770	1 0 0
1771	1 0 0
1772	0 1 0
1773	1 0 0
1774	0 1 0
1775	0 1 0
1776	0 1 0
1777	1 0 0
1778	0 0 1
1779	0 1 0
1780	0 1 0
1781	0 0 1
1782	1 0 0
1783	1 0 0
1784	0 1 0
1785	0 0 1
1786	0 0 1
1787	1 0 0
1788	0 0 1
1789	1 0 0
1790	0 1 0
1791	0 1 0
1792	0 1 0
1793	0 0 1
1794	0 0 1
1795	1 0 0
1796	0 0 1
1797	1 0 0
1798	0 0 1
1799	0 1 0
1800	0 0 1
1801	1 0 0
1802	0 0 1
1803	0 1 0
1804	0 1 0
1805	0 0 1
1806	1 0 0
1807	0 1 0
1808	1 0 0
1809	0 1 0
1810	1 0 0
1811	0 0 1
1812	0 0 1
1813	1 0 0
1814	0 0 1
1815	0 1 0
1816	0 1 0
1817	1 0 0
1818	1 0 0
1819	0 1 0
1820	0 0 1
1821	0 0 1
1822	0 1 0
1823	0 1 0
1824	0 1 0
1825	0 1 0
1826	1 0 0
1827	0 0 1
1828	1 0 0
1829	0 0 1
1830	0 0 1
1831	0 1 0
1832	0 0 1
1833	0 1 0
1834	0 0 1
1835	0 0 1
1836	1 0 0
1837	0 1 0
1838	0 1 0
1839	0 0 1
1840	1 0 0
1841	0 1 0
1842	0 0 1
1843	1 0 0
1844	1 0 0
1845	0 0 1
1846	0 0 1
1847	0 0 1
1848	1 0 0
1849	1 0 0
1850	0 1 0
1851	1 0 0
1852	0 0 1
1853	1 0 0
1854	0 0 1
1855	0 1 0
1856	1 0 0
1857	1 0 0
1858	1 0 0
1859	0 0 1
1860	1 0 0
1861	0 0 1
1862	1 0 0
1863	0 0 1
1864	1 0 0
1865	0 1 0
1866	0 0 1
1867	0 1 0
1868	1 0 0
1869	0 1 0
1870	1 0 0
1871	0 1 0
1872	1 0 0
1873	0 1 0
1874	0 0 1
1875	0 1 0
1876	1 0 0
1877	0 1 0
1878	0 0 1
1879	1 0 0
1880	0 0 1
1881	0 1 0
1882	1 0 0
1883	0 1 0
1884	0 1 0
1885	0 1 0
1886	0 0 1
1887	1 0 0
1888	0 0 1
1889	0 1 0
1890	0 0 1
1891	1 0 0
1892	1 0 0
1893	0 0 1
1894	0 0 1
1895	0 0 1
1896	0 0 1
1897	1 0 0
1898	0 1 0
1899	0 0 1
1900	1 0 0
1901	1 0 0
1902	1 0 0
1903	0 0 1
1904	0 0 1
1905	1 0 0
1906	0 1 0
1907	0 0 1
1908	0 1 0
1909	0 0 1
1910	0 0 1
1911	1 0 0
1912	0 1 0
1913	0 1 0
1914	0 0 1
1915	1 0 0
1916	1 0 0
1917	1 0 0
1918	0 1 0
1919	0 0 1
1920	0 1 0
1921	1 0 0
1922	0 0 1
1923	0 1 0
1924	1 0 0
1925	1 0 0
1926	0 1 0
1927	0 0 1
1928	0 1 0
1929	0 0 1
1930	1 0 0
1931	0 1 0
1932	1 0 0
1933	1 0 0
1934	0 1 0
1935	0 1 0
1936	1 0 0
1937	0 1 0
1938	0 1 0
1939	0 0 1
1940	0 1 0
1941	0 0 1
1942	1 0 0
1943	0 0 1
1944	0 0 1
1945	0 0 1
1946	0 0 1
1947	1 0 0
1948	1 0 0
1949	0 0 1
1950	1 0 0
1951	0 1 0
1952	1 0 0
1953	0 1 0
1954	1 0 0
1955	0 0 1
1956	1 0 0
1957	0 0 1
1958	1 0 0
1959	0 1 0
1960	0 0 1
1961	1 0 0
1962	0 1 0
1963	1 0 0
1964	0 0 1
1965	0 1 0
1966	0 0 1
1967	0 1 0
1968	0 1 0
1969	0 0 1
1970	1 0 0
1971	0 1 0
1972	1 0 0
1973	0 1 0
1974	1 0 0
1975	0 1 0
1976	1 0 0
1977	0 0 1
1978	0 0 1
1979	0 0 1
1980	0 1 0
1981	1 0 0
1982	1 0 0
1983	0 0 1
1984	0 0 1
1985	0 1 0
1986	0 0 1
1987	1 0 0
1988	0 1 0
1989	0 1 0
1990	1 0 0
1991	1 0 0
1992	1 0 0
1993	1 0 0
1994	1 0 0
1995	0 0 1
1996	1 0 0
1997	0 1 0
1998	1 0 0
1999	1 0 0
2000	1 0 0
2001	1 0 0
2002	1 0 0
2003	0 0 1
2004	0 0 1
2005	0 1 0
2006	0 1 0
2007	1 0 0
2008	1 0 0
2009	0 1 0
2010	1 0 0
2011	0 1 0
2012	0 1 0
2013	0 0 1
2014	0 1 0
2015	0 1 0
2016	0 1 0
2017	0 1 0
2018	0 0 1
2019	0 0 1
2020	0 0 1
2021	0 0 1
2022	0 0 1
2023	0 1 0
2024	0 0 1
2025	0 1 0
2026	1 0 0
2027	0 1 0
2028	1 0 0
2029	0 1 0
2030	0 1 0
2031	1 0 0
2032	1 0 0
2033	0 0 1
2034	1 0 0
2035	0 1 0
2036	0 1 0
2037	1 0 0
2038	1 0 0
2039	0 1 0
2040	0 1 0
2041	0 1 0
2042	0 0 1
2043	1 0 0
2044	1 0 0
2045	1 0 0
2046	0 1 0
2047	0 0 1
2048	0 1 0
2049	0 1 0
2050	0 0 1
2051	0 1 0
2052	1 0 0
2053	1 0 0
2054	0 0 1
2055	1 0 0
2056	0 1 0
2057	0 1 0
2058	0 0 1
2059	0 1 0
2060	0 1 0
2061	0 1 0
2062	1 0 0
2063	0 0 1
2064	1 0 0
2065	1 0 0
2066	0 0 1
2067	1 0 0
2068	1 0 0
2069	0 0 1
2070	0 1 0
2071	0 1 0
2072	0 0 1
2073	0 1 0
2074	0 1 0
2075	0 1 0
2076	1 0 0
2077	0 1 0
2078	0 1 0
2079	1 0 0
2080	0 1 0
2081	0 1 0
2082	1 0 0
2083	1 0 0
2084	0 0 1
2085	0 0 1
2086	0 1 0
2087	1 0 0
2088	0 0 1
2089	1 0 0
2090	0 0 1
2091	0 1 0
2092	0 1 0
2093	0 0 1
2094	0 1 0
2095	0 1 0
2096	1 0 0
2097	1 0 0
2098	0 0 1
2099	0 1 0
2100	0 0 1
2101	0 1 0
2102	0 0 1
2103	0 1 0
2104	1 0 0
2105	1 0 0
2106	0 0 1
2107	0 0 1
2108	0 0 1
2109	1 0 0
2110	0 0 1
2111	0 1 0
2112	0 1 0
2113	0 1 0
2114	0 1 0
2115	0 0 1
2116	1 0 0
2117	1 0 0
2118	1 0 0
2119	1 0 0
2120	0 0 1
2121	1 0 0
2122	0 0 1
2123	0 0 1
2124	0 0 1
2125	1 0 0
2126	0 1 0
2127	1 0 0
2128	0 1 0
2129	0 0 1
2130	1 0 0
2131	1 0 0
2132	0 1 0
2133	0 1 0
2134	1 0 0
2135	0 0 1
2136	0 0 1
2137	1 0 0
2138	0 0 1
2139	1 0 0
2140	1 0 0
2141	0 1 0
2142	0 1 0
2143	1 0 0
2144	1 0 0
2145	0 0 1
2146	0 0 1
2147	0 0 1
2148	0 1 0
2149	1 0 0
2150	0 1 0
2151	1 0 0
2152	1 0 0
2153	0 1 0
2154	0 1 0
2155	1 0 0
2156	0 0 1
2157	0 1 0
2158	1 0 0
2159	1 0 0
2160	0 1 0
2161	1 0 0
2162	0 0 1
2163	1 0 0
2164	0 0 1
2165	0 1 0
2166	0 1 0
2167	0 1 0
2168	1 0 0
2169	1 0 0
2170	0 1 0
2171	0 0 1
2172	0 0 1
2173	1 0 0
2174	1 0 0
2175	1 0 0
2176	1 0 0
2177	1 0 0
2178	0 1 0
2179	0 1 0
2180	0 0 1
2181	1 0 0
2182	1 0 0
2183	0 1 0
2184	0 1 0
2185	0 0 1
2186	0 1 0
2187	0 1 0
2188	1 0 0
2189	0 0 1
2190	0 0 1
2191	1 0 0
2192	0 0 1
2193	0 1 0
2194	0 0 1
2195	0 1 0
2196	0 1 0
2197	1 0 0
2198	0 0 1
2199	1 0 0
2200	1 0 0
2201	1 0 0
2202	1 0 0
2203	0 1 0
2204	1 0 0
2205	0 1 0
2206	1 0 0
2207	0 0 1
2208	0 0 1
2209	1 0 0
2210	1 0 0
2211	0 0 1
2212	0 0 1
2213	1 0 0
2214	0 0 1
2215	1 0 0
2216	0 1 0
2217	1 0 0
2218	1 0 0
2219	1 0 0
2220	0 0 1
2221	0 0 1
2222	0 1 0
2223	0 1 0
2224	0 0 1
2225	1 0 0
2226	0 1 0
2227	1 0 0
2228	0 1 0
2229	0 0 1
2230	0 1 0
2231	1 0 0
2232	0 1 0
2233	0 0 1
2234	1 0 0
2235	1 0 0
2236	0 0 1
2237	1 0 0
2238	1 0 0
2239	0 1 0
2240	0 1 0
2241	0 1 0
2242	1 0 0
2243	1 0 0
2244	0 1 0
2245	0 0 1
2246	1 0 0
2247	0 1 0
2248	0 0 1
2249	1 0 0
2250	0 0 1
2251	1 0 0
2252	1 0 0
2253	0 0 1
2254	1 0 0
2255	0 0 1
2256	0 0 1
2257	1 0 0
2258	1 0 0
2259	1 0 0
2260	0 0 1
2261	0 0 1
2262	1 0 0
2263	0 1 0
2264	1 0 0
2265	1 0 0
2266	1 0 0
2267	0 1 0
2268	0 0 1
2269	1 0 0
2270	1 0 0
2271	0 1 0
2272	1 0 0
2273	1 0 0
2274	0 1 0
2275	0 1 0
2276	0 0 1
2277	1 0 0
2278	1 0 0
2279	1 0 0
2280	0 0 1
2281	0 1 0
2282	0 1 0
2283	0 0 1
2284	0 0 1
2285	0 1 0
2286	0 0 1
2287	1 0 0
2288	0 1 0
2289	0 1 0
2290	0 0 1
2291	0 0 1
2292	0 1 0
2293	0 1 0
2294	1 0 0
2295	0 0 1
2296	0 1 0
2297	1 0 0
2298	0 1 0
2299	0 1 0
2300	1 0 0
2301	0 1 0
2302	1 0 0
2303	0 1 0
2304	0 1 0
2305	0 0 1
2306	1 0 0
2307	1 0 0
2308	0 1 0
2309	0 1 0
2310	0 1 0
2311	0 0 1
2312	0 1 0
2313	1 0 0
2314	1 0 0
2315	0 0 1
2316	0 1 0
2317	1 0 0
2318	1 0 0
2319	1 0 0
2320	0 1 0
2321	0 0 1
2322	0 1 0
2323	1 0 0
2324	1 0 0
2325	1 0 0
2326	0 1 0
2327	1 0 0
2328	1 0 0
2329	1 0 0
2330	1 0 0
2331	1 0 0
2332	1 0 0
2333	0 0 1
2334	0 0 1
2335	1 0 0
2336	0 0 1
2337	0 0 1
2338	0 1 0
2339	1 0 0
2340	1 0 0
2341	1 0 0
2342	0 0 1
2343	0 1 0
2344	1 0 0
2345	0 0 1
2346	0 0 1
2347	0 0 1
2348	1 0 0
2349	0 0 1
2350	0 0 1
2351	0 1 0
2352	0 1 0
2353	0 1 0
2354	0 1 0
2355	0 1 0
2356	0 1 0
2357	1 0 0
2358	1 0 0
2359	0 0 1
2360	1 0 0
2361	1 0 0
2362	1 0 0
2363	1 0 0
2364	1 0 0
2365	0 0 1
2366	1 0 0
2367	0 1 0
2368	1 0 0
2369	0 0 1
2370	0 1 0
2371	0 1 0
2372	0 1 0
2373	0 1 0
2374	0 1 0
2375	0 0 1
2376	1 0 0
2377	0 0 1
2378	1 0 0
2379	1 0 0
2380	0 1 0
2381	0 0 1
2382	1 0 0
2383	0 1 0
2384	0 1 0
2385	0 1 0
2386	0 0 1
2387	0 0 1
2388	1 0 0
2389	1 0 0
2390	0 0 1
2391	1 0 0
2392	0 1 0
2393	1 0 0
2394	0 0 1
2395	1 0 0
2396	0 1 0
2397	0 0 1
2398	0 0 1
2399	0 1 0
2400	0 0 1
2401	0 0 1
2402	1 0 0
2403	0 1 0
2404	0 0 1
2405	0 1 0
2406	0 0 1
2407	1 0 0
2408	1 0 0
2409	0 1 0
2410	0 0 1
2411	0 1 0
2412	0 1 0
2413	0 0 1
2414	1 0 0
2415	1 0 0
2416	0 1 0
2417	0 1 0
2418	1 0 0
2419	1 0 0
2420	1 0 0
2421	1 0 0
2422	0 1 0
2423	0 1 0
2424	1 0 0
2425	0 1 0
2426	1 0 0
2427	1 0 0
2428	1 0 0
2429	0 1 0
2430	0 1 0
2431	0 0 1
2432	1 0 0
2433	1 0 0
2434	0 0 1
2435	0 0 1
2436	0 0 1
2437	0 0 1
2438	0 1 0
2439	0 1 0
2440	0 0 1
2441	0 1 0
2442	0 0 1
2443	1 0 0
2444	0 1 0
2445	0 0 1
2446	0 0 1
2447	1 0 0
2448	0 1 0
2449	0 1 0
2450	1 0 0
2451	1 0 0
2452	1 0 0
2453	0 1 0
2454	0 1 0
2455	0 1 0
2456	1 0 0
2457	1 0 0
2458	0 1 0
2459	0 1 0
2460	1 0 0
2461	1 0 0
2462	1 0 0
2463	0 1 0
2464	0 0 1
2465	0 0 1
2466	0 1 0
2467	0 0 1
2468	0 0 1
2469	0 1 0
2470	1 0 0
2471	0 0 1
2472	0 1 0
2473	0 1 0
2474	0 1 0
2475	0 0 1
2476	0 1 0
2477	1 0 0
2478	0 0 1
2479	1 0 0
2480	0 0 1
2481	1 0 0
2482	0 1 0
2483	0 0 1
2484	1 0 0
2485	0 1 0
2486	0 1 0
2487	0 0 1
2488	0 0 1
2489	0 1 0
2490	1 0 0
2491	0 0 1
2492	0 1 0
2493	0 0 1
2494	0 0 1
2495	0 1 0
2496	0 1 0
2497	1 0 0
2498	0 1 0
2499	0 1 0
2500	0 0 1
2501	0 0 1
2502	0 1 0
2503	0 0 1
2504	0 1 0
2505	0 1 0
2506	1 0 0
2507	0 1 0
2508	0 1 0
2509	0 0 1
2510	0 0 1
2511	0 0 1
2512	1 0 0
2513	1 0 0
2514	1 0 0
2515	1 0 0
2516	0 1 0
2517	0 1 0
2518	0 1 0
2519	0 1 0
2520	0 0 1
2521	1 0 0
2522	1 0 0
2523	1 0 0
2524	0 1 0
2525	0 0 1
2526	1 0 0
2527	1 0 0
2528	0 0 1
2529	0 0 1
2530	0 1 0
2531	1 0 0
2532	0 1 0
2533	0 0 1
2534	0 1 0
2535	1 0 0
2536	1 0 0
2537	1 0 0
2538	0 1 0
2539	0 0 1
2540	0 0 1
2541	0 0 1
2542	0 0 1
2543	0 0 1
2544	1 0 0
2545	1 0 0
2546	1 0 0
2547	1 0 0
2548	1 0 0
2549	0 1 0
2550	0 1 0
2551	1 0 0
2552	0 0 1
2553	0 1 0
2554	1 0 0
2555	1 0 0
2556	0 1 0
2557	0 0 1
2558	1 0 0
2559	0 1 0
2560	0 0 1
2561	0 1 0
2562	0 1 0
2563	0 0 1
2564	0 0 1
2565	0 0 1
2566	0 0 1
2567	1 0 0
2568	0 1 0
2569	0 0 1
2570	0 1 0
2571	0 1 0
2572	0 0 1
2573	1 0 0
2574	0 1 0
2575	0 1 0
2576	0 1 0
2577	0 1 0
2578	0 1 0
2579	1 0 0
2580	0 1 0
2581	0 1 0
2582	0 0 1
2583	1 0 0
2584	0 0 1
2585	0 0 1
2586	0 1 0
2587	1 0 0
2588	0 1 0
2589	0 0 1
2590	0 1 0
2591	0 1 0
2592	0 1 0
2593	0 1 0
2594	1 0 0
2595	0 1 0
2596	0 0 1
2597	0 0 1
2598	1 0 0
2599	0 0 1
2600	1 0 0
2601	0 1 0
2602	0 0 1
2603	0 0 1
2604	0 0 1
2605	0 0 1
2606	0 1 0
2607	1 0 0
2608	0 1 0
2609	1 0 0
2610	0 0 1
2611	0 1 0
2612	1 0 0
2613	0 1 0
2614	0 1 0
2615	1 0 0
2616	1 0 0
2617	1 0 0
2618	0 0 1
2619	0 1 0
2620	0 1 0
2621	1 0 0
2622	0 1 0
2623	1 0 0
2624	0 0 1
2625	1 0 0
2626	1 0 0
2627	1 0 0
2628	0 1 0
2629	0 0 1
2630	1 0 0
2631	0 0 1
2632	1 0 0
2633	1 0 0
2634	0 1 0
2635	1 0 0
2636	0 1 0
2637	0 0 1
2638	0 0 1
2639	0 0 1
2640	1 0 0
2641	0 1 0
2642	1 0 0
2643	0 1 0
2644	0 1 0
2645	0 1 0
2646	0 0 1
2647	0 0 1
2648	0 1 0
2649	0 1 0
2650	1 0 0
2651	0 0 1
2652	0 0 1
2653	0 0 1
2654	0 1 0
2655	0 0 1
2656	0 1 0
2657	1 0 0
2658	1 0 0
2659	0 1 0
2660	0 0 1
2661	0 1 0
2662	1 0 0
2663	1 0 0
2664	0 1 0
2665	1 0 0
2666	0 0 1
2667	0 1 0
2668	1 0 0
2669	1 0 0
2670	0 0 1
2671	0 1 0
2672	0 1 0
2673	0 0 1
2674	0 0 1
2675	0 0 1
2676	0 0 1
2677	1 0 0
2678	0 1 0
2679	0 1 0
2680	1 0 0
2681	1 0 0
2682	0 0 1
2683	0 1 0
2684	0 1 0
2685	1 0 0
2686	0 0 1
2687	0 1 0
2688	1 0 0
2689	1 0 0
2690	0 1 0
2691	1 0 0
2692	0 0 1
2693	1 0 0
2694	0 0 1
2695	1 0 0
2696	1 0 0
2697	0 0 1
2698	1 0 0
2699	0 1 0
2700	0 1 0
2701	1 0 0
2702	0 0 1
2703	1 0 0
2704	0 1 0
2705	1 0 0
2706	1 0 0
2707	0 1 0
2708	1 0 0
2709	0 0 1
2710	0 1 0
2711	0 0 1
2712	1 0 0
2713	0 1 0
2714	1 0 0
2715	1 0 0
2716	0 0 1
2717	0 0 1
2718	0 0 1
2719	0 0 1
2720	0 1 0
2721	1 0 0
2722	1 0 0
2723	0 1 0
2724	1 0 0
2725	0 1 0
2726	0 1 0
2727	0 1 0
2728	0 1 0
2729	0 0 1
2730	1 0 0
2731	0 0 1
2732	0 0 1
2733	0 0 1
2734	1 0 0
2735	1 0 0
2736	1 0 0
2737	0 1 0
2738	1 0 0
2739	1 0 0
2740	1 0 0
2741	1 0 0
2742	0 0 1
2743	1 0 0
2744	0 1 0
2745	1 0 0
2746	0 1 0
2747	1 0 0
2748	0 0 1
2749	0 1 0
2750	1 0 0
2751	0 0 1
2752	0 1 0
2753	1 0 0
2754	0 1 0
2755	1 0 0
2756	0 1 0
2757	0 0 1
2758	0 0 1
2759	1 0 0
2760	0 0 1
2761	0 0 1
2762	0 0 1
2763	1 0 0
2764	1 0 0
2765	1 0 0
2766	1 0 0
2767	1 0 0
2768	1 0 0
2769	0 1 0
2770	0 1 0
2771	0 1 0
2772	0 1 0
2773	0 0 1
2774	1 0 0
2775	0 1 0
2776	0 0 1
2777	0 1 0
2778	1 0 0
2779	0 1 0
2780	1 0 0
2781	0 0 1
2782	0 0 1
2783	1 0 0
2784	0 0 1
2785	0 0 1
2786	1 0 0
2787	0 0 1
2788	0 0 1
2789	0 0 1
2790	1 0 0
2791	0 1 0
2792	1 0 0
2793	1 0 0
2794	0 1 0
2795	0 0 1
2796	1 0 0
2797	1 0 0
2798	0 0 1
2799	0 1 0
2800	1 0 0
2801	0 1 0
2802	0 1 0
2803	0 1 0
2804	0 1 0
2805	1 0 0
2806	0 1 0
2807	0 1 0
2808	1 0 0
2809	0 1 0
2810	1 0 0
2811	0 0 1
2812	1 0 0
2813	0 1 0
2814	0 0 1
2815	0 1 0
2816	0 0 1
2817	0 0 1
2818	0 1 0
2819	0 1 0
2820	0 1 0
2821	1 0 0
2822	0 1 0
2823	1 0 0
2824	0 1 0
2825	0 1 0
2826	1 0 0
2827	1 0 0
2828	0 1 0
2829	1 0 0
2830	0 0 1
2831	1 0 0
2832	1 0 0
2833	0 0 1
2834	1 0 0
2835	0 1 0
2836	0 0 1
2837	1 0 0
2838	0 0 1
2839	0 0 1
2840	1 0 0
2841	1 0 0
2842	0 0 1
2843	1 0 0
2844	0 1 0
2845	0 1 0
2846	1 0 0
2847	1 0 0
2848	0 1 0
2849	0 1 0
2850	1 0 0
2851	1 0 0
2852	0 1 0
2853	1 0 0
2854	0 1 0
2855	1 0 0
2856	0 1 0
2857	0 0 1
2858	1 0 0
2859	1 0 0
2860	0 0 1
2861	0 0 1
2862	0 1 0
2863	0 1 0
2864	0 0 1
2865	1 0 0
2866	0 1 0
2867	1 0 0
2868	1 0 0
2869	0 0 1
2870	0 0 1
2871	0 1 0
2872	1 0 0
2873	1 0 0
2874	0 0 1
2875	0 0 1
2876	1 0 0
2877	1 0 0
2878	0 0 1
2879	0 0 1
2880	0 1 0
2881	0 0 1
2882	0 1 0
2883	0 0 1
2884	1 0 0
2885	0 1 0
2886	0 0 1
2887	1 0 0
2888	0 0 1
2889	1 0 0
2890	1 0 0
2891	0 1 0
2892	1 0 0
2893	0 1 0
2894	0 1 0
2895	1 0 0
2896	0 0 1
2897	0 1 0
2898	0 1 0
2899	0 1 0
2900	1 0 0
2901	1 0 0
2902	1 0 0
2903	1 0 0
2904	1 0 0
2905	0 0 1
2906	1 0 0
2907	0 1 0
2908	0 0 1
2909	0 0 1
2910	0 1 0
2911	1 0 0
2912	0 1 0
2913	0 0 1
2914	0 0 1
2915	0 0 1
2916	1 0 0
2917	0 1 0
2918	1 0 0
2919	1 0 0
2920	0 0 1
2921	0 1 0
2922	0 0 1
2923	0 1 0
2924	0 1 0
2925	0 1 0
2926	1 0 0
2927	0 0 1
2928	0 0 1
2929	0 1 0
2930	0 0 1
2931	1 0 0
2932	0 0 1
2933	0 1 0
2934	1 0 0
2935	0 1 0
2936	0 0 1
2937	1 0 0
2938	0 1 0
2939	0 0 1
2940	0 0 1
2941	0 1 0
2942	0 0 1
2943	0 1 0
2944	0 1 0
2945	0 0 1
2946	1 0 0
2947	1 0 0
2948	0 0 1
2949	0 0 1
2950	1 0 0
2951	0 1 0
2952	0 0 1
2953	0 1 0
2954	0 0 1
2955	0 0 1
2956	0 1 0
2957	0 0 1
2958	1 0 0
2959	0 1 0
2960	0 0 1
2961	0 1 0
2962	0 1 0
2963	0 1 0
2964	1 0 0
2965	0 1 0
2966	1 0 0
2967	0 0 1
2968	1 0 0
2969	1 0 0
2970	0 1 0
2971	0 1 0
2972	0 1 0
2973	0 0 1
2974	0 1 0
2975	1 0 0
2976	0 0 1
2977	1 0 0
2978	1 0 0
2979	0 1 0
2980	0 1 0
2981	0 1 0
2982	0 0 1
2983	1 0 0
2984	0 0 1
2985	0 0 1
2986	0 1 0
2987	0 0 1
2988	0 1 0
2989	1 0 0
2990	0 0 1
2991	0 1 0
2992	0 0 1
2993	0 1 0
2994	0 0 1
2995	1 0 0
2996	0 1 0
2997	0 0 1
2998	1 0 0
2999	1 0 0
3000	0 0 1
3001	1 0 0
3002	0 1 0
3003	0 0 1
3004	0 1 0
3005	0 1 0
3006	1 0 0
3007	1 0 0
3008	0 1 0
3009	1 0 0
3010	0 1 0
3011	0 1 0
3012	0 0 1
3013	0 0 1
3014	0 0 1
3015	1 0 0
3016	1 0 0
3017	1 0 0
3018	0 1 0
3019	0 1 0
3020	1 0 0
3021	1 0 0
3022	0 1 0
3023	1 0 0
3024	0 0 1
3025	0 0 1
3026	1 0 0
3027	0 1 0
3028	0 0 1
3029	0 1 0
3030	1 0 0
3031	0 0 1
3032	1 0 0
3033	0 0 1
3034	0 1 0
3035	0 0 1
3036	0 0 1
3037	0 0 1
3038	0 1 0
3039	1 0 0
3040	0 0 1
3041	0 1 0
3042	1 0 0
3043	1 0 0
3044	1 0 0
3045	0 1 0
3046	0 1 0
3047	1 0 0
3048	0 1 0
3049	1 0 0
3050	0 0 1
3051	0 1 0
3052	1 0 0
3053	0 0 1
3054	0 0 1
3055	0 1 0
3056	0 1 0
3057	0 0 1
3058	0 1 0
3059	0 1 0
3060	1 0 0
3061	1 0 0
3062	1 0 0
3063	0 1 0
3064	0 0 1
3065	1 0 0
3066	1 0 0
3067	0 1 0
3068	0 0 1
3069	0 0 1
3070	1 0 0
3071	0 1 0
3072	0 0 1
3073	0 0 1
3074	0 1 0
3075	0 0 1
3076	0 0 1
3077	0 1 0
3078	0 0 1
3079	0 0 1
3080	0 1 0
3081	0 1 0
3082	0 1 0
3083	0 0 1
3084	0 0 1
3085	0 1 0
3086	0 1 0
3087	1 0 0
3088	1 0 0
3089	1 0 0
3090	0 1 0
3091	0 1 0
3092	1 0 0
3093	1 0 0
3094	0 0 1
3095	0 1 0
3096	1 0 0
3097	0 0 1
3098	0 1 0
3099	0 1 0
3100	0 0 1
3101	0 0 1
3102	1 0 0
3103	0 0 1
3104	1 0 0
3105	0 0 1
3106	0 0 1
3107	0 1 0
3108	1 0 0
3109	0 0 1
3110	0 0 1
3111	1 0 0
3112	0 0 1
3113	0 1 0
3114	0 1 0
3115	0 0 1
3116	0 0 1
3117	0 0 1
3118	1 0 0
3119	1 0 0
3120	1 0 0
3121	0 1 0
3122	1 0 0
3123	0 0 1
3124	0 1 0
3125	0 1 0
3126	1 0 0
3127	1 0 0
3128	0 1 0
3129	0 0 1
3130	0 1 0
3131	1 0 0
3132	0 1 0
3133	0 1 0
3134	1 0 0
3135	1 0 0
3136	0 1 0
3137	1 0 0
3138	1 0 0
3139	0 1 0
3140	0 0 1
3141	1 0 0
3142	0 0 1
3143	0 1 0
3144	1 0 0
3145	1 0 0
3146	0 0 1
3147	0 1 0
3148	1 0 0
3149	0 0 1
3150	1 0 0
3151	1 0 0
3152	0 0 1
3153	0 0 1
3154	1 0 0
3155	1 0 0
3156	1 0 0
3157	1 0 0
3158	0 0 1
3159	0 0 1
3160	0 0 1
3161	1 0 0
3162	1 0 0
3163	0 0 1
3164	0 0 1
3165	0 0 1
3166	0 0 1
3167	0 0 1
3168	0 1 0
3169	1 0 0
3170	0 0 1
3171	0 1 0
3172	0 1 0
3173	0 1 0
3174	0 1 0
3175	1 0 0
3176	1 0 0
3177	0 0 1
3178	0 0 1
3179	1 0 0
3180	0 0 1
3181	1 0 0
3182	1 0 0
3183	0 0 1
3184	0 0 1
3185	1 0 0
3186	1 0 0
3187	0 1 0
3188	0 1 0
3189	1 0 0
3190	1 0 0
3191	0 1 0
3192	1 0 0
3193	1 0 0
3194	0 1 0
3195	0 0 1
3196	1 0 0
3197	1 0 0
3198	0 1 0
3199	0 0 1
3200	0 1 0
3201	0 1 0
3202	0 1 0
3203	1 0 0
3204	1 0 0
3205	0 0 1
3206	0 0 1
3207	0 0 1
3208	0 0 1
3209	1 0 0
3210	0 0 1
3211	1 0 0
3212	0 0 1
3213	1 0 0
3214	1 0 0
3215	0 0 1
3216	1 0 0
3217	0 0 1
3218	1 0 0
3219	0 1 0
3220	0 0 1
3221	1 0 0
3222	1 0 0
3223	0 1 0
3224	0 0 1
3225	1 0 0
3226	1 0 0
3227	0 1 0
3228	1 0 0
3229	0 1 0
3230	0 0 1
3231	0 0 1
3232	0 1 0
3233	0 1 0
3234	0 0 1
3235	1 0 0
3236	0 1 0
3237	1 0 0
3238	0 0 1
3239	0 1 0
3240	0 1 0
3241	0 0 1
3242	1 0 0
3243	0 1 0
3244	1 0 0
3245	0 1 0
3246	0 0 1
3247	1 0 0
3248	0 1 0
3249	1 0 0
3250	0 0 1
3251	0 1 0
3252	0 1 0
3253	0 1 0
3254	0 0 1
3255	0 1 0
3256	0 1 0
3257	0 1 0
3258	0 1 0
3259	0 0 1
3260	0 0 1
3261	0 1 0
3262	1 0 0
3263	1 0 0
3264	0 1 0
3265	0 0 1
3266	1 0 0
3267	0 1 0
3268	0 0 1
3269	1 0 0
3270	0 1 0
3271	0 1 0
3272	0 1 0
3273	0 0 1
3274	0 0 1
3275	0 0 1
3276	0 0 1
3277	0 0 1
3278	0 1 0
3279	0 0 1
3280	0 1 0
3281	0 1 0
3282	0 1 0
3283	1 0 0
3284	1 0 0
3285	0 0 1
3286	0 0 1
3287	0 0 1
3288	0 1 0
3289	0 1 0
3290	0 1 0
3291	0 0 1
3292	0 0 1
3293	0 0 1
3294	0 1 0
3295	0 1 0
3296	0 0 1
3297	0 0 1
3298	0 1 0
3299	0 1 0
3300	0 1 0
3301	0 1 0
3302	1 0 0
3303	0 1 0
3304	1 0 0
3305	0 0 1
3306	0 1 0
3307	0 1 0
3308	1 0 0
3309	1 0 0
3310	1 0 0
3311	1 0 0
3312	0 0 1
3313	0 1 0
3314	1 0 0
3315	0 0 1
3316	0 0 1
3317	0 0 1
3318	0 0 1
3319	1 0 0
3320	0 1 0
3321	0 0 1
3322	0 1 0
3323	1 0 0
3324	0 1 0
3325	0 0 1
3326	0 0 1
3327	1 0 0
3328	0 0 1
3329	1 0 0
3330	0 1 0
3331	1 0 0
3332	0 1 0
3333	1 0 0
3334	0 0 1
3335	1 0 0
3336	0 1 0
3337	1 0 0
3338	0 0 1
3339	0 0 1
3340	1 0 0
3341	0 1 0
3342	0 1 0
3343	0 0 1
3344	0 0 1
3345	1 0 0
3346	1 0 0
3347	1 0 0
3348	0 0 1
3349	1 0 0
3350	0 1 0
3351	0 0 1
3352	0 1 0
3353	1 0 0
3354	1 0 0
3355	0 1 0
3356	1 0 0
3357	0 1 0
3358	0 0 1
3359	0 1 0
3360	1 0 0
3361	1 0 0
3362	0 1 0
3363	0 0 1
3364	0 0 1
3365	1 0 0
3366	1 0 0
3367	1 0 0
3368	0 1 0
3369	1 0 0
3370	1 0 0
3371	0 0 1
3372	1 0 0
3373	0 0 1
3374	1 0 0
3375	0 0 1
3376	0 1 0
3377	0 0 1
3378	1 0 0
3379	0 0 1
3380	0 0 1
3381	0 1 0
3382	0 0 1
3383	0 0 1
3384	0 0 1
3385	1 0 0
3386	0 1 0
3387	0 1 0
3388	0 1 0
3389	0 0 1
3390	0 0 1
3391	0 0 1
3392	1 0 0
3393	1 0 0
3394	0 0 1
3395	0 1 0
3396	0 1 0
3397	0 1 0
3398	0 1 0
3399	0 0 1
3400	0 0 1
3401	0 0 1
3402	1 0 0
3403	0 0 1
3404	0 0 1
3405	0 0 1
3406	1 0 0
3407	0 1 0
3408	1 0 0
3409	0 1 0
3410	0 0 1
3411	0 0 1
3412	0 1 0
3413	0 1 0
3414	0 0 1
3415	0 1 0
3416	1 0 0
3417	0 1 0
3418	0 1 0
3419	0 1 0
3420	1 0 0
3421	0 1 0
3422	0 0 1
3423	1 0 0
3424	1 0 0
3425	0 0 1
3426	1 0 0
3427	0 0 1
3428	0 1 0
3429	0 0 1
3430	0 0 1
3431	0 1 0
3432	0 1 0
3433	0 1 0
3434	1 0 0
3435	1 0 0
3436	0 1 0
3437	1 0 0
3438	0 0 1
3439	0 1 0
3440	0 0 1
3441	0 1 0
3442	0 1 0
3443	0 1 0
3444	1 0 0
3445	0 1 0
3446	0 1 0
3447	0 0 1
3448	0 0 1
3449	0 0 1
3450	0 0 1
3451	1 0 0
3452	1 0 0
3453	0 1 0
3454	1 0 0
3455	0 1 0
3456	1 0 0
3457	0 0 1
3458	0 1 0
3459	0 1 0
3460	0 0 1
3461	0 1 0
3462	0 1 0
3463	0 1 0
3464	0 0 1
3465	0 1 0
3466	1 0 0
3467	0 0 1
3468	1 0 0
3469	0 1 0
3470	0 1 0
3471	1 0 0
3472	1 0 0
3473	1 0 0
3474	0 1 0
3475	1 0 0
3476	0 0 1
3477	0 1 0
3478	0 1 0
3479	1 0 0
3480	0 0 1
3481	1 0 0
3482	0 0 1
3483	0 1 0
3484	0 1 0
3485	1 0 0
3486	0 1 0
3487	0 1 0
3488	1 0 0
3489	0 0 1
3490	1 0 0
3491	1 0 0
3492	0 0 1
3493	1 0 0
3494	0 0 1
3495	0 1 0
3496	0 1 0
3497	0 0 1
3498	1 0 0
3499	0 0 1
3500	0 1 0
3501	1 0 0
3502	0 1 0
3503	0 0 1
3504	0 1 0
3505	0 1 0
3506	0 0 1
3507	1 0 0
3508	0 1 0
3509	0 1 0
3510	0 0 1
3511	0 0 1
3512	0 0 1
3513	0 0 1
3514	0 0 1
3515	0 0 1
3516	1 0 0
3517	0 0 1
3518	0 0 1
3519	0 1 0
3520	1 0 0
3521	1 0 0
3522	0 0 1
3523	1 0 0
3524	0 1 0
3525	0 1 0
3526	1 0 0
3527	0 1 0
3528	0 1 0
3529	0 0 1
3530	0 1 0
3531	1 0 0
3532	1 0 0
3533	1 0 0
3534	0 1 0
3535	0 0 1
3536	1 0 0
3537	0 1 0
3538	1 0 0
3539	0 1 0
3540	0 0 1
3541	1 0 0
3542	0 1 0
3543	0 0 1
3544	0 0 1
3545	0 1 0
3546	0 1 0
3547	0 0 1
3548	0 0 1
3549	0 0 1
3550	0 1 0
3551	0 1 0
3552	0 1 0
3553	1 0 0
3554	0 0 1
3555	1 0 0
3556	0 1 0
3557	1 0 0
3558	1 0 0
3559	0 1 0
3560	0 1 0
3561	0 1 0
3562	1 0 0
3563	0 0 1
3564	0 0 1
3565	0 0 1
3566	1 0 0
3567	0 1 0
3568	1 0 0
3569	0 1 0
3570	0 0 1
3571	1 0 0
3572	1 0 0
3573	0 0 1
3574	0 0 1
3575	0 1 0
3576	1 0 0
3577	0 0 1
3578	0 1 0
3579	0 1 0
3580	1 0 0
3581	0 0 1
3582	0 1 0
3583	0 0 1
3584	0 1 0
3585	0 0 1
3586	0 1 0
3587	0 0 1
3588	0 1 0
3589	0 1 0
3590	0 0 1
3591	0 0 1
3592	0 1 0
3593	0 0 1
3594	0 1 0
3595	0 1 0
3596	0 1 0
3597	1 0 0
3598	0 1 0
3599	1 0 0
3600	0 0 1
3601	0 0 1
3602	0 0 1
3603	0 1 0
3604	1 0 0
3605	0 0 1
3606	0 0 1
3607	0 0 1
3608	0 0 1
3609	1 0 0
3610	0 0 1
3611	0 1 0
3612	1 0 0
3613	1 0 0
3614	0 1 0
3615	0 0 1
3616	0 1 0
3617	0 1 0
3618	1 0 0
3619	0 0 1
3620	0 0 1
3621	0 0 1
3622	1 0 0
3623	0 0 1
3624	1 0 0
3625	1 0 0
3626	0 1 0
3627	0 0 1
3628	1 0 0
3629	1 0 0
3630	0 0 1
3631	0 1 0
3632	1 0 0
3633	0 1 0
3634	1 0 0
3635	0 0 1
3636	1 0 0
3637	0 0 1
3638	0 1 0
3639	1 0 0
3640	0 1 0
3641	0 1 0
3642	0 0 1
3643	1 0 0
3644	0 0 1
3645	1 0 0
3646	1 0 0
3647	0 0 1
3648	0 1 0
3649	0 1 0
3650	1 0 0
3651	0 0 1
3652	1 0 0
3653	1 0 0
3654	0 1 0
3655	0 1 0
3656	0 0 1
3657	0 0 1
3658	0 1 0
3659	0 0 1
3660	1 0 0
3661	1 0 0
3662	0 1 0
3663	1 0 0
3664	0 1 0
3665	0 0 1
3666	0 0 1
3667	1 0 0
3668	0 1 0
3669	0 0 1
3670	0 1 0
3671	0 1 0
3672	0 0 1
3673	0 1 0
3674	0 1 0
3675	0 1 0
3676	1 0 0
3677	0 1 0
3678	1 0 0
3679	0 0 1
3680	0 0 1
3681	1 0 0
3682	0 1 0
3683	1 0 0
3684	1 0 0
3685	0 0 1
3686	0 0 1
3687	0 0 1
3688	0 0 1
3689	0 0 1
3690	0 1 0
3691	0 0 1
3692	1 0 0
3693	1 0 0
3694	1 0 0
3695	0 0 1
3696	1 0 0
3697	0 0 1
3698	0 1 0
3699	0 0 1
3700	0 0 1
3701	0 1 0
3702	0 0 1
3703	0 1 0
3704	0 1 0
3705	0 0 1
3706	0 0 1
3707	0 0 1
3708	0 1 0
3709	1 0 0
3710	1 0 0
3711	0 1 0
3712	1 0 0
3713	0 1 0
3714	0 0 1
3715	0 0 1
3716	0 0 1
3717	0 1 0
3718	0 0 1
3719	0 1 0
3720	1 0 0
3721	1 0 0
3722	1 0 0
3723	0 1 0
3724	0 0 1
3725	1 0 0
3726	0 0 1
3727	0 1 0
3728	0 1 0
3729	0 0 1
3730	0 1 0
3731	0 0 1
3732	0 1 0
3733	1 0 0
3734	0 1 0
3735	1 0 0
3736	0 1 0
3737	1 0 0
3738	0 0 1
3739	0 1 0
3740	0 1 0
3741	0 1 0
3742	0 0 1
3743	1 0 0
3744	0 0 1
3745	1 0 0
3746	0 0 1
3747	1 0 0
3748	0 1 0
3749	1 0 0
3750	1 0 0
3751	0 0 1
3752	0 1 0
3753	0 0 1
3754	0 1 0
3755	1 0 0
3756	1 0 0
3757	1 0 0
3758	0 0 1
3759	0 0 1
3760	0 0 1
3761	0 1 0
3762	0 1 0
3763	0 1 0
3764	0 0 1
3765	1 0 0
3766	1 0 0
3767	0 1 0
3768	0 0 1
3769	1 0 0
3770	1 0 0
3771	0 0 1
3772	1 0 0
3773	0 1 0
3774	0 0 1
3775	1 0 0
3776	0 1 0
3777	0 1 0
3778	0 1 0
3779	1 0 0
3780	0 1 0
3781	0 0 1
3782	0 1 0
3783	1 0 0
3784	1 0 0
3785	1 0 0
3786	0 1 0
3787	1 0 0
3788	0 0 1
3789	1 0 0
3790	0 0 1
3791	0 1 0
3792	1 0 0
3793	1 0 0
3794	0 0 1
3795	0 1 0
3796	0 1 0
3797	1 0 0
3798	1 0 0
3799	0 0 1
3800	1 0 0
3801	1 0 0
3802	0 0 1
3803	1 0 0
3804	1 0 0
3805	0 0 1
3806	0 0 1
3807	0 0 1
3808	0 1 0
3809	0 1 0
3810	1 0 0
3811	1 0 0
3812	1 0 0
3813	0 0 1
3814	0 1 0
3815	0 0 1
3816	0 0 1
3817	0 0 1
3818	0 1 0
3819	1 0 0
3820	0 1 0
3821	1 0 0
3822	0 0 1
3823	0 0 1
3824	0 0 1
3825	0 1 0
3826	0 1 0
3827	1 0 0
3828	0 0 1
3829	1 0 0
3830	0 0 1
3831	1 0 0
3832	1 0 0
3833	0 0 1
3834	1 0 0
3835	1 0 0
3836	0 0 1
3837	1 0 0
3838	0 0 1
3839	0 1 0
3840	1 0 0
3841	0 1 0
3842	0 0 1
3843	1 0 0
3844	0 0 1
3845	0 1 0
3846	0 0 1
3847	0 0 1
3848	0 1 0
3849	0 1 0
3850	0 0 1
3851	1 0 0
3852	0 0 1
3853	0 0 1
3854	1 0 0
3855	0 0 1
3856	0 0 1
3857	1 0 0
3858	0 0 1
3859	0 1 0
3860	1 0 0
3861	1 0 0
3862	0 0 1
3863	1 0 0
3864	0 1 0
3865	0 0 1
3866	0 0 1
3867	0 1 0
3868	1 0 0
3869	0 1 0
3870	0 1 0
3871	1 0 0
3872	0 1 0
3873	0 1 0
3874	0 0 1
3875	1 0 0
3876	1 0 0
3877	1 0 0
3878	0 1 0
3879	0 0 1
3880	0 1 0
3881	0 1 0
3882	0 1 0
3883	0 1 0
3884	0 1 0
3885	0 1 0
3886	1 0 0
3887	0 0 1
3888	1 0 0
3889	0 0 1
3890	0 0 1
3891	1 0 0
3892	0 0 1
3893	1 0 0
3894	0 0 1
3895	0 0 1
3896	1 0 0
3897	0 0 1
3898	1 0 0
3899	0 1 0
3900	0 0 1
3901	0 0 1
3902	0 0 1
3903	1 0 0
3904	0 0 1
3905	0 1 0
3906	0 1 0
3907	0 0 1
3908	1 0 0
3909	0 1 0
3910	0 1 0
3911	0 1 0
3912	0 1 0
3913	0 1 0
3914	0 1 0
3915	0 0 1
3916	0 1 0
3917	0 1 0
3918	0 0 1
3919	0 1 0
3920	0 0 1
3921	0 1 0
3922	0 0 1
3923	0 0 1
3924	1 0 0
3925	0 0 1
3926	1 0 0
3927	0 0 1
3928	0 1 0
3929	0 1 0
3930	1 0 0
3931	0 1 0
3932	0 0 1
3933	1 0 0
3934	1 0 0
3935	0 1 0
3936	0 0 1
3937	0 1 0
3938	0 0 1
3939	0 0 1
3940	0 1 0
3941	0 1 0
3942	1 0 0
3943	0 1 0
3944	1 0 0
3945	0 0 1
3946	1 0 0
3947	0 0 1
3948	1 0 0
3949	0 1 0
3950	0 1 0
3951	1 0 0
3952	0 0 1
3953	0 0 1
3954	1 0 0
3955	0 1 0
3956	0 0 1
3957	1 0 0
3958	0 1 0
3959	0 0 1
3960	0 1 0
3961	0 1 0
3962	0 1 0
3963	1 0 0
3964	1 0 0
3965	1 0 0
3966	1 0 0
3967	0 0 1
3968	0 1 0
3969	0 1 0
3970	0 0 1
3971	1 0 0
3972	0 0 1
3973	0 0 1
3974	1 0 0
3975	1 0 0
3976	1 0 0
3977	0 1 0
3978	1 0 0
3979	0 0 1
3980	1 0 0
3981	0 1 0
3982	1 0 0
3983	0 0 1
3984	0 0 1
3985	0 1 0
3986	0 1 0
3987	1 0 0
3988	1 0 0
3989	0 1 0
3990	0 1 0
3991	0 0 1
3992	0 1 0
3993	0 1 0
3994	1 0 0
3995	0 0 1
3996	1 0 0
3997	1 0 0
3998	0 1 0
3999	0 1 0
4000	0 1 0
4001	1 0 0
4002	0 1 0
4003	0 0 1
4004	0 1 0
4005	0 1 0
4006	0 0 1
4007	0 0 1
4008	0 0 1
4009	0 1 0
4010	1 0 0
4011	0 0 1
4012	0 0 1
4013	0 1 0
4014	0 1 0
4015	1 0 0
4016	0 0 1
4017	0 0 1
4018	1 0 0
4019	0 1 0
4020	0 1 0
4021	1 0 0
4022	0 0 1
4023	0 1 0
4024	0 0 1
4025	0 1 0
4026	1 0 0
4027	0 1 0
4028	1 0 0
4029	1 0 0
4030	0 0 1
4031	1 0 0
4032	0 0 1
4033	0 1 0
4034	0 1 0
4035	0 0 1
4036	1 0 0
4037	0 1 0
4038	0 0 1
4039	0 1 0
4040	1 0 0
4041	1 0 0
4042	1 0 0
4043	0 1 0
4044	1 0 0
4045	0 1 0
4046	0 0 1
4047	1 0 0
4048	1 0 0
4049	0 0 1
4050	1 0 0
4051	1 0 0
4052	0 0 1
4053	0 1 0
4054	1 0 0
4055	0 0 1
4056	1 0 0
4057	0 1 0
4058	0 0 1
4059	1 0 0
4060	0 0 1
4061	1 0 0
4062	0 0 1
4063	1 0 0
4064	1 0 0
4065	0 1 0
4066	0 0 1
4067	0 1 0
4068	0 0 1
4069	0 0 1
4070	0 1 0
4071	0 0 1
4072	0 0 1
4073	1 0 0
4074	0 1 0
4075	1 0 0
4076	0 0 1
4077	0 0 1
4078	1 0 0
4079	1 0 0
4080	0 0 1
4081	0 0 1
4082	0 0 1
4083	0 1 0
4084	1 0 0
4085	0 0 1
4086	1 0 0
4087	1 0 0
4088	0 0 1
4089	0 1 0
4090	0 0 1
4091	0 1 0
4092	0 0 1
4093	1 0 0
4094	0 1 0
4095	1 0 0
4096	0 0 1
4097	0 0 1
4098	0 1 0
4099	0 1 0
4100	0 0 1
4101	1 0 0
4102	0 1 0
4103	0 1 0
4104	1 0 0
4105	0 0 1
4106	0 1 0
4107	1 0 0
4108	0 1 0
4109	0 0 1
4110	0 0 1
4111	1 0 0
4112	1 0 0
4113	0 0 1
4114	0 1 0
4115	1 0 0
4116	0 1 0
4117	1 0 0
4118	1 0 0
4119	0 0 1
4120	1 0 0
4121	0 1 0
4122	0 1 0
4123	0 1 0
4124	0 1 0
4125	0 1 0
4126	1 0 0
4127	1 0 0
4128	0 0 1
4129	0 1 0
4130	0 1 0
4131	0 1 0
4132	0 0 1
4133	1 0 0
4134	0 1 0
4135	0 1 0
4136	0 0 1
4137	0 1 0
4138	0 0 1
4139	1 0 0
4140	0 0 1
4141	0 0 1
4142	0 1 0
4143	1 0 0
4144	0 1 0
4145	0 1 0
4146	0 0 1
4147	0 1 0
4148	1 0 0
4149	1 0 0
4150	0 1 0
4151	0 1 0
4152	0 0 1
4153	0 0 1
4154	0 1 0
4155	1 0 0
4156	1 0 0
4157	0 1 0
4158	0 1 0
4159	1 0 0
4160	0 0 1
4161	0 1 0
4162	1 0 0
4163	1 0 0
4164	0 1 0
4165	0 0 1
4166	0 1 0
4167	1 0 0
4168	0 0 1
4169	1 0 0
4170	0 1 0
4171	1 0 0
4172	0 1 0
4173	1 0 0
4174	0 0 1
4175	1 0 0
4176	0 1 0
4177	0 0 1
4178	0 1 0
4179	0 0 1
4180	1 0 0
4181	1 0 0
4182	0 0 1
4183	0 1 0
4184	1 0 0
4185	1 0 0
4186	1 0 0
4187	0 1 0
4188	1 0 0
4189	0 0 1
4190	0 1 0
4191	0 0 1
4192	1 0 0
4193	1 0 0
4194	0 1 0
4195	0 1 0
4196	1 0 0
4197	1 0 0
4198	0 0 1
4199	0 1 0
4200	1 0 0
4201	0 1 0
4202	1 0 0
4203	1 0 0
4204	1 0 0
4205	0 1 0
4206	0 0 1
4207	0 0 1
4208	0 1 0
4209	1 0 0
4210	0 0 1
4211	0 0 1
4212	0 1 0
4213	0 1 0
4214	1 0 0
4215	0 0 1
4216	0 1 0
4217	1 0 0
4218	0 0 1
4219	0 0 1
4220	0 1 0
4221	1 0 0
4222	1 0 0
4223	0 1 0
4224	1 0 0
4225	0 0 1
4226	0 0 1
4227	1 0 0
4228	1 0 0
4229	0 1 0
4230	0 0 1
4231	1 0 0
4232	1 0 0
4233	1 0 0
4234	1 0 0
4235	1 0 0
4236	1 0 0
4237	1 0 0
4238	0 1 0
4239	0 0 1
4240	1 0 0
4241	1 0 0
4242	0 0 1
4243	0 0 1
4244	0 1 0
4245	0 0 1
4246	0 1 0
4247	1 0 0
4248	1 0 0
4249	1 0 0
4250	1 0 0
4251	1 0 0
4252	0 0 1
4253	0 1 0
4254	0 0 1
4255	1 0 0
4256	0 1 0
4257	0 1 0
4258	1 0 0
4259	1 0 0
4260	0 1 0
4261	0 1 0
4262	0 1 0
4263	0 0 1
4264	1 0 0
4265	0 1 0
4266	0 0 1
4267	1 0 0
4268	0 0 1
4269	1 0 0
4270	0 1 0
4271	1 0 0
4272	1 0 0
4273	0 1 0
4274	0 1 0
4275	0 0 1
4276	0 0 1
4277	0 0 1
4278	1 0 0
4279	0 0 1
4280	0 1 0
4281	0 0 1
4282	0 1 0
4283	1 0 0
4284	0 0 1
4285	0 0 1
4286	0 0 1
4287	0 0 1
4288	1 0 0
4289	1 0 0
4290	0 1 0
4291	1 0 0
4292	0 0 1
4293	1 0 0
4294	0 0 1
4295	0 1 0
4296	1 0 0
4297	1 0 0
4298	0 0 1
4299	0 1 0
4300	0 1 0
4301	1 0 0
4302	1 0 0
4303	1 0 0
4304	1 0 0
4305	1 0 0
4306	1 0 0
4307	0 0 1
4308	1 0 0
4309	0 1 0
4310	0 0 1
4311	0 0 1
4312	0 1 0
4313	1 0 0
4314	1 0 0
4315	0 0 1
4316	0 0 1
4317	0 1 0
4318	0 0 1
4319	1 0 0
4320	0 0 1
4321	1 0 0
4322	0 0 1
4323	0 1 0
4324	0 1 0
4325	0 0 1
4326	1 0 0
4327	1 0 0
4328	0 0 1
4329	0 0 1
4330	0 0 1
4331	0 1 0
4332	0 0 1
4333	0 1 0
4334	0 0 1
4335	0 1 0
4336	0 0 1
4337	1 0 0
4338	0 1 0
4339	0 1 0
4340	0 0 1
4341	0 0 1
4342	1 0 0
4343	0 1 0
4344	1 0 0
4345	0 0 1
4346	0 0 1
4347	1 0 0
4348	0 0 1
4349	0 0 1
4350	0 1 0
4351	0 0 1
4352	1 0 0
4353	0 1 0
4354	1 0 0
4355	0 0 1
4356	1 0 0
4357	1 0 0
4358	0 1 0
4359	0 1 0
4360	0 1 0
4361	0 0 1
4362	0 1 0
4363	0 1 0
4364	0 1 0
4365	0 0 1
4366	0 0 1
4367	0 1 0
4368	0 0 1
4369	1 0 0
4370	0 0 1
4371	0 1 0
4372	0 1 0
4373	0 1 0
4374	1 0 0
4375	1 0 0
4376	0 1 0
4377	0 0 1
4378	0 0 1
4379	1 0 0
4380	1 0 0
4381	1 0 0
4382	1 0 0
4383	1 0 0
4384	0 0 1
4385	0 1 0
4386	0 1 0
4387	0 1 0
4388	1 0 0
4389	1 0 0
4390	1 0 0
4391	0 1 0
4392	1 0 0
4393	0 1 0
4394	0 0 1
4395	0 0 1
4396	0 0 1
4397	1 0 0
4398	0 0 1
4399	0 0 1
4400	0 1 0
4401	0 0 1
4402	1 0 0
4403	0 0 1
4404	1 0 0
4405	1 0 0
4406	0 0 1
4407	1 0 0
4408	0 0 1
4409	0 1 0
4410	0 0 1
4411	0 1 0
4412	0 0 1
4413	0 1 0
4414	1 0 0
4415	1 0 0
4416	1 0 0
4417	1 0 0
4418	0 0 1
4419	0 0 1
4420	0 0 1
4421	0 1 0
4422	1 0 0
4423	0 1 0
4424	0 0 1
4425	0 1 0
4426	1 0 0
4427	0 0 1
4428	0 0 1
4429	0 0 1
4430	1 0 0
4431	1 0 0
4432	0 1 0
4433	0 0 1
4434	0 1 0
4435	0 0 1
4436	0 0 1
4437	0 1 0
4438	0 0 1
4439	0 1 0
4440	1 0 0
4441	1 0 0
4442	1 0 0
4443	0 0 1
4444	0 1 0
4445	0 1 0
4446	0 0 1
4447	0 1 0
4448	0 0 1
4449	0 1 0
4450	0 0 1
4451	0 0 1
4452	0 1 0
4453	1 0 0
4454	0 1 0
4455	0 1 0
4456	0 0 1
4457	1 0 0
4458	0 1 0
4459	0 1 0
4460	1 0 0
4461	0 0 1
4462	0 0 1
4463	1 0 0
4464	0 1 0
4465	1 0 0
4466	0 0 1
4467	0 1 0
4468	1 0 0
4469	1 0 0
4470	0 1 0
4471	0 0 1
4472	0 1 0
4473	0 0 1
4474	1 0 0
4475	0 1 0
4476	1 0 0
4477	1 0 0
4478	0 1 0
4479	1 0 0
4480	1 0 0
4481	1 0 0
4482	1 0 0
4483	1 0 0
4484	0 1 0
4485	0 0 1
4486	0 0 1
4487	0 0 1
4488	0 0 1
4489	0 0 1
4490	0 1 0
4491	0 0 1
4492	0 0 1
4493	0 1 0
4494	0 1 0
4495	0 0 1
4496	0 0 1
4497	0 0 1
4498	0 0 1
4499	0 1 0
4500	1 0 0
4501	1 0 0
4502	1 0 0
4503	1 0 0
4504	0 1 0
4505	1 0 0
4506	0 1 0
4507	0 1 0
4508	0 0 1
4509	0 0 1
4510	0 1 0
4511	0 1 0
4512	0 1 0
4513	0 0 1
4514	0 0 1
4515	0 0 1
4516	0 0 1
4517	1 0 0
4518	0 0 1
4519	0 1 0
4520	1 0 0
4521	1 0 0
4522	1 0 0
4523	0 1 0
4524	0 1 0
4525	1 0 0
4526	0 0 1
4527	1 0 0
4528	0 0 1
4529	1 0 0
4530	0 0 1
4531	0 0 1
4532	1 0 0
4533	0 1 0
4534	0 1 0
4535	0 0 1
4536	0 1 0
4537	1 0 0
4538	0 0 1
4539	0 1 0
4540	0 1 0
4541	1 0 0
4542	0 1 0
4543	0 1 0
4544	1 0 0
4545	0 1 0
4546	1 0 0
4547	0 1 0
4548	1 0 0
4549	0 1 0
4550	0 1 0
4551	0 0 1
4552	0 1 0
4553	0 1 0
4554	0 0 1
4555	0 0 1
4556	0 1 0
4557	0 1 0
4558	0 0 1
4559	1 0 0
4560	0 1 0
4561	0 0 1
4562	0 0 1
4563	1 0 0
4564	0 1 0
4565	0 1 0
4566	0 1 0
4567	1 0 0
4568	0 0 1
4569	0 0 1
4570	0 1 0
4571	1 0 0
4572	1 0 0
4573	1 0 0
4574	1 0 0
4575	1 0 0
4576	1 0 0
4577	1 0 0
4578	0 1 0
4579	0 1 0
4580	1 0 0
4581	0 0 1
4582	1 0 0
4583	0 1 0
4584	0 1 0
4585	0 0 1
4586	0 1 0
4587	1 0 0
4588	1 0 0
4589	0 0 1
4590	0 1 0
4591	1 0 0
4592	0 1 0
4593	0 1 0
4594	0 0 1
4595	0 0 1
4596	0 0 1
4597	1 0 0
4598	0 0 1
4599	0 0 1
4600	1 0 0
4601	1 0 0
4602	0 1 0
4603	1 0 0
4604	0 0 1
4605	0 1 0
4606	0 1 0
4607	1 0 0
4608	0 1 0
4609	0 0 1
4610	1 0 0
4611	0 1 0
4612	1 0 0
4613	1 0 0
4614	0 0 1
4615	0 0 1
4616	0 0 1
4617	1 0 0
4618	0 1 0
4619	1 0 0
4620	0 1 0
4621	0 1 0
4622	0 1 0
4623	0 1 0
4624	0 1 0
4625	0 0 1
4626	0 1 0
4627	0 1 0
4628	0 0 1
4629	0 1 0
4630	0 1 0
4631	1 0 0
4632	0 1 0
4633	1 0 0
4634	0 1 0
4635	1 0 0
4636	1 0 0
4637	1 0 0
4638	0 1 0
4639	1 0 0
4640	0 1 0
4641	0 0 1
4642	0 1 0
4643	1 0 0
4644	1 0 0
4645	0 0 1
4646	1 0 0
4647	0 0 1
4648	0 1 0
4649	1 0 0
4650	0 0 1
4651	1 0 0
4652	0 1 0
4653	1 0 0
4654	1 0 0
4655	0 0 1
4656	0 0 1
4657	0 1 0
4658	0 1 0
4659	0 0 1
4660	1 0 0
4661	1 0 0
4662	1 0 0
4663	1 0 0
4664	1 0 0
4665	1 0 0
4666	1 0 0
4667	0 1 0
4668	1 0 0
4669	0 1 0
4670	0 0 1
4671	1 0 0
4672	0 1 0
4673	0 1 0
4674	1 0 0
4675	1 0 0
4676	1 0 0
4677	0 0 1
4678	0 0 1
4679	0 0 1
4680	0 1 0
4681	1 0 0
4682	1 0 0
4683	1 0 0
4684	0 1 0
4685	0 0 1
4686	0 0 1
4687	1 0 0
4688	0 1 0
4689	1 0 0
4690	1 0 0
4691	1 0 0
4692	0 0 1
4693	1 0 0
4694	0 0 1
4695	0 0 1
4696	0 0 1
4697	0 0 1
4698	0 0 1
4699	0 1 0
4700	1 0 0
4701	0 0 1
4702	0 0 1
4703	0 1 0
4704	0 0 1
4705	0 1 0
4706	0 0 1
4707	0 1 0
4708	0 1 0
4709	1 0 0
4710	1 0 0
4711	0 0 1
4712	1 0 0
4713	0 1 0
4714	0 1 0
4715	0 0 1
4716	0 1 0
4717	0 1 0
4718	0 0 1
4719	0 1 0
4720	1 0 0
4721	0 1 0
4722	0 1 0
4723	1 0 0
4724	0 0 1
4725	0 0 1
4726	0 1 0
4727	1 0 0
4728	0 0 1
4729	0 1 0
4730	0 0 1
4731	1 0 0
4732	1 0 0
4733	1 0 0
4734	0 1 0
4735	0 0 1
4736	0 1 0
4737	0 0 1
4738	1 0 0
4739	0 0 1
4740	1 0 0
4741	0 1 0
4742	0 0 1
4743	0 1 0
4744	1 0 0
4745	0 1 0
4746	0 1 0
4747	1 0 0
4748	0 1 0
4749	1 0 0
4750	1 0 0
4751	0 0 1
4752	0 1 0
4753	0 1 0
4754	0 1 0
4755	0 0 1
4756	0 0 1
4757	0 1 0
4758	0 1 0
4759	1 0 0
4760	1 0 0
4761	1 0 0
4762	0 1 0
4763	0 1 0
4764	0 1 0
4765	1 0 0
4766	0 1 0
4767	1 0 0
4768	0 1 0
4769	1 0 0
4770	0 0 1
4771	1 0 0
4772	0 0 1
4773	1 0 0
4774	0 0 1
4775	1 0 0
4776	0 1 0
4777	0 1 0
4778	0 1 0
4779	0 1 0
4780	1 0 0
4781	0 0 1
4782	0 1 0
4783	1 0 0
4784	1 0 0
4785	0 0 1
4786	1 0 0
4787	0 0 1
4788	0 0 1
4789	0 1 0
4790	0 0 1
4791	1 0 0
4792	0 0 1
4793	0 1 0
4794	1 0 0
4795	0 0 1
4796	0 1 0
4797	0 0 1
4798	1 0 0
4799	1 0 0
4800	1 0 0
4801	1 0 0
4802	0 0 1
4803	0 0 1
4804	0 1 0
4805	0 0 1
4806	0 0 1
4807	1 0 0
4808	0 0 1
4809	0 1 0
4810	0 1 0
4811	0 0 1
4812	0 0 1
4813	1 0 0
4814	0 1 0
4815	1 0 0
4816	0 1 0
4817	0 1 0
4818	1 0 0
4819	0 1 0
4820	1 0 0
4821	1 0 0
4822	0 1 0
4823	0 1 0
4824	0 1 0
4825	0 1 0
4826	0 0 1
4827	1 0 0
4828	0 0 1
4829	1 0 0
4830	1 0 0
4831	0 0 1
4832	0 0 1
4833	0 0 1
4834	0 1 0
4835	1 0 0
4836	0 1 0
4837	0 0 1
4838	0 0 1
4839	0 0 1
4840	0 1 0
4841	0 0 1
4842	0 0 1
4843	1 0 0
4844	0 0 1
4845	0 1 0
4846	0 1 0
4847	1 0 0
4848	0 0 1
4849	1 0 0
4850	0 0 1
4851	0 1 0
4852	0 0 1
4853	0 0 1
4854	0 1 0
4855	0 0 1
4856	0 0 1
4857	1 0 0
4858	0 0 1
4859	0 0 1
4860	0 1 0
4861	1 0 0
4862	0 1 0
4863	0 0 1
4864	0 0 1
4865	0 0 1
4866	0 1 0
4867	0 1 0
4868	0 1 0
4869	0 0 1
4870	0 0 1
4871	1 0 0
4872	1 0 0
4873	0 1 0
4874	1 0 0
4875	0 1 0
4876	0 1 0
4877	0 1 0
4878	0 1 0
4879	0 0 1
4880	1 0 0
4881	1 0 0
4882	0 1 0
4883	1 0 0
4884	0 1 0
4885	1 0 0
4886	1 0 0
4887	0 1 0
4888	0 0 1
4889	1 0 0
4890	0 0 1
4891	0 0 1
4892	0 0 1
4893	0 1 0
4894	0 1 0
4895	1 0 0
4896	0 1 0
4897	0 1 0
4898	1 0 0
4899	1 0 0
4900	0 0 1
4901	0 0 1
4902	1 0 0
4903	0 0 1
4904	1 0 0
4905	0 0 1
4906	0 0 1
4907	1 0 0
4908	1 0 0
4909	0 0 1
4910	0 0 1
4911	1 0 0
4912	0 0 1
4913	0 0 1
4914	1 0 0
4915	0 1 0
4916	0 1 0
4917	0 0 1
4918	0 1 0
4919	0 1 0
4920	1 0 0
4921	1 0 0
4922	0 0 1
4923	0 0 1
4924	1 0 0
4925	0 0 1
4926	0 1 0
4927	0 1 0
4928	0 0 1
4929	0 0 1
4930	1 0 0
4931	0 0 1
4932	0 0 1
4933	0 1 0
4934	0 1 0
4935	1 0 0
4936	0 0 1
4937	0 0 1
4938	0 0 1
4939	0 1 0
4940	0 0 1
4941	0 0 1
4942	1 0 0
4943	0 0 1
4944	0 0 1
4945	1 0 0
4946	0 1 0
4947	0 0 1
4948	1 0 0
4949	0 1 0
4950	0 1 0
4951	0 0 1
4952	0 1 0
4953	1 0 0
4954	1 0 0
4955	1 0 0
4956	1 0 0
4957	0 1 0
4958	0 0 1
4959	0 0 1
4960	0 0 1
4961	0 1 0
4962	0 1 0
4963	0 1 0
4964	0 1 0
4965	0 0 1
4966	1 0 0
4967	0 1 0
4968	0 1 0
4969	0 0 1
4970	0 1 0
4971	0 0 1
4972	0 0 1
4973	0 0 1
4974	0 1 0
4975	0 1 0
4976	0 1 0
4977	0 1 0
4978	0 1 0
4979	0 1 0
4980	0 0 1
4981	0 1 0
4982	0 1 0
4983	0 1 0
4984	1 0 0
4985	0 0 1
4986	0 0 1
4987	0 0 1
4988	0 1 0
4989	0 1 0
4990	0 0 1
4991	0 1 0
4992	0 0 1
4993	0 1 0
4994	1 0 0
4995	1 0 0
4996	0 1 0
4997	0 1 0
4998	0 1 0
4999	0 0 1
